8888888888888888888888888888888888888888888888888888666666666666688888888888886688888888888888888888888888888888888888888888888888888888888888888888888888888888888888888666677766666688888888888888888888888888888888888888888888888888888888866666666688888888
8888888888888888888888888888886666666688888888888888888886666666677666688888888888888888886668888888888888888888888888888888888888888888888888888888888888888888888888888666677766666668888888888888888888888888888888888888888888888888888888866666666688888888
8888888888888888888888888888886666666688888888888888888886886666677666688888888888888888886668888888888888888888888888888888888888888888888888888888888888888888888888888666667766666668888888888888888888888888888888888888888888888888888888866666666668888888
8888888888888888888888888888886666668888888888888888888888888866677666668888888888888888888888888888888888888888888888888888888888888888888888888888888888888888888888888666667777666666888888888888888888888888888888888888888888888888888888866666666666888888
8888888888888888888888888888866666888888888888888888888888888866667776666888888888888888888888888888888888888888888888888888888888888888888888888888888888888888888888888666666777666666668888888888888888888888888888888888888888888888888888866666666666668888
8888888888888888888888888888866666888888888888888888888888888888666666666668888888888888888888888888888888888888888888888888888888888888888888888888888888888888888888888666666666777777666888888888888888888888888888888888888888888888888888888888666666668888
6888888888888888888888888888666888888888888888888888888888888888866667776666888888888888888888888888888888888888888888888888888888888888888888888888888888888888888888888666666666677777666668888888888888888888888888888888888888888888888888888888866666666688
6888888888888888888888888888668888888888888888888888888888888888886666777666688888888888888888888888888888888888888888888888888888888888888888888888888888888888888888886666666666666666777766666688888888888888888888888888888888888888888888888888886667666688
7666688888888888888888886888888888888888888888888888888888888888888666667766666666668888888888888888888888888888888888888888888888888888888888888888888888888888888888888666666666666666777766666668888888888888888888888888888888888888888888888888888666666688
7666666888888888888866666888888888888888888888888888888888888888888666667766666666668888888888888888888888888888888888888888888888888888888888888888888888888888888888888888888888866666666777766666888888888888888888888888888888888888888888888888888666666668
7777666666668888866666668888888888888888888888888888888888888888888866666677766666668888888888888888888888888888888888888888888888888888888888888888888888888888888888888888888888888666666677776666888888888888888888888888888888888888888888888888888666666668
7777776666666666666666668888888888888888888888888888888888888888888866666677777666668888888888888888888888888888888888888888888888888888888888888888888888888888888888888888888888888888866667766666668888888888888888888888888888888888888888888888888888666666
7777777766666666666667668888888888888888888888888888888888888888888866666677777666668888888888888888888888888888888888888888888888888888888888888888888888888888888888888888888888888888888666666777666688888888888888888888888888888888888888888888888888866666
7777777777766667777777668888888888888888888888888888888888888888888666666677777666668888888888888888888888888888888888888888888888888888888888888888888888888888888888888888888888888888888866666677666666668888888888888888888888888888888888888888888888886666
6667777777777777776676668888888888888888888888888888888888888888886666666677777766666888888888888888888888888888888888888888888888888888888888888888888888888888888888888888888888888888888888866666666666666666668888888888888888888888888888888888888888886667
6666667777777777766666668888888888888888888888888888888888888888866666677777777776666688888888888888888888888888888888888888888888888888888888888888888888888888888888888888888888888888888888888666666666776666668888888888888888888888888888888888888888886667
6666666777777777666666688888888888888888888888888888888888888888666666677777777776666668888888888888888888888888888888888888888888888888888888888888888888888888888888888888888888888888888888888888666666777777668888888888888888888888888888888888888888886667
8866666677777766666666888888888888888888888888888888888888888886666666666666777777776666688888888888888888888888888888888888888888888888888888888888888888888888888888888888888888888888888888888888886666677777666888888888888888888888888888888888888888886666
8886666667777766666668888888888888888888888888888888888888888886666666666666677777777666666888888888888888888888888888888888888888888888888888888888888888888888888888888888888888888888888888888888888886667777666666888888888888888888888888888888888888866666
8888886666777766666688888888888888888888888888888888888888888888666666666666666677777666666668888888888888888888888888888888888888888888888888888888888888888888888888888888888888888888888888888888888888866666677776668888888888888888888888888888888886666666
8888888866667766666888888888888888888888888888888888888888888888886666666666666667777777776666666888888888888888888888888888888888888888888888888888888888888888888888888888888888888888888888888888888888886666666776666888888888888888888888888888888866666666
8888888886667766666888888888888888888888888888888888888888888888886666666666666666667777776666666688888888888888888888888888888888888888888888888888888888888888888888888888888888888888888888888888888888888866666666666688888888888888888888888888886666666666
8888888886666666666888888888888888888888888888888888888888888888888668888888666666666777777766666668888888888888888888888888888888888888888888888888888888888888888888888888888888888888888888888888888888888886666666666666888888888888888888888888866666666667
8888888888666666688888888888888888888888888888888888888888888888888888888888888888666666777776666666668888888888888888888888888888888888888888888888888888888888888888888888888888888888888888888888888888888888866666666666888888888888888888888888666666666667
8888888888666666688888888888888888888888888888888888888888888888888888888888888888866666666667777666666688888888888888888888888888888888888888888888888888888888888888888888888888888888888888888888888888888888888886666666888888888888888888888888666666666677
8888888888666666888888888888888888888888888888888888888888888888888888888888888888888666666667777666666666668888888888888888888888888888888888888888888888888888888888888888888888888888888888888888888888888888888888666666688888888888888888888888666666677777
8888888888666666888888888888888888888888888888888888888888888888888888888888888888888886666666777766666666666888888888888888888888888888888888888888888888888888888888888888888888888888888888888888888888888888888888886666688888888888888888888888666666677777
8888888886666668888888888888888888888888888888888888888888888888888888888888888888888888666666677777776666666666688888888888866666688888888888888888888888888888888888888888888888888888888888888888888888888888888888886666688888888888888888888888886666666777
8888888886666688888888888888888888888888888888888888888888888888888888888888888888888888888666666777777777766666666666666666666666668888888888888888888888888888888888888888888888888888888888888888888888888888888888888688888888888888888888888888888666666777
8888886666668888888888888888888888888888888888888888888888888888888888888888888888888888888866666667777777766666666666666666666666688888888888888888888888888888888888888888888888888888888888888888888888888888888888888888888888888888888888888888888866666667
8888886666668888888888888888888888888888888888888888888888888888888888888888888888888888888888666667777777766666666666666666666666688888888888888888888888888888888888888888888888888888888888888888888888888888888888888888888888888888888888888888888886666666
8888866668888888888888888888888888888888888888888888888888888888888888888888888888888888888888866666667777777777666666667777766666888888888888888888888888888888888888888888888888888888888888888888888888888888888888888888888888888888888888888888888886666666
8886666688888888888888888888888888888888888888888888888888888888888888888888888888888888888888886666667777777777777766667777766666888888888888888888888888888888888888888888888888888888888888888888888888888888888888888888888888888888888888888888888886666666
8866666688888888888888888888888888888888888888888888888888888888888888888888888888888888888888886666667777777777777777777777666668888888888888888888888888888888888888888888888888888888888888888888888888888888888888888888888888888888888888888888888886666667
8666668888888888888888888888888888888888888888888888888888888888888888888888888888888888888888886666666667777777777777777666666688888888888888888888888888888888888888888888888888888888888888888888888888888888888888888888888888888888888888888888888886666667
8666668888888888888888888888888888888888888888888888888888888888888888888888888888888888888888888866666667777777777777776666666688888888888888888888888888888888888888888888888888888888888888888888888888888888888888888888888888888888888888888888888886666777
6776688888888888888888888888888888888888888888888888888888888888888888888888888888888888888888888886666666677777777777666666666888888888888888888888888888888888888888888888888888888888888888888888888888888888888888888888888888888888888888888888888866666777
7766688888888888888888888888888888888888888888888888888888888888888888888888888888888888888888888886666666677777777777666666668888888888888888888888888888888888888888888888888888888888888888888888888888888888888888888888888888888888888888888888888666677776
7666888888888888888888888888888888888888888888888888888888888888888888888888888888888888888888888886666666677777777776666666688888888888888888888888888888888888888888888888888888888888888888888888888888888888888888888888888888888888888888888888886666677766
7666688888888888888888888888888888888888888888888888888888888888888888888888888888888888888888888886666667777777777766666666688888888888888888888888888888888888888888888888888888888888888888888888888888888888888888888888888888888888888888888888866666776666
7666688888888888888888888888888888888888888888888888888888888888888888888888888888888888888888888886666667777777777766666666688888888888888888888888888888888888888888888888888888888888888888888888888888888888888888888888888888888888888888888888666777766666
6666668888888888888888888888888888888888888888888888888888888888888888888888888888888888888888888886666677777777777777666666688888888888888888888888888888888888888888888888888888888888888888888888888888888888888888888888888888888888888888888886666777666688
6667766888888888888888888888888888888888888888888888888888888888888888888888888888888888888888888866666677777777777777666666688888888888888888888888888888888888888888888888888888888888888888888888888888888888888888888888888888888888888888888886667766666688
8666766668888888888888888888888888888888888888888888888888888888888888888888888888888888888888888866666777777777777777776666688888888888888888888888888888888888888888888888888888888888888888888888888888888888888888888888888888888888888888888666666666688888
8886777666888888888888888888888888888888888888888888888888888888888888888888888888888888888888888666667777777777777777776666668888888888888888888888888888888888888888888888888888888888888888888888888888888886668888888888888888888888888888866667766666688888
8886666766688888888888888888888888888888888888888888888888888888888888888888888888888888888888866666777777666666666777777766666688888888888888888888888888888888888888888888888888888888888888888888888888888866668888888888888888888888888888666777666668888888
8888886667768888888888888888888888888888888888888888888888888888888888888888888888888888888888866667777776666666666677777776666666888888888888888888888888888888888888888888888888888888888888888888888888888666668888888888888888888888888666667766666888888888
8888888666666666688888888888888888888888888888888888888888888888888888888888888888888888888888666667777776666666666666667777666666688888888888888888888888888888888888888888888888888888888888888888888888886666666888888888888888888888866666776666668888888888
8888888886667666668888888888888888888888888888888888888888888888888888888888888888888888886666667776666666666666666666667777766666688888888888888888888888888888888888888888888888888888888888888888888888866666666668888888888888888886666677766666888888888888
8888888888667766666688888888888888888888888888888888888888888888888888888888888888888888886666677776666666688888888886666677766666666688888888888888888888888888888888888888888888888888888888888888888888666677666666688888888888888666677766666668888888888888
8888888888866677766666668888888888888888888888888888888888888888888888888888888888888888866777766666688888888888888888886666677776666668888888888888888888888888888888888888888888888888888888888888888666666777766666666688888888666666777766666688888888888888
8888888888888677776666666888888888668888888888888888888888888888888888888888888888888886666777766668888888888888888888888666667777666666888888888888888888888888888888888888888888888888888888888888666666667777766666666666666666666667776666666888888888888888
8888888888888666666666666666888886666888888888888888888888888888888888888888888888886666666666668888888888888888888888888866666677766666686888888888888888888888888888888888888888888888888888886666666667777777777777777666666666677777766666666688888888888888
8888888888888866666777766666666666666888888888888888888888888888888888888888888888866777776666688888888888888888888888888866666667777666666688888888888888888888888888888888888888888888888888886666666666666666666667777777777777777776666666666688888888888888
8888888888888888666667777766666666666668888888888888888888888888888888888888888866667777766666888888888888888888888888888888666666777776666666888888888888888888888888888888888888888888888666666667777666666666666666777777777777777666666666666668888888888888
8888888888888888866666677777766666666666888888888888888888888888888888888888888877777666666668888888888888888888888888888888886666667777666666668888888888888888888888888888888888888888888866666667777666666666666666666777777777666666666666666668888888888888
8888888888888888886666667777777666666666668888888888888888888888888888888886666677777666668888888888888888888888888888888888888866666677666666666666688888888888888888888888888888888888666666677776666666888888888866666666777776666666888888888888888888888888
8888888888888888888886666677777777766666666666688888888888888888888888666667777766666666888888888888888888888888888888888888888886666666777776666666688888888888888888888888888888888886666666677666666888888888888888666666677766666688888888888888888888888888
8888888888888888888888666666777777776666666666666888886668888888888866677777777766668888888888888888888888888888888888888888888888888666677776666666668888888888888888888888888888888866666777776668888888888888888888866666776666666888888888888888888888888888
8888888888888888888888866666777777777777777776666666888888888888866666777777666666688888888888888888888888888888888888888888888888888886666776666666666666888888888888888888888888666666666777666688888888888888888888888666776666688888888888888888888888888888
8888888888888888888888888666677777777777777776666666666666668888866666666666666668888888888888888888888888888888888888888888888888888888666676667777666666666688888888888888888886666677777666666888888888888888888888888866666666688888888888888888888888888888
8888888888888888888888888666677777777777666666668888888888888888888888666666666668888888888888888888888888888888888888888888888888888888866666667777666666666666888888888888866666666677777666688888888888888888888888888666666668888888888888888888888888888666
8888888888888888888888888666677777766666666668888888888888888888888888886866666668888888888888888888888888888888888888888888888888888888886666667777777666666666888888888866666666666677666668888888888888888888888888888666666888888888888888888888888888886666
8888888888888888888888888666677777766666666688888888888888888888888888888888666688888888888888888888888888888888888888888888888888888888888666666776777777666666666666666666666677777776666688888888888888888888888888888666666888888888888888888888888888888666
8888888888888888888888888667777776666666688888888888888888888888888888888888888888888888888888888888888888888888888888888888888888888888888866666666677777666666666666666666666677777666666888888888888888888888888888888666688888888888888888888888888888888866
8888888888888888888888886667777666666668888888888888888888888888888888888888888888888888888888888888888888888888888888888888888888888888888888666666677777777777666666666677777777777666668888888888888888888888888888886666888888888888888888888888888888888888
8888888888888888888888886667777666666888888888888888888888888888888888888888888888888888888888888888888888888888888888888888888888888888888888888666776677777777666666666777777776666666888888888888888888888888888888888668888888888888888888888888888888888888
8888888888888888888888866667766666668888888888888888888888888888888888888888888888866888888888888888888888888888888888888888888888888888888888888866666667777777777666677777777776666668888888888888888888888888888888888888888888888888888888888888888888888888
8888888888888888888888666677666666888888888888888888888888888888888888888888888888886688888888888888888888888888888888888888888888888888888888888886666666677777777777777777776666666888888888888888888888888888888888888888888888888888888888888888888888888888
8888888888888888888886666776666666888888888888888888888888888888888888888888888888886666888888888888888888888888888888888888888888888888888888888888866666666777777777777777766666668888888888888888888888888888888888888888888888888888888888888888888888888888
8888888888888888888866666666666666888888888888888888888888888888888888888888888888886666888888888888888888888888888888888888888888888888888888888888866666666777777777777777666666668888888888888888888888888888888888888888888888888888888888888888888888888888
8888888888888888888866677666666666888888888888888888888888888888888888888888888888888866888888888888888888888888888888888888888888888888888888888888886666666677777777777777666666688888888888888888888888888888888888888888888888888888888888888888888888888888
8888888888888888888666666666666668888888888888888888888888888888888888888888888888888888888888888888888888888888888888888888888888888888888888888888886666666667777777777766666666688888888888888888888888888888888888888888888888888888888888888888888888888888
8888888888888888888666666666666688888888888888888888888888888888888888888888888888888888888888888888888888888888888888888888888888888888888888888888886666666667777777777777666666688888888888888888888888888888866888888888888888888888888888888888888888888888
8888888888888888866776666666666888888888888888888888888888888888888888888888888888888888888888888888888888888888888888888888888888888888888888888888886666666777777777777777766666688888888888888888888888888866668888888888888888888888888888888888888888888888
8888888888888888886776668888888888888888888888888888888888888888888888888888888888888888886688888888888888888888888888888888888888888888888888888888886666677777777777777777766666668888888888888888888888888666688888888888888888888888888888888888888888888888
8888888886666666688888888888888888888888888888888888888888888888888888888888888888888888886688888888888888888888888888888888888888888888888888888888866666777777777777777777776666668888888888888888888888888666888888888888888888888888888888888888888888888888
8888888666666666688888888888888888888888888888888888888888888888888888888888888888888888888888888888888888888888888888888888888888888888888888888886666666777777777777777777777776666888888888888888888888888888888888888888888888888888888888888888888888888888
8888886666667766888888888888888888888888888888888888888888888888888888888888888888888888888888888888888888888888888888888888888888888888888888888886666777777777777776777666777776666688888888888888888888888888888888888888888888888888888888888888888888888888
6666666666677766888888888888888888888888888888888888888888888888888888888888888888888888888888888888888888888888888888888888888888888888888888868666667777777777777766666666666677766666688888888888888888668888888888888888888888888888888888888888888888888888
6666666667777688888888888888888888888888888888888888888888888888888888888888888888888888888888888888888888888888888888888888888888888888888888666666677777777777666666666666666666666666666888888888888686668888888888888888888888888888888888888888888888888888
6666666666666688888888888888888888888888888888888888888888888888888888888888888888888888888888888888888888888888888888888888888888888888888888666667777777777777666666666666666666666666666888888888886666668888888888888888888888888888888888888888888888888888
6666777777666888888888888888888888888888888888888888888888888888888888888888888888888888888888888888666888888888888888888888888888888888888886666677777776666666666666666666666666666666666688888886666666668888888888888888888888888888888888888888888888888888
7777777776666888888888888888888888888888888888888888888888888888888888888888888888888888888888888888888888888888888888888888888888888888886666677777777777666666666666666666666666666866666666686666666666668888888888888888888888888888888888888888888888888888
7777777666666688888888888888888888888888888888888888888888888888888888888888888888888888888888888888888888888888888888888888888888888888666667777766666777666666666666666668888888888866866666666666677666668888888888888888888888888888888888888888888888888886
7777777666666688888888888888888888888888888888888888888888888888888888888888888888888888888888888888888888888666688888888888888888888886666666666666666666666666666666668888888888888888866688667777777666668888888888888888888888888888888888888888888888888866
7777777666666688888888888888888888888888888888888888888888888888888888888888888888888888888888888888888888888886688888888888888888886666667766666666666666666666666666888888888888888888888688666677777776666888888888888888888888888888888888888888888888888866
7777777766666668888888888888888888888888888888888888888888888888888888888888888888888888888888888888888888888866666688888888888888666666666668888888888886666666666688888888888888888888888888866666777776666668888888888888888888888888888888888888888888888666
7777777777666666888888888888888888888888888888888888888888888888888888888888888888888888888888888888888888888886666668888866666666667776688888888888888888866666688888888888888888888888888888866666777777766666888888888888888888888888888888888888888888866666
7777777777666666688888888888888888888888888888888888888888888888888888888888888888888888888888888888888888888888666666666666666666677666888888888888888888886868688888888888888888888888888888888666677777777666666688888888888888888888888888888888888666666666
7777777777777666666888888888888888888888888888888888866668888888888888888888888888888888888888888888888888888888866666666666666777776668888888888888888888886888888888888888888888888888888888888886666667777666666668888888888888888888888888888888886666667666
7766666677777666666688888888888888888888888888888888666668888888888888888888888888888888888888888888888888888888888666666666666777668888888888888888888888888888888888888888888888888888888888888886666666777666676668888888888888888888888888888888866777777666
7776666666666666666668888888888888888888888888888888666668888888888888888888888888888888888888888888888888888888888666666777777766688888888888888888888888888888888888888888888888888888888888888888666666666777776666888888888888888888888888888866666777776668
7776666666666666666666668888888888888888888888888886688888888888888888888888888888888888888888888888888888888888888886666677777666688888888888888888888888888888888888888888888888888888888888888888888666666677776666888668888888888888888888666666677777666668
6666666666666666666666666668888888888888888888888666688888888888888888888888888888888888888888888888888888888888888888886677766668888888888888888888888888888888888888888888888888888888888888888888888886666666777777666668888866666886666666666666677777666668
6666666666666688866666666666666688888888888888866668888888888888888888888888888888888888888888888888888888888888888888888667666688888888888888888888888888888888888888888888888888888888888888888888888888886666667777777666668866668866666666666677777666666688
6666666668888888888866666666666688888888888888886668888888888888888888888888888888888888888888888888888888888888888888888666668888888888888888888888888888888888888888888888888888888888888888888888888888886666667777777776666666668866666666666777777666666668
6666668888888888888886666666666666666888888888886888888888888888888888888888888888888888888888888888888888888888888888888666668888888888888888888888888888888888888888888888888888888888888888888888888888888666667777777666666666666666666677777777777666666668
6666688888888888888888666666666666666666666688888888888888888888888888888888888888888888888888888888888888888888888888888666668888888888888888888888888888888888888888888888888888888888888888888888888888888666666666666666666666666777777777777777777777666666
6668888888888888888888888888666667766666666888888888888888888888888888888888888888888888888888888888888888888888888888886666666888888888888888888888888888888888888888888888888888888888888888888888888888886666666666666888888888888886667667777777777777666666
8888888888888888888888888888866667777666666888888888888888888888888888888888888888888888888888888888888888888888888888866666666888888888888888888888888888888888888888888888888888888888888888888888888888886666666666668888888888888888677667777777777777676666
8888888888888888888888888888866666666666666688888888888888888888888888888888888888888888888888888888888888888888888888666666666888888888888888888888886888888888888888888888888888888888888888888888888888666666666668888888888888888888666666666677777777776666
8888888888888888888888888888888666666677666668888888888888888888888888888888888888888888888888888888888888888888888886776666666888888888888888888888866666888888888888888888888888888888888888888888888886666666688888888888888888888888886666666667777777777776
8888888888888888888888888888888886666677776666688888888888888888888888888888888888888888888888888888888888888888888866776666666688888888888888888888666766888888888888888888888888888888888888888888888886666688888888888888888888888888888866666666666777777777
8888888888888888888888888888888888866666777766688888888888888888888888888888888888888888888888888888888888888888886667776666666666888888888888888886777766668888888888888888888888888888888888888888888886668888888888888888888888888888888888666666666777777777
8888888888888888888888888888888888888866677776668888888888888888888888888888888888888888888888888888888888888888866677776666666666688888888888888887777766666888888888888888888888888888888888888888888888888888888888888888888888888888888888886666666667777777
8888888888888888888888888888888888888886666666666888888888888888888888888888888888888888888888888888888888888888666677776666666666688888888888888886666666666688888888888888888888888888888888888888888888888888888888888888888888888888888888888866666667777777
8888888888888888888888888888888888888886666667766688888888888888888888888888888888888888888888888888888888888888677776666666688688888888888888888888866666666688888888888888888888888888888888888888888888888888888888888888888888888888888888888866666666777777
8888888888888888888888888888888888888888666666666666888888888888888888888888888888888888888888888888888888888866677766666666888888888888888888888888886666666666688888888888888888888888888888888888888888888888888888888888888888888888888888888888666666677777
8888888888888888888888888888888888888888888666666766666888888888888888888888888888888888888888888888888888866667777666666688888888888888888888888888888888866666668888888888888888888888888888888666688888888888888888888888888888888888888888888888866666667777
8888888888888888888888888888888888888888888666666676666888888888888888888888888888888888888888888888888888666677766666666888888888888888888888888888888888886666666668888888888888888888888888888666688888888888888888888888888888888888888888888888888666667777
8888888888888888888888888888888888888888888886666667666888888888888888888888888888888888888888888888888886667777666666688888888888888888888888888888888888888886677766888888888888888888888888888888888888888888888888888888888888888888888888888888888866667777
8888888888888888888888888888888888888888888888866677766668888888888888888888888888888888888888888888888666677776666688888888888888888888888888888888888888888888666666668888888888888888888888888888888888888888888888888888888888888888888888888888888886667766
8888888888888888888888888888888888888888888888886666677666668888888888888888888888888888888888888886666666777666666888888888888888888888888888888888888888888888886667666688888888888888886666688888888888888888888888888888888888888888888888888888888888666666
8888888888888888888888888888888888888888888888888886677666666888888888888888888888888888888888886666666666777666688888888888888888888888888888888888888888888888888667766666668888888888886666688888888888888888888888888888888888888888888888888888888888866666
8888888888888888888888888888888888888888888888888888666666666666888888888888888888888888888888866666666777666668888888888888888888888888888888888888888888888888888866666666666888888888666666688888888888888888888888888888888888888888888888888888888888866676
8888888888888888888888888888888888888888888888888888866666776666666688888888888888888888888886666666667777666688888888888888888888888888888888888888888888888888888886667766666666888886666666688888888888888888888888888888888888888888888888888888888888866676
8888888888888888888888888888888888888888888888888888888666666666666666888888888888888888886666666667777766666888888888888888888888888888888888888888888888888888888886667777666666666666666666688888888888888888888888888888888888888888888888888888888888666676
8888888888888888888888888888888888888888888888888888888866666667766666666668888888888888866666666677776666668888888888888888888888888888888888888888888888888888888886666677777777766666666666688888888888888888888888888888888888888888888888888888888888666677
8888888888888888888888888888888888888888888888888888888866666667777666666666666888886666666666677777776666688888888888888888888888888888888888888888888888888888888886666677777777776666666666688888888888888888888888888888888888888888888888888888888886666777
8888888888888888888888888888888888888888888888888888888888866666667776666666666666666666666666777777666666688888888888888888888888888888888888888888888888888888888886666677777766666666666666668888888888888888888888888888888888888888888888888888888866666777
8888888888888888888888888888888888888888888888888888888888888666666777666666666666666666667767777777666666688888888888888888888888888888888888888888888888888888888886666677666666666666666666666688888888888888888888888888888888888888888888888888888666667777
6668888888888888888888888888888888888888888888888888888888888886666677777766766666666667777777777777666666688888888888888888888888888888888888888888888888888888888886666666666666688888888666666688888888888888888888888888888888888888888888888888866666777777
6668888888888888888888888888888888888888888888888888888888888888666666777777776666677777777777777777766666688888888888888888888888888888888888888888888888888888888888667666666666888888888888866666668888888888888888888888888888888888888888888888666667777777
6666688888888888888888888888888888888888888888888888888888888888866666677777777777777777777777777777777666668888888888888888888888888888888888888888888888888888888888666666668888888888888888888666668888888888888888888888888888888888888888888886666667777777
8866688888888888888888888888888888888888888888888888888888888888866666666677777777777777777777766666666666668888888888888888888888888888888888888888888888888888888886666666668888888888888888888866666688888888888888888888888888888888888888888866677777666667
8888886688888888888888888888888888888888888888888888888888888888866666666677777777777777777777766666666666666888888888888888888888888888888888888888888888888888888886666668888888888888888888888886666668888888888888888888888888888888888888888666677776666667
8888886666668888888888888888888888888888888888888888888888888888886666666666777777777777777666666666666666666688888888888888888888888888888888888888888888888888888866666888888888888888888888888888888866888888888888888888888888888888888888888666666666666666
8888888866888888888888888888888888888888888888888888888888888888886666666666777777777777766666666666666666666666668888888888888888888888888888888888888888888888888666668888888888888888888888888888888866688888888888888888888888888888888888886666666666666666
8888888886888888888888888888888888888888888888888888888888888888886666666667777777777777666666666666666666888888666668888888888888888888888888888888888888888888886666668888888888888888888888888888888886666666888888888888888888888888888888888866666666666666
8888888888888668888888888888888888888888888888888888888888888888886666666677777777777777666666666666688888888888666666688888888888888888888888888888888888888888866666888888888888888888888888888888888888666666888888888888888888888888888888888888888888886666
8888888888888866688888888888888888888888888888888888888888888888886666666677777777776666666666688888888888888888886666666688888888888888888888888888888888888888666688888888888888888888888888888888888888868666666688888888888888888888888888888888888888888888
8888888888888886688888888888888888888888888888888888888888888888866666677777777776666666666668888888888888888888888886666666888888888888888888888888888888888888666688888888888888888888888888888888888888888888666766666666666666668888888888888888888888888888
8888888888888888666888888888888888888888888888888888888888888888666666677777777776666666666888888888888888888888888888666666888888888888888888888888888888888888668888888888888888888888888888888888888888888888666777666666666666666888888888888888888888888888
8888888888888888888888888888888888888888888888888888888888888886666666777777777666666666668888888888888888888888888888886888888888888888888888888888888888888888888888888888888888888888888888888888888888888888886666666777666666668888888888888888888888888888
8888888888888888888888888888888888888888888888888888888888888866666667777777777666666666888888888888888888888888888888888888888888888888888888888888888888888688888888888888888888888888888888888888888888888888888666667777666666668888888888888888888888888888
8888888888888888888888888888888888888888888888888888888888886666666777777776666666666688888888888888888888888888888888888888866668888888888888888888888866666688888888888888888888888888888888888888888888888888888886666777666668888888888888888888888888888888
8888888888888888888888888888888888888888888888888888888886666666666777777776666666666888888888888888888888888888888888888888886668888888888888888888886666666688888888888888888888888888888888888888888888888888888886666777666668888888888888888888888888888888
8888888888888888888888888868888888888888888888888888888866666666677777777766666666668888888888888888888888888888888888888888888666688888888888888888866666666688888888888888888888888888888888888888888888888888888888666666666688888888888888888888888888888888
8888888888888888888888888666888888888888888888888888886666666666777776666666666666688888888888888888888888888888888888888888888866666668888888888888866666666688888888888888888888888888888888888888888888888888888888666666668888888888888888888888888888888888
8888888888888888888888888886666688888888888888888888666666667777777766666666666666688888888888888888888888888888888888888888888888866666668888888866666666666668888888888888888888888888888888888888888888888888888888886666668888888888888888888888888888888888
8888888888888888888888888888666668888888888888888666666666677777777666666666666668888888888888888888888888888888888888888888888888886666666688886666666666666688888888888888888888888888888888888888888888888888888888886666668888888888888888888888888888888888
8888888888888888888888888888666666688666666666666666666667777777766666666666888888888888888888888888888888888888888888888888888888888666666666666666668888888888888888888888888888888888888888888888888888888888888888888666688888888888888888888888888888888888
8888888888888888888888888888666666666666666666666666667777777677666666888888888888888888888888888888888888888888888888888888888888888866666666666666688888888888888888888888888888888888888888888888888888888888888888888666688888888888888888888888888888888888
8888888888888888888888888888888666666666666666666666667777776666666668888888888888888888888888888888888888888888888888888888888888888886776666666668888888888888888888888888888888888888888888888888888888888888888888888666688888888888888888888888888888888888
8888888888888888888888888888888886666666666666666677777777666666666688888888888888888888888888888888888888888888888888888888888888888886666666666688888888888888888888888888888888888888888888888888888888888888888888888666668888888888888888888888888888888888
8888888888888888888888888888888888666666666666666677777776666666668888888888888888888888888888888888888888888888888888888888888888888888667766666688888888888888888888888888888888888888888888888888888888888888888888888666666888888888888888888888888888888888
8888888888888888888888888888888888666666777777777777777666666668888888888888888888888888888888888888888888888888888888888888888888888886667766666888888888888888888888888888888888888888888888888888888888888888888888888666666688888888888888888888888888888888
8888888888888888888888888888888888666666777777777777776666666888888888888888888888888888888888888888888888888888888888888888888888888886667766666888888888888888888888888888888888888888888888888888888888888888888888888866666666888888888888888888888888888888
8888888888888888888888888888888888866666667777777777766666688888888888888888888888888888888888888888888888888888888888888888888888888886667766888888888888888888888888888888888888888888888888888888888888888888888888888888866666888888888888888888888888888888
8888888888888888888888888888888888866666667777777777766666888888888888888888888888888888888888888888888888888888888888888888888888888888666668888888888888888888888888888888888888888888888888888888888888888888888888888888888886888888888888888888888888888888
8888888888888888888888888888888888866666667777777776666668888888888888888888888888888888888888888888888888888888888888888888888888888888666668888888888888888888888888888888888888888888888888888888888888888888888888888888888888888888888888888888888888888888
8888888888888888888888888888888888866666677777777766666668888888888888888888888888888888888888888888888888888888888888888888888888888888666668888888888888888888888888888888888888888888888888888888888888888888888888888888888888888888888888888888888888888888
8888888888888888888888888888888888666666777777777766666688888888888888888888888888888888888888888888888888888888888888888888888888888886666668888888888888888888888888888888888888888888888888888888888888888888888888888888888888888888888888888888888888888888
8888888888888888888888888888888886666677777777777666666888888888888888888888888888888888888888888888668888888888888888888888888888888886666668888888888888888888888888888888888888888888888888888888888888888888888888888888888888888886668888888888888888888888
8888888888888888888888888888888866666677777777776666666888888888888888888888888888888888888888888888668888888888888888888888888888888886666668888888888888888888888888888888888888888888888888888888888886666666888888888888888888888886666888888888888888888888
8888888888888888888888888888888666666776666777776666666888888888888888888888888888888888888888888888888888888888888888888888888888888886666668888888888888888888888888888888888888888888888888888888888886666666888888888888888888888886666688888888888888888888
8888888888888888888888888888888666677776666677777666666888888888888888888888888888888888888888888888888888888888888888888888888888888866666666888888888888888888888888888888888888888666688888888888888866666668888888888888888888888888666688888888888888888888
8888888888888888888888888888886666666666666677777666666888888888888888888888888888888888888888888888888888888888888888888888888888886666666666668888888888888888888888888888888888888666668888888888888666666668888888888888888888888888666666688888888888888888
8888888888888888888888888866666666666666666666677766666888888888888888888888888888888888888888888888888888888888888888888888888888886666666666668888888888888888888888888888888888886666688888888888888877776666888888888888888888888888666666666888888888888888
8888888888888888888888888886666666888888886666667776666888888888888888888888888888888888888888888888888888888888888888888888888888866666777766666888888888888888888888888888888868886666688888888888888866777766666888888888888888888888866666666666666666666688
8888888888888888888888888676668888888888888888666677666888888888888888888888888888888888888888888888888888888888888888888888888888866666777766666688888888888888888888888888888866886666688888888888888886666676666688888888888888888888666666666666666666666688
8888888888888888888888886676668888888888888888666677666888888888888888888888888888888888888888888888888888888888888888888888888888666667777766666666888888888888888888888888866688888888888888888888888888886666776666688888888888888886666666667777776666888888
8888888888888888888866666666888888888888888888866667666688888888888888888888888888888888888888888888888888888888888888888888888888666667777776666666668888888888888888888888666688888888888888888888888888886666777766666888888888888866666666677777776666666888
8888888888888888666666666688888888888888888888886666666668888888888888888888888888888888888888888888888888888888888888888888888886666667777777776666666668888888888888888888888888888888888888888888888888888866666777666668888888888666666777777766666666888888
8888888888888888666667666688888888888888888888888666666666888888888888888888888888888888888888888888888888888888888888888888888666666667777777776666666666666668888888888888888888888888888888888888888888888886666777766666666666666666666777777766666668888888
8888888888888888667766668888888888888888888888888866666666688888888888888888888888888888888888888888888888888888888888888888666666666677777777777766666666666668888888888888888888888888888888888888888888888888866666677776666666666677777776666666688888888888
8888888888866666666766888888888888888888888888888886666666688888888888888888888888888888888888888888888888888888888888888866666666666677777777777777777666666668888888888888888888888888888888888888888888888888866666677776666666666677777776666668888888888888
8888886666666777766888888888888888888888888888888888666776666888888888888888888888888888888888888888888888888888888888888666666666667777777777777777777666666668888888888888888888888888888888888888888888888888886666667777777777777777777666666688888888888888
8888866666666666668888888888888888888888888888888888866776666888888888888888888888888888888888888888888888888888888888888666666667777777777777766666666666666888888888888888888888888888888888888888888888888888888886666667777777777777776666666888888888888888
8666666667777666688888888888888888888888888888888888866677766668888888888888888888888888888888888888888888888888888888886666666667777777777777766666666666668888888888888888888888888888888888888888888888888888888886666667777777777777766666688888888888888888
6666666667776666888888888888888888888888888888888888866677766668888888888888888888888888888888888888888888888888888888886666666667777777666666666666668888888888888888888888888888888888888888888888888888888888888888666667777777777766666666888888888888888888
6677777666666688888888888888888888888888888888888888866667776666688888888888888888888888888888888888888888888888888888866666666677777777666666666666888888888888888888888888888888888888888888888888888888888888888888866667777777777766666666888888888888888888
6777777666666888888888888888888888888888888888888888866667777666688888888888888888888888888888888888888888888888888888666666777777777766666666666688888888888888888888888888888888888888888888888888888888888888888888866666677777777776666666888888888888888888
7777776666668888888888888888888888888888888888888888866666777766668888888888888888888888888888888888888888888888888666666666777777777666666666666688888888888888888888888888888888888888888888888888888888888888888888866666677777777776666666888888888888888888
7777776666888888888888888888888888888888888888888888866666777777666888888888888888888888888888888888888888888888886666666667777777776666666666888888888888888888888888888888888888888888888888888888888888888888888888866666677777777776666666888888888888888888
7766666688888888888888888888888888888888888888888888866667777777666688888888888888888888888888888888888888888888666666666777777777766666666688888888888888888888888888888888888888888888888888888888888888888888888888866666677777777777776666688888888888888888
7766666688888888888888888888888888888888888888888888866677776666777666668888888888888888888888888888888888888886666666667777777776666666668888888888888888888888888888888888888888888888888888888888888888888888888888866667777777777777776666666888888888888888
7666666888888888888888888888888888888888888888888888666677766666666666666888888888888888888888888888888888666666666666667777777766666666888888888888888888888888888888888888888888888888888888888888888888888888888888866677777777666777777766666888888888888888
6666688888888888888888888888888888888888888888888888666666666666666666666888888888888888888888888888888888666666666777777777776666666668888888888888888888888888888888888888888888888888888888888888888888888888888888666677777776666666677766666688888888888888
6666688888888888888888888888888888888888888888888886677666666688888666666688888888888888888888888888888866666666666777777777776666668888888888888888888888888888888888888888888888888888888888888888888888888888888886666677777766666666666777766668888888888888
6666688888888888888888888888888888888888888888888866666666688888888888666688888888888888888888888888886666666666777777777777666666688888888888888888888888888888888888888888888888888888888888888888888888888888888886666777766666666666666666666676688888888888
6666688888888888888888888888888888888888888888888666666666888888888888888888888888888888888888888888666666666666777777777777666666888888888888888888888888888888888888888888888888888888888888888888888888888888888866666777766666668888666666666677688888888888
6666688888888888888888888888888888888888888888886666666688888888888888888888888886688888888888888866666666667777777777777777666666888888888888888888888888888888888888888888888888888888888888888888888888888888888666677776666666888888888666666677666668888888
7776688888888888888888888888888888888888888888866666668888888888888888888888888866668888888866666666666666667777777777777776666666888888888888888888888888888888888888888888888888888888888888888888888888888888886666777666666688888888888888866666666676666888
7776688888888888888888888888888888888888888888866666888888888888888888888888888666666666666666666666666667777777777777777766666666888888888888888888888888888888888888888888888888888888888888888888888888888888866677776666666888888888888888886666666666666666
6776688888888888888888888888888888888888888888688888888888888888888888888888888888866666666666666666666667777777777777777766666668888888888888888888888888888888888888888888888888888888888888888888888888888888867777766666688888888888888888888888666666666666
6676668888888888888888888888888888888888888886688888888888888888888888888888888888888886677777777766677777777777777777766666666668888888888888888888888888888888888888888888888888888888888888888888888888888886667777666888888888888888888888888888866666666666
6666666888888888888888888888888888888888888888888888888888888888888888888888888888888888666666777777777777777777777777766666666688888888888888888888888888888888888888888888888888888888888888888888888888888866666666668888888888888888888888888888866666888888
6666666888888888888888888888888888888888888888888888888888888888888888888888888888888888866666677777777777777777777777666666666688888888888888888888888888888888888888888888888888888888888888888888888888888666666888888888888888888888888888888888886666888888
8666666688888888888888888888888888888888888888888888888888888888888888888888888888888888866666666677777777777777777777666666666688888888888888888888888888888888888888888888888888888888888888888888888888886776666888888888888888888888888888888888888868888888
8886676668888888888888888888888888888866688888888888888888888888888888888888888888888888888666666667777777777777777777776666666668888888888888888888888888888888888888888888888888888888888888888888888888886776688888888888888888888888888888888888888888888888
8888677766888888888888888888888888888866688888888888888888888888888888888888888888888888888886666666667777777777777777777666666666888888888888888888888888888888888888888888888888888888888888888888888888666888888888888888888888888888888888888888888888888888
8886667666888888888888888888888888888666888888888888888888888888888888888888888888888888888888666666667777777777777777777776666666888888888888888888888888888888888888888888888888888888888888886888888887688888888888888888888888888888888888888888888888888888
8888867766688888888888888888888888866666888888888888888888888888888888888888888888888888888888666666666777777777777777777777666666888888888888888888888888888888888888888888888888888888888666666666688666688888888888888888888888888888888888888888888888888888
8888866677766666688888888888888888666666888888888888888888888888888888888888888888888888888888666666666677777777777777777777666666668888888888888888888888888888888888888888888888888888888666666666776668888888888888888888888888888888888888888888888888888888
8888866677776666666888888888866866777668888888888888888888888888888888888888888888888888888888666666677777777776677777777777776666666688888888888888888888888888888888888888888888888888888666666667766668888888888888888888888888888888888888888888888888888888
8888866676777776666888888888866666677666888888888888888888888888888888888888888888888888888886666666677777777666666777777777776666666668888888888888888888888888888888888888888888888888888666666677666688888888888888888888888888888888888888888888888888888888
8888866666777776666668888888666666666666688888888888888888888888888888888888888888888888888886666667777777776666666666667777777766666668888888888888888888888888888888888888888888888888886666667766666888888888888888888888888888888888888888888888888888888888
8888866666777777777668888888888888888868688888888888888888888888888888888888888888888888888886666677777766666666666666666777667776666666668888888888888888888888888888888888888888888888866666677766668888888888888888888888888888888888888888888868888888888888
8888866666777777777668888888888888888888888888888888888888888888888888888888888888888888888866666776777766666666666666666666667777666666666888888888888888888888888888888888888888888888666666677666688888888888888888888888888888888888888888888868888888888888
8888866677777766666668888888888888888888888888888888888888888888888888888888888888888888886666667776666666666666666666666666666777777666666888888888888888888888888888888888888888888666667777766666888888888888888888888888888888888888888888888868888888888888
8888866677776666666688888888888888888888888888888888888888888888888888888888888888888888666667776666666666666666666666666666666777777766666688888888888888888888888888888888888888888666777777766666888888888888888888888888888888888888888888888888888888888888
8888667777776666666888888888888888888888888888888888888888888888888888888888888888888866667777776666666666666666666666666666666666666777766666888888888888888888888888888888888888888666666666666666888888888888888888888888888888888888888888888888888888888888
8886667777666666688888888888888888888888888888888888888888888888888888888888888888886666677776666666666686666666666666666666666666666777776666666688888888888888888888888888888888888666666666666666888888888888888888888888888888888888888888888888888888888888
8666777777666688888888888888888888888888888888888888666888888888888888888888888888866666666676666666888888888888888888888666666666666667777766666666888888888888888888888888888888888866666666666666888888888888888888888888888888888888888888888888888888888888
6667766666688888888888888888888888888888888888888888666666866888888888888888888866667777666666886888888888888888888888888888888666666667777776666666666888888888888888888888888888888888888886666666688888888888888888888888888888888888888888888888888888888888
6667766666888888888888888888888888888888888888888888666666666668888888888888888666667766666668888888888888888888888888888888888888888866666667766666666688888888888888888888888888888888888888888866688888888888888888888888888888888888888888888888888888888888
7776666666688888888888888888888888888888888888888888888666666666888888888886666677766666666688888888888888888888888888888888888888888886666666777666666666888888888688888888888888888888888888888866666888888888888888888888888888888888888888888888888888888888
7776666666688888888888888888888888888888888888888888888866666666666666666666666677666666688888888888888888888888888888888888888888888888866666667766666666666688888668888888888888888888888888888888866668888888888888888888888888888888888888888888888888888888
6666666666668888888888888888888888888888888888888888888866666677776666666677777766666668888888888888888888888888888888888888888888888888886666667777766666666666888888888888888888888888888888888888888866888888888888888888888888888888888888888888888888888888
6666666666668888888888888888888888888888888888888888888866666667776666666677777666666688888888888888888888888888888888888888888888888888888666666677777777777776888888888888888888888888888888888888888886666888888888888888888888888888888888888888888888888888
8888888888888888888888888888888888888888888888888888888888666666677777777777777666668888888888888888888888888888888888888888888888888888888866666666777777777666888888888888888888888888888888888888888888866888888888888888888888888888888888888888888888888888
8888888888888888888888888888888888888888888888888888888888866666666777777777776666888888888888888888888888888888888888888888888888888888888888666666677777766666888888888888888888888888888888888888888888886668888888888888888888888888888888888888888888888888
8888888888888888888888888888888888888888888888888888888888866666666666777777766668888888888888888888888888888888888888888888888888888888888888886666677777766668888888888888888888888888888888888888888888886666888888888888888888888888888888888888888888888888
8888888888888888888888888888888888888888888888888888888888866666666666677776666668888888888888888888888888888888888888888888888888888888888888888666677776666668888888888888888888888888888888888888888888888666668888888888888888888888888888888888888888888888
8888888888888888888888888888888888888888888888888888866888666666666666666676666688888888888888888888888888888888888888888888888888888888888888888886667776666688888888888888888888888888888888888888888888888886666888888888888888888888888888888888888888888888
8888888888888888888888888888888888888888888888888888666688888888888666666666666688888888888888888888888888888888888888888888888888888888888888888888666776666888888888888888888888888888888888888888888888888888666688888888888888888888888888888888888888888888
8888888888888888888888888888888888888888888888888888668888888888888886666666666668888888888888888888888888888888888888888888888888888888888888888888666666666888888888888888888888888888888888888888888888888888866666688888888888888888888888888888888888888888
8888888888888888888888888888888888888888888888888888888888888888888888888666666668888888888888888888888888888888888888888888888888888888888888888888666666666888888888888888888888888888888888888888888888888888866666666888888888888888888888888888888888888888
8888888888888888888888888888888888888888888888888888888888888888888888888866666666888888888888888888888888888888888888888888888888888888888888888888666666666888888888888888888888888888888888888888888888888888888866666688888888888888888888888888888888888888
8888888888888888888888888888888888888888888888888888888888888888888888888886666666688888888888888888888888888888888888888888888888888888888888888888666666666888888888888888888888888888888888888888888888888888888866676666888888888888888888888888888888888888
8888888888888888888888888888888888888888888888888888888888888888888888888888866666688888888888888888888888888888888888888888888888888888888888888888666666666688888888888888888888888888888888888888888888888888888886666666688888888888888888888888888888888888
8888888888888888888888888888888888888888888888888888888888888888888888888888886666668888888888888888888888888888888888888888888888888888888888888888666666666668888888888888888888888888888888888888888888888888888886666666668888888888888888888888888888888888
8888888888888888888888888888888888888888888888888888888888888888888888888888888666666688888888888888888888888888888888888888888888888888888888888888866666666666888888888888888888888888888888888888888888888888888888666666666688888888888888888888888888888888
8888888888888888888888888888888888888888888888888888888888888888888888888888888866666688888888888888888888888888888888888888888888888888888888888888888886666666888888888888888888888888888888888888888888888888888888866667666666888888888888888888888888888888
8888888888888888888888888888888888888888888888888888888888888888888888888888888888666668888888888888888888888888888888888888888888888888888888888888888888886666688888888888888888888888888888888888888888888888888888866667766666888888888888888888888888888888
8888888888888888888888888888888888888888888888888888888888888888888888888888888888866666688888888888888888888888888888888888888888888888888888888888888888888666666888888888888888888888888888888888888888888888888888866667777766666888888888888888888888888888
8888888888888888888888888888888888888888888888888888888888888888888888888888888888886666666688888888888888888888888888888888888888888888888888888888888888888866666888888888888888888888888888888888888888888888888888866667777766666688888888888888888888888888
8888888888888888888888888888888888888888888888888888888888888888888888888888888888886666666666888888888888888888888888888888888888888888888888888888888888888888666668888888888888888888888888888888888888888888888888666677777777766668888888888888888888888888
8888888888888888888888888888888888888888888888888888888888888888888888888888888888886666666666888888888888888888888888888888888888888888888888888888888888888888866666688888888888888888888888888888888888888888888888666777777777766666666888888888888888888886
8888888888888888888888888888888888888888888888888888888888888888888888888888888888886666677766666666888888888888888888888888888888888888888888888888888888888888888666688888888888888888888888888888888888888888888886666777777777766666666688888888888888888886
8888888888888888888888888888888888888888888888888888888888888888888888888888888888866666777777766666888888888888888888888888888888888888888888888888888888888888888866666688888888888888888888888888888888888888888666677677666666677777777666666688666666666666
8888888888888888888888888888888888888888888888888888888888888888888888888888888888666666777777777766666888888888888888888888888888888888888888888888888888888888888888666666888888888888888888888888888888888888866667777666666666666777777666666666666666666666
8888888888888888888888888888888888888888888888888888888888888888888888888888888888666666666666777766666688888888888888888888888888888888888888888888888888888888888888866666666888888888888888888888888888888866666677766666666666666666667777777766666666666667
8888888888888888888888888888888888888888888888888888888888888888888888888888888888666666666666666666666666688888888888888888888888888888888888888888888888888888888888888666666666888888888888888888888888888666667777766668888888888888666777777766666666666667
6888888888888888888888888888888888888888888888888888888888888888888888888888888666666688888888866666666666688888888888888888888888888888888888888888888888888888888888888867776666668888888888888888888888886666666666688888888888888888888866666666777777777777
6688888888888888888888888888888888888888888888888888888888888888888888888888886666666888888888888888866666666888888888888888888888888888888888888888888888888888888888888866666666666688888888888888888888866677766668888888888888888888888886666666777777777777
6688888888888888888888888888888888888888888888888888888888888888888888888866666668888888888888888888888866666666668888888888888888888888888888888888888888888888888888888866667776666666668888888888888866666666666688888888888888888888888886666666666677777777
6668888888888888888888888888888888888888888888888888888888888888888888888666666668888888888888888888888886666666666666666888888888888888888888888888888888888888888888888866666777666666666666666666668667776666666888888888888888888888888888886666666677777777
6668888888888888888888888888888888888888888888888888888888888888888886666668888888888888888888888888888888666666667776666688888888888888888888888888888888888888888888888666666677777777776666666667777767666666888888888888888888888888888888888866666667777777
6668888888888888888888888888888888888888888888888888888888888888888866666668888888888888888888888888888888888866667776666688888888888888888888888888888888888888888888888666666677777777777776666667777766666668888888888888888888888888888888888888666666666777
6666888888888888888888888888888888888888888888888888888888888666666666666888888888888888888888888888888888888886666777666668888888888888888888888888888888888888888888886666666777777777777777777777766666888888888888888888888888888888888888888888866666666677
6666688888888888888888888888888888888888888888888888888888888666667666888888888888888888888888888888888888888888886666677766888888888888888888888888888888888888888888866666777777776666666666777777766668888888888888888888888888888888888888888888888666666666
7666668888888888888888888888888888888888888888888888888888888666677766888888888888888888888888888888888888888888888866677766666888888888888888888888888888888888888888666666777777776666666666777777766668888888888888888888888888888888888888888888888886666666
7766668888888888888888888888888888888888888888888888888888888667766668888888888888888888888888888888888888888888888886666666666688888888888888888888888888888888888888666777777666666666666666666666666668888888888888888888888888888888888888888888888888666666
7766666888888888888888888888888888888888888888888888888888866677766888888888888888888888888888888888888888888888888886666667766666668888888888888888888888888888888866666777776666666668888886666666666666888888888888888888888888888888888888888888888888866666
7777666688888888888888888888888888888888888888888888888888777666668888888888888888888888888888888888888888888888888888886666666676666688888888888888888888888888886666777666666668888888888888888866666666888888888888888888888888888888888888888888888888866666
7777666668888888888888888888888888888888888888888888866666777666888888888888888888888888888888888888888888888888888888886666666777666666688888888888888888888886666667777666666688888888888888888866666666688888888888888888888888888888888888888888888888866666
6677777666888888888888888888888888888888888888888888866666776666888888888888888888888888888888888888888888888888888888888666666677766666668888888888888888888866666677776666666888888888888888888888866666668888888888888888888888888888888888888888888888866666
6677777776668888888888888888888888888888888888888866666777666668888888888888888888888888888888888888888888888888888888888888666666777776666888888888888888886666777776666666688888888888888888888888888866666688888888888888888888888888888888888888888888866666
6666777777666668888888888888888888888888888888886666667776666888888888888888888888888888888888888888888888888888888888888888886666677777766666666886666666666666777776666688888888888888888888888888888888888668888888888888888888888888888888888888888888666666
8866666777766666666688888888888888888888888886666667777766688888888888888888888888888888888888888888888888888888888888888888888886666677777766666666666666677777776666668688888888888888888888888888888888888888888888888888888888888888888888888888888888666666
8888866667766666666668888888888888888888888866666667777766888888888888888888888888888888888888888888888888888888888888888888888886666667777766666666666666677777776666688888888888888888888888888888888888888888888888888888888888888888888888888888888888666666
8888888666667777666666668888888888888888866666667777766666888888888888888888888888888888888888888888888888888888888888888888888888666666677777777766666677777777666666888888888888888888888888888888888888888888866688888888888888888888888888888888888866666677
8888888886666667666666666688888888888666666666667777666666888888888888888888888888888888888888888888888888888888888888888888888888886666667777777776666777777777666668888888888888888888888888888888888888888888886668888888888888888888888888888888888666666777
