8888888888888888888888888888888666666666888888888888888888868666666776666888888888888888888666688888888888888888888888888888888888888888888888888888888888888888888888888666677766666668888888888888888888888888888888888888888888888888888866666666888888888888
8888888888888888888888888888888666666688888888888888888888888866666776666688888888888888888866688888888888888888888888888888888888888888888888888888888888888888888888888666677766666668888888888888888888888888888888888888888888888888888888666666666888888888
8888888888888888888888888888888666668888888888888888888888888888666666666668888888888888888888888888888888888888888888888888888888888888888888888888888888888888888888888666667776666668888888888888888888888888888888888888888888888888888888666666666888888888
8888888888888888888888888888886666668888888888888888888888888888666666666666688888888888888888888888888888888888888888888888888888888888888888888888888888888888888888888666667776666666888888888888888888888888888888888888888888888888888888666666666888888888
6888888888888888888888888888886666688888888888888888888888888888886666666666668888888888888888888888888888888888888888888888888888888888888888888888888888888888888888888666666777666666668888888888888888888888888888888888888888888888888888666666666888888888
6688888888888888888888888888866688888888888888888888888888888888888666666766666888888888888888888888888888888888888888888888888888888888888888888888888888888888888888888666666666677776666888888888888888888888888888888888888888888888888888666666666688888888
6686688888888888888888888888886888888888888888888888888888888888888866666676666666666668888888888888888888888888888888888888888888888888888888888888888888888888888888888666666666677777666668888888888888888888888888888888888888888888888888866666666668888888
7766666888888888888888666668888888888888888888888888888888888888888886666667666666666668888888888888888888888888888888888888888888888888888888888888888888888888888888886666666666666667777666666688888888888888888888888888888888888888888888888888666666688888
7776666666666888888666666688888888888888888888888888888888888888888886666666776666666668888888888888888888888888888888888888888888888888888888888888888888888888888888888666666666666666777766666668888888888888888888888888888888888888888888888888866666688888
7777776666666666666666666688888888888888888888888888888888888888888888666666777766666668888888888888888888888888888888888888888888888888888888888888888888888888888888888866666666666666667777666666888888888888888888888888888888888888888888888888886666666888
7777777766666666666666666688888888888888888888888888888888888888888888666666777776666668888888888888888888888888888888888888888888888888888888888888888888888888888888888888888888866666666777766666888888888888888888888888888888888888888888888888886666666888
7777777777666666666666666688888888888888888888888888888888888888888886666666777777666668888888888888888888888888888888888888888888888888888888888888888888888888888888888888888888888666666677766666668888888888888888888888888888888888888888888888886666666888
6777777777777777777766666688888888888888888888888888888888888888888866666666777777666666888888888888888888888888888888888888888888888888888888888888888888888888888888888888888888888888866666666666666688888888888888888888888888888888888888888888888666666688
6666777777777777777666666688888888888888888888888888888888888888888666666667777777766666688888888888888888888888888888888888888888888888888888888888888888888888888888888888888888888888888666666666666666688888888888888888888888888888888888888888888888666688
6666666777777777776666666688888888888888888888888888888888888888886666666677777777776666668888888888888888888888888888888888888888888888888888888888888888888888888888888888888888888888888866666666666666666666888888888888888888888888888888888888888888866668
6666666677777777766666666888888888888888888888888888888888888888866666666667777777777666666688888888888888888888888888888888888888888888888888888888888888888888888888888888888888888888888888866666666666666666668888888888888888888888888888888888888888886666
8886666667777777666666668888888888888888888888888888888888888888866666666666667777777776666666888888888888888888888888888888888888888888888888888888888888888888888888888888888888888888888888888666666666777766668888888888888888888888888888888888888888886666
8888666666777776666666688888888888888888888888888888888888888888866666666666666677777777666666668888888888888888888888888888888888888888888888888888888888888888888888888888888888888888888888888888666666777776668888888888888888888888888888888888888888866666
8888888666677776666666888888888888888888888888888888888888888888886666666666666666777777777666666666888888888888888888888888888888888888888888888888888888888888888888888888888888888888888888888888886666677776666688888888888888888888888888888888888888866666
8888888886666776666668888888888888888888888888888888888888888888888866666666666666667777777776666666688888888888888888888888888888888888888888888888888888888888888888888888888888888888888888888888888886666766666666888888888888888888888888888888888888866666
8888888888666666666668888888888888888888888888888888888888888888888866666666666666666677777777666666668888888888888888888888888888888888888888888888888888888888888888888888888888888888888888888888888888866666666666668888888888888888888888888888888888666666
8888888888666666666668888888888888888888888888888888888888888888888886668888886666666666777777666666666668888888888888888888888888888888888888888888888888888888888888888888888888888888888888888888888888886666666666666888888888888888888888888888888866666666
8888888888866666666888888888888888888888888888888888888888888888888888888888888888886666666777767666666666688888888888888888888888888888888888888888888888888888888888888888888888888888888888888888888888888866666666666688888888888888888888888888886666666666
8888888888866666668888888888888888888888888888888888888888888888888888888888888888888666666666677776666666666688888888888888888888888888888888888888888888888888888888888888888888888888888888888888888888888886666666666666888888888888888888888888866666666667
8888888888866666688888888888888888888888888888888888888888888888888888888888888888888886666666667777666666666668888888888888888888888888888888888888888888888888888888888888888888888888888888888888888888888888866666666666888888888888888888888886666666666677
8888888888866666688888888888888888888888888888888888888888888888888888888888888888888888866666667777777666666666666888888888888888888888888888888888888888888888888888888888888888888888888888888888888888888888888886666666888888888888888888888886666666666777
8888888888666666888888888888888888888888888888888888888888888888888888888888888888888888886666666677777777776666666666666666666666666888888888888888888888888888888888888888888888888888888888888888888888888888888888666666688888888888888888888886666666677777
8888888888666668888888888888888888888888888888888888888888888888888888888888888888888888888886666667777777777666666666666666666666666688888888888888888888888888888888888888888888888888888888888888888888888888888888866666888888888888888888888886666666677777
8888888666666888888888888888888888888888888888888888888888888888888888888888888888888888888888666666677777777766666666666666666666666688888888888888888888888888888888888888888888888888888888888888888888888888888888886666888888888888888888888888866666667777
8888888666666888888888888888888888888888888888888888888888888888888888888888888888888888888888886666667777777777766666666667766666666888888888888888888888888888888888888888888888888888888888888888888888888888888888888888888888888888888888888888886666666777
8888886666888888888888888888888888888888888888888888888888888888888888888888888888888888888888888666666777777777777776666677776666666888888888888888888888888888888888888888888888888888888888888888888888888888888888888888888888888888888888888888888666666677
8888666668888888888888888888888888888888888888888888888888888888888888888888888888888888888888888866666677777777777777777777776666668888888888888888888888888888888888888888888888888888888888888888888888888888888888888888888888888888888888888888888866666667
8886666668888888888888888888888888888888888888888888888888888888888888888888888888888888888888888866666667777777777777777777766666668888888888888888888888888888888888888888888888888888888888888888888888888888888888888888888888888888888888888888888866666666
8666666888888888888888888888888888888888888888888888888888888888888888888888888888888888888888888866666666777777777777777776666666688888888888888888888888888888888888888888888888888888888888888888888888888888888888888888888888888888888888888888888866666667
8666666888888888888888888888888888888888888888888888888888888888888888888888888888888888888888888888666666677777777777777766666666888888888888888888888888888888888888888888888888888888888888888888888888888888888888888888888888888888888888888888888866666677
6666668888888888888888888888888888888888888888888888888888888888888888888888888888888888888888888888866666667777777777776666666668888888888888888888888888888888888888888888888888888888888888888888888888888888888888888888888888888888888888888888888866666777
7766668888888888888888888888888888888888888888888888888888888888888888888888888888888888888888888888866666667777777777776666666688888888888888888888888888888888888888888888888888888888888888888888888888888888888888888888888888888888888888888888888866667777
7766688888888888888888888888888888888888888888888888888888888888888888888888888888888888888888888888866666667777777777766666666888888888888888888888888888888888888888888888888888888888888888888888888888888888888888888888888888888888888888888888886666677776
7766668888888888888888888888888888888888888888888888888888888888888888888888888888888888888888888888866666677777777777766666666888888888888888888888888888888888888888888888888888888888888888888888888888888888888888888888888888888888888888888888866666777666
7666668888888888888888888888888888888888888888888888888888888888888888888888888888888888888888888888866666777777777777766666666888888888888888888888888888888888888888888888888888888888888888888888888888888888888888888888888888888888888888888888666666766666
6666666888888888888888888888888888888888888888888888888888888888888888888888888888888888888888888888666666777777777777776666666888888888888888888888888888888888888888888888888888888888888888888888888888888888888888888888888888888888888888888886666776666666
6666666688888888888888888888888888888888888888888888888888888888888888888888888888888888888888888888666667777777777777777666666888888888888888888888888888888888888888888888888888888888888888888888888888888888888888888888888888888888888888888866667776666688
8666666666888888888888888888888888888888888888888888888888888888888888888888888888888888888888888886666677777777777777777766666688888888888888888888888888888888888888888888888888888888888888888888888888888888888888888888888888888888888888888866666666666688
8886666666688888888888888888888888888888888888888888888888888888888888888888888888888888888888888666667777777777777777777776666668888888888888888888888888888888888888888888888888888888888888888888888888888866688888888888888888888888888888886666666666688888
8886666666668888888888888888888888888888888888888888888888888888888888888888888888888888888888888666677777776666666677777777666666688888888888888888888888888888888888888888888888888888888888888888888888888666688888888888888888888888888888666666666666688888
8888886666666888888888888888888888888888888888888888888888888888888888888888888888888888888888886666677777766666666666777777766666668888888888888888888888888888888888888888888888888888888888888888888888886666688888888888888888888888888886667776666668888888
8888888666666666668888888888888888888888888888888888888888888888888888888888888888888888888866666667777777666666666666666777776666668888888888888888888888888888888888888888888888888888888888888888888888866666668888888888888888888888866666666666666888888888
8888888886666666666888888888888888888888888888888888888888888888888888888888888888888888888866666777766666666666666666666677776666666668888888888888888888888888888888888888888888888888888888888888888888666666666688888888888888888866666666666666668888888888
8888888888666666666668888888888888888888888888888888888888888888888888888888888888888888888666777777666666666888888888666666777777666666888888888888888888888888888888888888888888888888888888888888888886666666666666888888888888886666666666666668888888888888
8888888888866666766666666888888888888888888888888888888888888888888888888888888888888888866667777666666888888888888888888666666777766666688888888888888888888888888888888888888888888888888888888888886666667777666666666888888886666666777666666688888888888888
8888888888888667776666666688888888866888888888888888888888888888888888888888888888888866666667776666688888888888888888888866666677776666668888888888888888888888888888888888888888888888888888888886666666677777666666666666666666666667776666666888888888888888
8888888888888866666666666666688888666688888888888888888888888888888888888888888888888666776666666688888888888888888888888886666667777766666688888888888888888888888888888888888888888888888888866666666666677777666677766666666666777777766666666888888888888888
8888888888888866666666666666666666666688888888888888888888888888888888888888888888886677777666666888888888888888888888888886666666777777666668888888888888888888888888888888888888888888888888866666666666666666666677777777777777777766666666666688888888888888
8888888888888888666666777776666666666668888888888888888888888888888888888888888886677777776666688888888888888888888888888888866666677777666666688888888888888888888888888888888888888888886666666667766666666666666667777777777777777666666666666688888888888888
8888888888888888866666677777766666666666888888888888888888888888888888888888888886777777666666888888888888888888888888888888888666666777766666668888888888888888888888888888888888888888888666666677766666666666666666677777777777666666666666666688888888888888
8888888888888888886666667777777666666666668888888888888888888888888888888888667777777766666888888888888888888888888888888888888886666666777776666666688888888888888888888888888888888886666666776666666668888888886666666677777776666668888888888888888888888888
8888888888888888888866666777777777766666666666688888888888888888888888866677777777666666688888888888888888888888888888888888888888888666677776666666688888888888888888888888888888888866666667776666668888888888888866666667777666666888888888888888888888888888
8888888888888888888886666667777777777666666666666888886666888888888886667777777776666888888888888888888888888888888888888888888888888886667776666666668888888888888888888888888888888666667777666688888888888888888886666667776666668888888888888888888888888888
8888888888888888888888866666777777777777777776666666888888888888866666667777776666668888888888888888888888888888888888888888888888888888666666666666666666888888888888888888888886666666677766666888888888888888888888866666666666888888888888888888888888888888
8888888888888888888888888666777777777777777776666666666666668888866666666666666666888888888888888888888888888888888888888888888888888888866666667777666666666688888888888888888866666777776666668888888888888888888888886666666666888888888888888888888888888888
8888888888888888888888888666677777777777766666668888888888888888888888866666666666888888888888888888888888888888888888888888888888888888886666667777766666666666888888888888666666667777766666888888888888888888888888886666666688888888888888888888888888886668
8888888888888888888888888666677777777666666668888888888888888888888888888686666666888888888888888888888888888888888888888888888888888888888666667777777766666666888888888666666667777776666888888888888888888888888888886666668888888888888888888888888888866668
8888888888888888888888888666777777766666666688888888888888888888888888888888866668888888888888888888888888888888888888888888888888888888888866666677777777666666666666666666666777777666668888888888888888888888888888886666668888888888888888888888888888886666
8888888888888888888888888667777777666666688888888888888888888888888888888888888888888888888888888888888888888888888888888888888888888888888888666667777777777766666666666677777777776666688888888888888888888888888888886666888888888888888888888888888888888666
8888888888888888888888886667777766666668888888888888888888888888888888888888888888888888888888888888888888888888888888888888888888888888888888888666777777777777666666667777777777766666888888888888888888888888888888866668888888888888888888888888888888888886
8888888888888888888888886667777666666888888888888888888888888888888888888888888888888888888888888888888888888888888888888888888888888888888888888866667777777777766666777777777766666688888888888888888888888888888888886888888888888888888888888888888888888888
8888888888888888888888866677776666668888888888888888888888888888888888888888888888886688888888888888888888888888888888888888888888888888888888888886666677777777777777777777777666666888888888888888888888888888888888888888888888888888888888888888888888888888
8888888888888888888888666677666666888888888888888888888888888888888888888888888888888668888888888888888888888888888888888888888888888888888888888888666666777777777777777777766666688888888888888888888888888888888888888888888888888888888888888888888888888888
8888888888888888888886666666666666888888888888888888888888888888888888888888888888888666688888888888888888888888888888888888888888888888888888888888666666677777777777777777666666888888888888888888888888888888888888888888888888888888888888888888888888888888
8888888888888888888866666666666666888888888888888888888888888888888888888888888888888866688888888888888888888888888888888888888888888888888888888888866666667777777777777776666666888888888888888888888888888888888888888888888888888888888888888888888888888888
8888888888888888888866666666666666888888888888888888888888888888888888888888888888888888888888888888888888888888888888888888888888888888888888888888866666667777777777777776666668888888888888888888888888888888888888888888888888888888888888888888888888888888
8888888888888888888666666666666668888888888888888888888888888888888888888888888888888888888888888888888888888888888888888888888888888888888888888888866666667777777777777776666668888888888888888888888888888888688888888888888888888888888888888888888888888888
8888888888888888886666666666666688888888888888888888888888888888888888888888888888888888888888888888888888888888888888888888888888888888888888888888866666777777777777777776666668888888888888888888888888888666688888888888888888888888888888888888888888888888
8888888888888888866666666666666888888888888888888888888888888888888888888888888888888888888888888888888888888888888888888888888888888888888888888888866667777777777777777777666666888888888888888888888888886666888888888888888888888888888888888888888888888888
8888888888888888866666668888888888888888888888888888888888888888888888888888888888888888888688888888888888888888888888888888888888888888888888888888666677777777777777777777766666888888888888888888888888886668888888888888888888888888888888888888888888888888
8888888886666666888888888888888888888888888888888888888888888888888888888888888888888888888888888888888888888888888888888888888888888888888888888866667777777777777777777777776666888888888888888888888888888888888888888888888888888888888888888888888888888888
8888888666666666888888888888888888888888888888888888888888888888888888888888888888888888888888888888888888888888888888888888888888888888888888888866677777777777777777777777777666688888888888888888888888888888888888888888888888888888888888888888888888888888
8888886666666668888888888888888888888888888888888888888888888888888888888888888888888888888888888888888888888888888888888888888888888888888888686666777777777777776666666677777766666688888888888888888886888888888888888888888888888888888888888888888888888888
8886666666676668888888888888888888888888888888888888888888888888888888888888888888888888888888888888888888888888888888888888888888888888888886666677777777777776666666666666666666666666888888888888888866888888888888888888888888888888888888888888888888888888
6666666666776888888888888888888888888888888888888888888888888888888888888888888888888888888888888888888888888888888888888888888888888888888886666777777777777766666666666666666666666666888888888888866666888888888888888888888888888888888888888888888888888888
6666666666666888888888888888888888888888888888888888888888888888888888888888888888888888888888888888868888888888888888888888888888888888888866777777777776666666666666666666666666666666688888888866666666888888888888888888888888888888888888888888888888888888
6666777666668888888888888888888888888888888888888888888888888888888888888888888888888888888888888888888888888888888888888888888888888888866667777777777776666666666666666888888888886666666688666666666666888888888888888888888888888888888888888888888888888888
7777777766668888888888888888888888888888888888888888888888888888888888888888888888888888888888888888888888888888888888888888888888888886666667777666677766666666666666888888888888888866666666666667766666888888888888888888888888888888888888888888888888888688
7777777666666888888888888888888888888888888888888888888888888888888888888888888888888888888888888888888888888666888888888888888888888866666666666666666666666666666688888888888888888888688666677777776666888888888888888888888888888888888888888888888888886666
7777776666666888888888888888888888888888888888888888888888888888888888888888888888888888888888888888888888888886888888888888888888866666666688888888888666666666668888888888888888888888888866667777777666688888888888888888888888888888888888888888888888886666
7777776666666888888888888888888888888888888888888888888888888888888888888888888888888888888888888888888888888866666888888888888886666666888888888888888886666668888888888888888888888888888886666777777766666888888888888888888888888888888888888888888888866666
7777777666666688888888888888888888888888888888888888888888888888888888888888888888888888888888888888888888888886666688888666666666777668888888888888888888686868888888888888888888888888888888866677777776666688888888888888888888888888888888888888888886666666
7777777766666668888888888888888888888888888888888888888888888888888888888888888888888888888888888888888888888888666666666666666777776688888888888888888888688888888888888888888888888888888888888666677777666666688888888888888888888888888888888888866666666666
7777777776666666888888888888888888888888888888888888888888888888888888888888888888888888888888888888888888888888866666666666677777788888888888888888888888888888888888888888888888888888888888888666666777766666668888888888888888888888888888888888666666666666
7777777777766666668888888888888888888888888888888888666688888888888888888888888888888888888888888888888888888888888666666677777776888888888888888888888888888888888888888888888888888888888888888866666666677776668888888888888888888888888888888886677776666668
7776667777766666666888888888888888888888888888888888666688888888888888888888888888888888888888888888888888888888888666667777777768888888888888888888888888888888888888888888888888888888888888888888866666667777666888888888888888888888888888886666777776666888
7766666666666666666688888888888888888888888888888886888888888888888888888888888888888888888888888888888888888888888866667777776688888888888888888888888888888888888888888888888888888888888888888888888666666777777766668888888888888888888866666667777766666888
7666666666666666666666688888888888888888888888888866888888888888888888888888888888888888888888888888888888888888888888866777766888888888888888888888888888888888888888888888888888888888888888888888888888666677777777666668886666888666666666666677777666668888
6666666666666666666666666688888888888888888888886688888888888888888888888888888888888888888888888888888888888888888888886676688888888888888888888888888888888888888888888888888888888888888888888888888888666667777777766666666668886666666666667777766666688888
6666666666666888666666666666666888888888888888866688888888888888888888888888888888888888888888888888888888888888888888886666888888888888888888888888888888888888888888888888888888888888888888888888888888866666777777666666666666666666666666777777766666668888
6666666688888888888666666666666888888888888888868888888888888888888888888888888888888888888888888888888888888888888888886666888888888888888888888888888888888888888888888888888888888888888888888888888888866666666666666666666666666666667777777777766666668888
6666688888888888888866666666666666668888888888888888888888888888888888888888888888888888888888888888888888888888888888886666888888888888888888888888888888888888888888888888888888888888888888888888888888666666666666888888888888886667777777777777777666666688
6666888888888888888886666666666666666666668888888888888888888888888888888888888888888888888888888888888888888888888888866666688888888888888888888888888888888888888888888888888888888888888888888888888888666666666668888888888888888666667777777777777766666666
6688888888888888888888888886666666666666668888888888888888888888888888888888888888888888888888888888888888888888888888666666688888888888888888888888888888888888888888888888888888888888888888888888888866666666668888888888888888888666666666777777777776666666
8888888888888888888888888888666666666666668888888888888888888888888888888888888888888888888888888888888888888888888886666666688888888888888888888888888888888888888888888888888888888888888888888888888666666688888888888888888888888886666666667777777777776666
8888888888888888888888888888666666666666666888888888888888888888888888888888888888888888888888888888888888888888888877766666688888888888888888888886666888888888888888888888888888888888888888888888886666688888888888888888888888888888866666666667777777777666
8888888888888888888888888888888866666677666688888888888888888888888888888888888888888888888888888888888888888888888677766666668888888888888888888877766888888888888888888888888888888888888888888888886668888888888888888888888888888888888666666666777777777777
8888888888888888888888888888888888666677776666888888888888888888888888888888888888888888888888888888888888888888866777766666666688888888888888888777776668888888888888888888888888888888888888888888888888888888888888888888888888888888888886666666677777777777
8888888888888888888888888888888888888667777666888888888888888888888888888888888888888888888888888888888888888888667777766666666668888888888888888777766666888888888888888888888888888888888888888888888888888888888888888888888888888888888888866666667777777777
8888888888888888888888888888888888888866666666688888888888888888888888888888888888888888888888888888888888888886677777666668868888888888888888888886666666688888888888888888888888888888888888888888888888888888888888888888888888888888888888866666666777777777
8888888888888888888888888888888888888866666666668888888888888888888888888888888888888888888888888888888888888887777776666688888888888888888888888886666666688888888888888888888888888888888888888888888888888888888888888888888888888888888888888666666677777776
8888888888888888888888888888888888888886666666666888888888888888888888888888888888888888888888888888888888888677777666668888888888888888888888888888888866666688888888888888888888888888888888888888888888888888888888888888888888888888888888888866666677777766
8888888888888888888888888888888888888888886666666668888888888888888888888888888888888888888888888888888888666777776666688888888888888888888888888888888886666668888888888888888888888888888888666688888888888888888888888888888888888888888888888888666667777766
8888888888888888888888888888888888888888886666666666668888888888888888888888888888888888888888888888888886677777666668888888888888888888888888888888888888886666668888888888888888888888888888888888888888888888888888888888888888888888888888888888866667777666
8888888888888888888888888888888888888888888866666666668888888888888888888888888888888888888888888888888866777776666888888888888888888888888888888888888888888666666888888888888888888888888888888888888888888888888888888888888888888888888888888888886667776666
8888888888888888888888888888888888888888888888666667666888888888888888888888888888888888888888888888886667777766668888888888888888888888888888888888888888888886666668888888888888888888888888888888888888888888888888888888888888888888888888888888888666666666
8888888888888888888888888888888888888888888888886666666668888888888888888888888888888888888888888866666677777666888888888888888888888888888888888888888888888888666666688888888888888888666688888888888888888888888888888888888888888888888888888888888866666666
8888888888888888888888888888888888888888888888888886666666668888888888888888888888888888888888866666666777776688888888888888888888888888888888888888888888888888866666666668888888888886666688888888888888888888888888888888888888888888888888888888888866666668
8888888888888888888888888888888888888888888888888888666666666888888888888888888888888888888888666666677777666888888888888888888888888888888888888888888888888888886666666666888888888666666688888888888888888888888888888888888888888888888888888888888866666668
8888888888888888888888888888888888888888888888888888866666666666888888888888888888888888888866666667777776668888888888888888888888888888888888888888888888888888886666777666666888886666666688888888888888888888888888888888888888888888888888888888888666666668
8888888888888888888888888888888888888888888888888888888666666666666688888888888888888888886666666777777666688888888888888888888888888888888888888888888888888888888666777777777666666666666688888888888888888888888888888888888888888888888888888888888666667666
8888888888888888888888888888888888888888888888888888888866666666666666888888888888888888866666677777776666888888888888888888888888888888888888888888888888888888888666677777777766666666666688888888888888888888888888888888888888888888888888888888888666677766
8888888888888888888888888888888888888888888888888888888866666667776666666666668888886666666667777777766668888888888888888888888888888888888888888888888888888888888666677777777766666666666688888888888888888888888888888888888888888888888888888888888666677766
8888888888888888888888888888888888888888888888888888888888866666677766666666666666666666666677777777666668888888888888888888888888888888888888888888888888888888888666677777776666666666666668888888888888888888888888888888888888888888888888888888866666777766
8888888888888888888888888888888888888888888888888888888888888666667777666666666666666666777777777776666668888888888888888888888888888888888888888888888888888888888666667766666668888888666666688888888888888888888888888888888888888888888888888888666667777776
8888888888888888888888888888888888888888888888888888888888888886666777777777666666666777777777777777666668888888888888888888888888888888888888888888888888888888888666666666666688888888866666688888888888888888888888888888888888888888888888888886666677777777
8888888888888888888888888888888888888888888888888888888888888888666667777777776667777777777777777777666668888888888888888888888888888888888888888888888888888888888866666666888888888888888866666668888888888888888888888888888888888888888888888866666777777777
6688888888888888888888888888888888888888888888888888888888888888866666777777777777777777777777777777666666888888888888888888888888888888888888888888888888888888888866666668888888888888888888666668888888888888888888888888888888888888888888888666667777777777
6688888888888888888888888888888888888888888888888888888888888888866666667777777777777777777777766666666666888888888888888888888888888888888888888888888888888888888666666668888888888888888888866666688888888888888888888888888888888888888888886666777766667777
6666888888888888888888888888888888888888888888888888888888888888866666666777777777777777777777666666666666688888888888888888888888888888888888888888888888888888888666668888888888888888888888886666668888888888888888888888888888888888888888866666776666666777
8666888888888888888888888888888888888888888888888888888888888888886666666677777777777777777666666666666666668888888888888888888888888888888888888888888888888888886666888888888888888888888888888888866888888888888888888888888888888888888888866666666666666667
8888866688888888888888888888888888888888888888888888888888888888886666666677777777777777766666666666666668888886888888888888888888888888888888888888888888888888866668888888888888888888888888888888866688888888888888888888888888888888888888666666666666666666
8888888668888888888888888888888888888888888888888888888888888888886666666677777777777777666666666666888888888886666888888888888888888888888888888888888888888888666668888888888888888888888888888888886666666888888888888888888888888888888888886666666666666666
8888888868888888888888888888888888888888888888888888888888888888886666666777777777777776666666888888888888888888666668888888888888888888888888888888888888888886666888888888888888888888888888888888888666666888888888888888888888888888888888888888888888666666
8888888888888688888888888888888888888888888888888888888888888888886666667777777777776666666688888888888888888888888666668888888888888888888888888888888888888866668888888888888888888888888888888888888868666666688888888888888888888888888888888888888888888888
8888888888888666888888888888888888888888888888888888888888888888866666777777777776666666668888888888888888888888888866666688888888888888888888888888888888888866668888888888888888888888888888888888888888888666666666666666666668888888888888888888888888888888
8888888888888866888888888888888888888888888888888888888888888888666666777777777766666666688888888888888888888888888888688888888888888888888888888888888888888866888888888888888888888888888888888888888888888666666666666666666666888888888888888888888888888888
8888888888888886668888888888888888888888888888888888888888888886666667777777777666666668888888888888888888888888888888888888888888888888888888888888888888888888888888888888888888888888888888888888888888888886666666776666666668888888888888888888888888888888
8888888888888888888888888888888888888888888888888888888888888866666777777777776666666888888888888888888888888888888888888888888888888888888888888888888888868888888888888888888888888888888888888888888888888888666667777666666668888888888888888888888888888888
8888888888888888888888888888888888888888888888888888888888886666667777777776666666668888888888888888888888888888888888888888666888888888888888888888888666668888888888888888888888888888888888888888888888888888886666777666668888888888888888888888888888888888
8888888888888888888888888888888888888888888888888888888888666666677777777766666666688888888888888888888888888888888888888888666888888888888888888888866666668888888888888888888888888888888888888888888888888888886666777666668888888888888888888888888888888888
8888888888888888888888888888888888888888888888888888888886666666777777777666666666888888888888888888888888888888888888888888866668888888888888888888666666668888888888888888888888888888888888888888888888888888888666666666688888888888888888888888888888888888
8888888888888888888888888688888888888888888888888888888666666677777776666666666666888888888888888888888888888888888888888888886666666888888888888888666666668888888888888888888888888888888888888888888888888888888666666668888888888888888888888888888888888888
8888888888888888888888886668888888888888888888888888866666677777777666666666666688888888888888888888888888888888888888888888888886666668888888888666666666666888888888888888888888888888888888888888888888888888888886666668888888888888888888888888888888888888
8888888888888888888888888866666888888888888888888886666666677777776666666666888888888888888888888888888888888888888888888888888888666666688888866666666666668888888888888888888888888888888888888888888888888888888886666668888888888888888888888888888888888888
8888888888888888888888888886666688888888888888886666666666777777766666666668888888888888888888888888888888888888888888888888888888866666666666666666888888888888888888888888888888888888888888888888888888888888888888666668888888888888888888888888888888888888
8888888888888888888888888886666666886666666666666666666677777776666668888888888888888888888888888888888888888888888888888888888888886666666666666668888888888888888888888888888888888888888888888888888888888888888888666688888888888888888888888888888888888888
8888888888888888888888888886666666666666666666666666677777777666666688888888888888888888888888888888888888888888888888888888888888888666666666666888888888888888888888888888888888888888888888888888888888888888888888666688888888888888888888888888888888888888
8888888888888888888888888888886666666666666666666666777777766666666888888888888888888888888888888888888888888888888888888888888888888666666666668888888888888888888888888888888888888888888888888888888888888888888888666668888888888888888888888888888888888888
8888888888888888888888888888888866666666666666666777777777666666688888888888888888888888888888888888888888888888888888888888888888888866666666668888888888888888888888888888888888888888888888888888888888888888888888666666888888888888888888888888888888888888
8888888888888888888888888888888886666666666666667777777766666668888888888888888888888888888888888888888888888888888888888888888888888866677666668888888888888888888888888888888888888888888888888888888888888888888888666666668888888888888888888888888888888888
8888888888888888888888888888888886666666777777777777777666666688888888888888888888888888888888888888888888888888888888888888888888888866677666668888888888888888888888888888888888888888888888888888888888888888888888866666666688888888888888888888888888888888
8888888888888888888888888888888886666667777777777777766666668888888888888888888888888888888888888888888888888888888888888888888888888866666668888888888888888888888888888888888888888888888888888888888888888888888888886666666668888888888888888888888888888888
8888888888888888888888888888888888666666777777777777666666888888888888888888888888888888888888888888888888888888888888888888888888888886666688888888888888888888888888888888888888888888888888888888888888888888888888888886666668888888888888888888888888888888
8888888888888888888888888888888888666666777777777777666668888888888888888888888888888888888888888888888888888888888888888888888888888886666688888888888888888888888888888888888888888888888888888888888888888888888888888888888668888888888888888888888888888888
8888888888888888888888888888888888666666777777777776666688888888888888888888888888888888888888888888888888888888888888888888888888888886666688888888888888888888888888888888888888888888888888888888888888888888888888888888888888888888888888888888888888888888
8888888888888888888888888888888888666666777777777666666688888888888888888888888888888888888888888888888888888888888888888888888888888886666688888888888888888888888888888888888888888888888888888888888888888888888888888888888888888888888888888888888888888888
8888888888888888888888888888888886666667777777777666666888888888888888888888888888888888888888888886888888888888888888888888888888888866666688888888888888888888888888888888888888888888888888888888888888888888888888888888888888888866688888888888888888888888
8888888888888888888888888888888866666777777777776666668888888888888888888888888888888888888888888886888888888888888888888888888888888866666688888888888888888888888888888888888888888888888888888888888666666688888888888888888888888666668888888888888888888888
8888888888888888888888888888888666666777777777776666688888888888888888888888888888888888888888888888888888888888888888888888888888888866666688888888888888888888888888888888888888888888888888888888888666666688888888888888888888888666666888888888888888888888
8888888888888888888888888888886666667777777777766666688888888888888888888888888888888888888888888888888888888888888888888888888888888866666668888888888888888888888888888888888888886668888888888888886666666688888888888888888888888866666888888888888888888888
8888888888888888888888888888886666667666667777776666688888888888888888888888888888888888888888888888888888888888888888888888888888886666666666688888888888888888888888888888888888866666888888888888886666666688888888888888888888888886666666888888888888888888
8888888888888888888888888888866666666666666777776666688888888888888888888888888888888888888888888888888888888888888888888888888888886666666666688888888888888888888888888888888888866666888888888888866666666688888888888888888888888886666666668888888888888888
8888888888888888888888888888666666666666666677777666688888888888888888888888888888888888888888888888888888888888888888888888888888866666777666668888888888888888888888888888888688866666888888888888886667666666668888888888888888888886666666666666666666666888
8888888888888888888888888666666688888888866666777666688888888888888888888888888888888888888888888888888888888888888888888888888888866667777666666888888888888888888888888888888668866666888888888888886666666666666888888888888888888886666666666666666666666688
8888888888888888888888888666888888888888888886667766688888888888888888888888888888888888888888888888888888888888888888888888888888666667777766666668888888888888888888888888666668866666888888888888888666666666666666888888888888888866666666666666666666666688
8888888888888888888888866666888888888888888886666766688888888888888888888888888888888888888888888888888888888888888888888888888888666677777776666666688888888888888888888886666888888888888888888888888888666666766666668888888888888866666666677777666666666888
8888888888888888888888666688888888888888888888666666668888888888888888888888888888888888888888888888888888888888888888888888888886666677777777766666666688888888888888888886666888888888888888888888888888866666777766666688888888888666666666777777666666666888
8888888888888888886666668888888888888888888888866666666888888888888888888888888888888888888888888888888888888888888888888888888666666677777777776666666666666688888888888888888888888888888888888888888888888666666776666666666666666666666777777766666666668888
8888888888888866666666668888888888888888888888886666666688888888888888888888888888888888888888888888888888888888888888888888666666666677777777777666666666666688888888888888888888888888888888888888888888888886666676666666666666666666667777777666666666888888
8888888888888866666666668888888888888888888888886666666668888888888888888888888888888888888888888888888888888888888888888886666666666777777777777777766666666668888888888888888888888888888888888888888888888888866666677776666666666677777776666666666668888888
8888888888888866666666888888888888888888888888888666666668888888888888888888888888888888888888888888888888888888888888888666666666667777777777777777776666666668888888888888888888888888888888888888888888888888866666677777666666666777777766666666688888888888
8888888886666666666888888888888888888888888888888866666668888888888888888888888888888888888888888888888888888888888888888666666666777777777777777766666666666688888888888888888888888888888888888888888888888888886666667777777777777777777666666668888888888888
8888666666666666888888888888888888888888888888888886667666688888888888888888888888888888888888888888888888888888888888888666666667777777777777766666666666668888888888888888888888888888888888888888888888888888888886666677777777777777776666666688888888888888
8886666666666668888888888888888888888888888888888888667776688888888888888888888888888888888888888888888888888888888888886666666667777777777776666666668888688888888888888888888888888888888888888888888888888888888886666667777777777777766666666888888888888888
6666666776666688888888888888888888888888888888888888667777666888888888888888888888888888888888888888888888888888888888886666666677777777666666666666888888888888888888888888888888888888888888888888888888888888888888666667777777777776666666688888888888888888
6666666776666888888888888888888888888888888888888888666777666888888888888888888888888888888888888888888888888888888888866666677777777776666666666688888888888888888888888888888888888888888888888888888888888888888888866666777777777776666666688888888888888888
7776666666688888888888888888888888888888888888888888666777766668888888888888888888888888888888888888888888888888888888666666777777777766666666666688888888888888888888888888888888888888888888888888888888888888888888866666677777777776666666688888888888888888
7777666666888888888888888888888888888888888888888888666777776668888888888888888888888888888888888888888888888888888666666667777777777666666666888888888888888888888888888888888888888888888888888888888888888888888888866666677777777777666666688888888888888888
7777666668888888888888888888888888888888888888888888666677777666888888888888888888888888888888888888888888888888886666666677777777776666666688888888888888888888888888888888888888888888888888888888888888888888888888866666677777777777666666668888888888888888
7776666888888888888888888888888888888888888888888888666677777766688888888888888888888888888888888888888888888888666666666777777777666666668888888888888888888888888888888888888888888888888888888888888888888888888888866666677777777777776666666688888888888888
7766688888888888888888888888888888888888888888888888666777777766668888888888888888888888888888888888888888888886666666667777777776666666688888888888888888888888888888888888888888888888888888888888888888888888888888866666777777777777777666666688888888888888
6666688888888888888888888888888888888888888888888888666777766666666666888888888888888888888888888888888888666666666667777777777766666666888888888888888888888888888888888888888888888888888888888888888888888888888888866667777777766677777766666668888888888888
6666888888888888888888888888888888888888888888888886666777666666666666688888888888888888888888888888888888666666666777777777776666666888888888888888888888888888888888888888888888888888888888888888888888888888888888666667777777666666667776666666888888888888
6668888888888888888888888888888888888888888888888886666666666666666666688888888888888888888888888888888866666666667777777777776666668888888888888888888888888888888888888888888888888888888888888888888888888888888888666667777776666666666666666666668888888888
6688888888888888888888888888888888888888888888888866666666668888886666666888888888888888888888888888886666666666777777777777766666688888888888888888888888888888888888888888888888888888888888888888888888888888888886666677777666666666666666666666666888888888
6688888888888888888888888888888888888888888888888666666668888888888888666888888888888888888888888888666666666667777777777777666666888888888888888888888888888888888888888888888888888888888888888888888888888888888866666677776666666666666666666666666666888888
6688888888888888888888888888888888888888888888886666666688888888888888888888888888888888888888888866666666667777777777777777666666888888888888888888888888888888888888888888888888888888888888888888888888888888888666666777666666666888866666666666666666666688
6888888888888888888888888888888888888888888888866666668888888888888888888888888886888888888866666666666666677777777777777776666666888888888888888888888888888888888888888888888888888888888888888888888888888888886666677766666666688888888866666666666666666666
6888888888888888888888888888888888888888888888666666888888888888888888888888888866666666666666666666666667777777777777777776666666888888888888888888888888888888888888888888888888888888888888888888888888888888886667777666666668888888888888886666666666666666
6888888888888888888888888888888888888888888886666668888888888888888888888888888666666666666666666666666677777777777777777766666668888888888888888888888888888888888888888888888888888888888888888888888888888888866667776666666888888888888888888866666666666666
6888888888888888888888888888888888888888888886888888888888888888888888888888888888866666666666777766777777777777777777776666666668888888888888888888888888888888888888888888888888888888888888888888888888888888666667766668888888888888888888888888866666666666
6888888888888888888888888888888888888888888868888888888888888888888888888888888888888888666666777777777777777777777777766666666688888888888888888888888888888888888888888888888888888888888888888888888888888886666666666688888888888888888888888888886666666666
6688888888888888888888888888888888888888888888888888888888888888888888888888888888888888866666677777777777777777777777766666666688888888888888888888888888888888888888888888888888888888888888888888888888888866666668888888888888888888888888888888888666668888
6668888888888888888888888888888888888888888888888888888888888888888888888888888888888888866666666777777777777777777777766666666688888888888888888888888888888888888888888888888888888888888888888888888888888866666668888888888888888888888888888888888866668888
6668888888888888888888888888888888888888888888888888888888888888888888888888888888888888888666666667777777777777777777776666666668888888888888888888888888888888888888888888888888888888888888888888888888886666666888888888888888888888888888888888888888888888
6666888888888888888888888888888888888888888888888888888888888888888888888888888888888888888886666666677777777777777777777766666666888888888888888888888888888888888888888888888888888888888888888868888888866668888888888888888888888888888888888888888888888888
6666688888888888888888888888888888888868888888888888888888888888888888888888888888888888888888666666667777777777777777777776666666888888888888888888888888888888888888888888888888888888888888666666666886666688888888888888888888888888888888888888888888888888
6666688888888888888888888888888888888668888888888888888888888888888888888888888888888888888888666666667777777777777777777777666666688888888888888888888888888888888888888888888888888888888886666666666666666688888888888888888888888888888888888888888888888888
8677668888888888888888888888888888886688888888888888888888888888888888888888888888888888888888666666667777777777777777777777766666666888888888888888888888888888888888888888888888888888888886666666666666668888888888888888888888888888888888888888888888888888
8867766888888888888888888888888888866688888888888888888888888888888888888888888888888888888888666666667777777777777777777777776666666668888888888888888888888888888888888888888888888888888886666666666666668888888888888888888888888888888888888888888888888888
8886777788888888888888888888888886666688888888888888888888888888888888888888888888888888888888666666677777777766666777777777777666666666888888888888888888888888888888888888888888888888888886666666666666688888888888888888888888888888888888888888888888888888
8886677777666668888888888888888866666888888888888888888888888888888888888888888888888888888888666666777777777666666666667777777766666666888888888888888888888888888888888888888888888888888866666666666666888888888888888888888888888888888888888888668888888888
8886677777776666888888888886686667766888888888888888888888888888888888888888888888888888888886666667777777666666666666666777777777666666666888888888888888888888888888888888888888888888888666666666666668888888888888888888888888888888888888888888668888888888
8886667777777666688888888886666666666688888888888888888888888888888888888888888888888888888886666677777766666666666666666666666777766666666688888888888888888888888888888888888888888888666666666666666688888888888888888888888888888888888888888888668888888888
8886666777777776668888888888888888886888888888888888888888888888888888888888888888888888888886666677777666666666666666666666666777777666666688888888888888888888888888888888888888888888666666777666666888888888888888888888888888888888888888888888668888888888
8886666777777777768888888888888888888888888888888888888888888888888888888888888888888888888866666776666666666666666666666666666677777776666668888888888888888888888888888888888888888888666666666666666888888888888888888888888888888888888888888888888888888888
8886667777777777768888888888888888888888888888888888888888888888888888888888888888888888886666666666666666666666666666666666666666666777776666688888888888888888888888888888888888888888666666666666666888888888888888888888888888888888888888888888888888888888
8886677777777776668888888888888888888888888888888888888888888888888888888888888888888888666677776666666666666666666666666666666666666677777666666668888888888888888888888888888888888888666666666666666888888888888888888888888888888888888888888888888888888888
8886777777766666688888888888888888888888888888888888888888888888888888888888888888888866667777766666666688888888888888888866666666666667777776666666688888888888888888888888888888888888866666666666666688888888888888888888888888888888888888888888888888888888
8867777777666666888888888888888888888888888888888888888888888888888888888888888888886666667776666666888888888888888888888888888866666666777776666666666688888888888888888888888888888888888888886666666688888888888888888888888888888888888888888888888888888888
8667777776666688888888888888888888888888888888888888888888888888888888888888888888866666666666666888888888888888888888888888888888888886666666666666666666888888888888888888888888888888888888888888866666888888888888888888888888888888888888888888888888888888
6677777766688888888888888888888888888888888888888886688888888888888888888888888866667766666668888888888888888888888888888888888888888888666666666666666666668888888888688888888888888888888888888888866666668888888888888888888888888888888888888888888888888888
6777777688888888888888888888888888888888888888888886666668668888888888888888888666667666666688888888888888888888888888888888888888888888886666666676666666666666888888668888888888888888888888888888888866666888888888888888888888888888888888888888888888888888
7776666688888888888888888888888888888888888888888888866666666688888888888888886666666666666888888888888888888888888888888888888888888888888666666677776666666666666888888888888888888888888888888888888888866666888888888888888888888888888888888888888888888888
7766666688888888888888888888888888888888888888888888886666666668888888888866666776666666888888888888888888888888888888888888888888888888888866666666777777777776666888888888888888888888888888888888888888888666688888888888888888888888888888888888888888888888
7666666688888888888888888888888888888888888888888888888666666667666666666677777766666688888888888888888888888888888888888888888888888888888886666666677777777776666888888888888888888888888888888888888888888886666888888888888888888888888888888888888888888888
6666666668888888888888888888888888888888888888888888888666666677766666667777777666666888888888888888888888888888888888888888888888888888888888866666667777777766666888888888888888888888888888888888888888888886666688888888888888888888888888888888888888888888
6666666668888888888888888888888888888888888888888888888666666677777777777777777666688888888888888888888888888888888888888888888888888888888888888666666777777666668888888888888888888888888888888888888888888888666666888888888888888888888888888888888888888888
8888888888888888888888888888888888888888888888888888888886666666777777777777776668888888888888888888888888888888888888888888888888888888888888888886666677776666668888888888888888888888888888888888888888888888866666688888888888888888888888888888888888888888
8888888888888888888888888888888888888888888888888888888888666666667777777777766688888888888888888888888888888888888888888888888888888888888888888888866667776666688888888888888888888888888888888888888888888888888666668888888888888888888888888888888888888888
8888888888888888888888888888888888888888888888888888888888666666666677777777666688888888888888888888888888888888888888888888888888888888888888888888888666666666888888888888888888888888888888888888888888888888888866666668888888888888888888888888888888888888
8888888888888888888888888888888888888888888888888888888888666666666666777776666888888888888888888888888888888888888888888888888888888888888888888888888666666666888888888888888888888888888888888888888888888888888886666666688888888888888888888888888888888888
8888888888888888888888888888888888888888888888888888688886666666666666666666666888888888888888888888888888888888888888888888888888888888888888888888888666666666888888888888888888888888888888888888888888888888888886666666668888888888888888888888888888888888
8888888888888888888888888888888888888888888888888886668888888888886666666666666888888888888888888888888888888888888888888888888888888888888888888888888666666666888888888888888888888888888888888888888888888888888888886666666688888888888888888888888888888888
8888888888888888888888888888888888888888888888888886888888888888888866666666666688888888888888888888888888888888888888888888888888888888888888888888888666666666888888888888888888888888888888888888888888888888888888888666666668888888888888888888888888888888
8888888888888888888888888888888888888888888888888888888888888888888888886666666688888888888888888888888888888888888888888888888888888888888888888888888666666666688888888888888888888888888888888888888888888888888888888666666666888888888888888888888888888888
8888888888888888888888888888888888888888888888888888888888888888888888888666666668888888888888888888888888888888888888888888888888888888888888888888888666666666668888888888888888888888888888888888888888888888888888888866666666668888888888888888888888888888
8888888888888888888888888888888888888888888888888888888888888888888888888866666666888888888888888888888888888888888888888888888888888888888888888888888866666666666888888888888888888888888888888888888888888888888888888886666666666688888888888888888888888888
8888888888888888888888888888888888888888888888888888888888888888888888888888866666888888888888888888888888888888888888888888888888888888888888888888888888886666666888888888888888888888888888888888888888888888888888888886666676666688888888888888888888888888
8888888888888888888888888888888888888888888888888888888888888888888888888888886666668888888888888888888888888888888888888888888888888888888888888888888888888886666688888888888888888888888888888888888888888888888888888886666777766666688888888888888888888888
8888888888888888888888888888888888888888888888888888888888888888888888888888888666666888888888888888888888888888888888888888888888888888888888888888888888888888666666888888888888888888888888888888888888888888888888888886666777777666668888888888888888888888
8888888888888888888888888888888888888888888888888888888888888888888888888888888866666688888888888888888888888888888888888888888888888888888888888888888888888888866666888888888888888888888888888888888888888888888888888866667777777766666888888888888888888888
8888888888888888888888888888888888888888888888888888888888888888888888888888888888666668888888888888888888888888888888888888888888888888888888888888888888888888888666666888888888888888888888888888888888888888888888888866667777777776666666688888888888888888
8888888888888888888888888888888888888888888888888888888888888888888888888888888888866666688888888888888888888888888888888888888888888888888888888888888888888888888666666688888888888888888888888888888888888888888888888666677777777776666666668888888888888888
8888888888888888888888888888888888888888888888888888888888888888888888888888888888866666666688888888888888888888888888888888888888888888888888888888888888888888888866666668888888888888888888888888888888888888888888866666677766666666667777766666668866666666
8888888888888888888888888888888888888888888888888888888888888888888888888888888888866666666666888888888888888888888888888888888888888888888888888888888888888888888888866666668888888888888888888888888888888888888886666677666666666666667777776666666666666666
8888888888888888888888888888888888888888888888888888888888888888888888888888888888866666667766866666688888888888888888888888888888888888888888888888888888888888888888886666668888888888888888888888888888888888886666666777666666666666666666677777766666666666
8888888888888888888888888888888888888888888888888888888888888888888888888888888888866666677777766666688888888888888888888888888888888888888888888888888888888888888888888866666668888888888888888888888888888888866666666776666888888888888866667777766666666666
8888888888888888888888888888888888888888888888888888888888888888888888888888888888666666677777777766666688888888888888888888888888888888888888888888888888888888888888888886666666666888888888888888888888888888666666666668888888888888888888886666666667777777
8888888888888888888888888888888888888888888888888888888888888888888888888888888888666666677777777766666668888888888888888888888888888888888888888888888888888888888888888888866666666666888888888888888888888886666666666888888888888888888888888666666666777777
8888888888888888888888888888888888888888888888888888888888888888888888888888888888666666666666667666666666668888888888888888888888888888888888888888888888888888888888888888886666666666668888888888888888886666666666668888888888888888888888888666666666667777
8888888888888888888888888888888888888888888888888888888888888888888888888888888888666666666668866666666666668888888888888888888888888888888888888888888888888888888888888888886666666666666666888888888666866666666666688888888888888888888888888888666666666777
8888888888888888888888888888888888888888888888888888888888888888888888888888888666666688888888888888886666666688888888888888888888888888888888888888888888888888888888888888886666677666666666666666666666666666666688888888888888888888888888888888886666666677
8888888888888888888888888888888888888888888888888888888888888888888888888888886666666888888888888888888886666666666688888888888888888888888888888888888888888888888888888888866666677777777776666666666677766666666888888888888888888888888888888888888866666666
6888888888888888888888888888888888888888888888888888888888888888888888888866666668888888888888888888888888666666666666666668888888888888888888888888888888888888888888888888866666677777777777776666666777766666668888888888888888888888888888888888888886666666
6888888888888888888888888888888888888888888888888888888888888888888888888666666668888888888888888888888888866666666677666666888888888888888888888888888888888888888888888888666666677777777777777777777777666688888888888888888888888888888888888888888888886666
6688888888888888888888888888888888888888888888888888888888888888888886666668888888888888888888888888888888888886666677766666888888888888888888888888888888888888888888888886666667777777766666666677777776666888888888888888888888888888888888888888888888888866
6688888888888888888888888888888888888888888888888888888888888888888866666668888888888888888888888888888888888888666667666666688888888888888888888888888888888888888888888866666677777777666666666667777776666888888888888888888888888888888888888888888888888886
6688888888888888888888888888888888888888888888888888888888888666666666666888888888888888888888888888888888888888888666666676668888888888888888888888888888888888888888888666667777776666666666666666666666666888888888888888888888888888888888888888888888888886
6668888888888888888888888888888888888888888888888888888888888666666666888888888888888888888888888888888888888888888888666666666666888888888888888888888888888888888888888666677777666666666888888666666666666688888888888888888888888888888888888888888888888886
6666888888888888888888888888888888888888888888888888888888888666677666888888888888888888888888888888888888888888888888666666666666666688888888888888888888888888888888866666666666666888888888888888886666666688888888888888888888888888888888888888888888888886
7766668888888888888888888888888888888888888888888888888888888667776668888888888888888888888888888888888888888888888888866666666666666666888888888888888888888888888886666777666666668888888888888888886666666668888888888888888888888888888888888888888888888886
7776666888888888888888888888888888888888888888888888888888866667766888888888888888888888888888888888888888888888888888888866666666766666666888888888888888888888886666667777666666688888888888888888888886666666888888888888888888888888888888888888888888888886
7777666688888888888888888888888888888888888888888888888888777666668888888888888888888888888888888888888888888888888888888866666666776666666688888888888888888888866666777766666668888888888888888888888888886666668888888888888888888888888888888888888888888886
7777766668888888888888888888888888888888888888888888866666777666888888888888888888888888888888888888888888888888888888888886666666677777766668888888888888888886666777776666668888888888888888888888888888888888866888888888888888888888888888888888888888888866
7777777666888888888888888888888888888888888888888888866667777666888888888888888888888888888888888888888888888888888888888888886666666777777666666666886666666666677777766666668888888888888888888888888888888888888888888888888888888888888888888888888888888866
6777777776668888888888888888888888888888888888888866666777766668888888888888888888888888888888888888888888888888888888888888888866666667777777666666666666666677777776666668888888888888888888888888888888888888888888888888888888888888888888888888888888888866
6677777777666668888888888888888888888888888888886666677777666888888888888888888888888888888888888888888888888888888888888888888888866666677777766666666666666777777766666688888888888888888888888888888888888888888888668888888888888888888888888888888888886666
6666777777766666666688888888888888888888888886666667777776668888888888888888888888888888888888888888888888888888888888888888888888886666666777777777766666677777777666666888888888888888888888888888888888888888888888866888888888888888888888888888888888866666
6666666777766666666668888888888888888888888866666677777766688888888888888888888888888888888888888888888888888888888888888888888888888866666677777777777667777777776666668888888888888888888888888888888888888888888888888686668888888888888888888888888886666667
