8888888888888888888888888866666688888888888888888888666666666688888888888888888888888888888888888888888888888888888888888888888888888866666677688888888888888888888888888888666888888888888888888888888888888888888888888888888888888888886666666667666666688888
8888888888888888888888888666666888888888888888888888866666666688888888888888888888888888888888888888888888888888888888888888888888888866666677688888888888888888888888888888866888888888888888888888888888888888888888888888888888888888888866666666666666688888
6888888888888888888888866666668888888888888888888888886666666688888888888888888888888888888888888888888888888888888888888888888888888866666676668888888888888888888888888888888888888888888888888888888888888888888888888888888888888888888888666666666666666888
6668888888888888888888666668888888888888888888888888888888666668888888888888888888888888888888888888888888888888888888888888888888888866666666888888888888888888888888888888888888888888888888888888888888888888888888888888888888888888888888866666667766666688
6666668888888888886666666668888888888888888888888888888888886666888888888888888888888888888888888888888888888888888888888888888888888866776666888888888888888888888888888888888888888888888888888888888888888888888888888888888888888888888888886666667777766666
7766666666666666667766666688888888888888888888888888888888888866888888888888888888888888888888888888888888888888888888888888888888888667776666888888888888888888888888888888888888888888888888888888888888888888888888888888888888888888888888888866667777777666
7777766666666666666766666668888888888888888888888888888888888886668888888888888888888888888888888888888888888888888888888888888888888677766668888888888888888888888888888888888888888888888888888888888888888888888888888888888888888888888888888886666677777776
6777777776667777666666688888888888888888888888888888888888888888666688888888888888888888888888888888888888888888888888888888888888886667666688888888888888888888888888888888888888888888888888888888888888888888888888888888888888888888888888888888666667777777
6777777777777777666666888888888888888888888888888888888888888888666666888888888888888888888888888888888888888888888888888888888888866666666888888888888888888888888888888888888888888888888888888888888888888888888888888888888888888888888888888888666667777777
6777777777777766666688888888888888888888888888888888888888888888886666668888888888888888888888888888888888888888888888888888888888666666668888888888888888888888888888888888888888888868888888888888888888888888888888888888888888888888888888888888866667777777
6777777777777666666888888888888888888888888888888888888888888888888666666688888888888888888888888888888888888888888888888888888886666666688888888888888888888888888888888888888888888866888888888888888888888888888888888888888888888888888888888888866666777777
6777777777776666668888888888888888888888888888888888888888888888888866666688888888888888888888888888888888888888888888888888888886666668888888888888888888888888888888888888888888888886688888888888888888888888888888888888888888888888888888888888866666677777
7777777777766666668888888888888888888888888888888888888888888888888888886668888888888888888888888888888888888888888888888888886666666688888888888888888888888888888888888888888888888888688888888888888888888888888888888888888888888888888888888888666666666666
7777777777666666888888888888888888888888888888888888888888888888888888886666688888888888888888888888888888888888888888888888866666666888888888888888888888888888888888888888888888888888886688888888888888888888888888888888888888888888888888888888666666666666
7777777776666668888888888888888888888888888888888888888888888888888888888666668888888888888888888888888888888888888888888888666776666888888888888888888888888888888888888888888888888888886688888888888888888888888888888888888888888888888888888888666666688886
7777777776666688888888888888888888888888888888888888888888888888888888888866666888888888888888888888888888888888888888888886667777666888888888888888888888888888888888888888888888888888866666668888888888888888888888888888888888888888888888888888868888888888
6667777776666688888888888888888888888888888888888888888888888888888888888888666668888888888888888888888888888888888888886666777777666888888888888888888888888888888888888888888888888888866666668888888888888888888888888888888888888888888888888888888888888888
6666777776666688888888888888888888888888888888888888888888888888888888888888666668888888888888888888888888888888888888886667777777666888888888888888888888888888888888888888888888888888866666668888888888888888888888888888888888888888888886688888888888888888
6666677777666668888888888888888888888888888888888888888888888888888888888888888666666888888888888888888888888888888888866777777777666888888888888888888888888888888888888888888888888888866666688888888888888888888888888888888888888888888866888888888888888888
6666666777766668888888888888888888888888888888888888888888888888888888888888888886666888888888888888888888888888888866667777777777666888888888888888888888888888888888888888888888888888666666888888888888888888888888888888888888888888666668888888888888888888
6666666677776668888888888888888888888888888888888888888888888888888888888888888888866688888888888888888888888888888666667777766666666688888888888888888888888888888888888888888888888888666668888888888888888888888888888888888888888866666668888888888888888888
8888666667776666888888888888888888888888888888888888888888888888888888888888888888866666888888888888888888888888886666667766666666666688888888888888888888888888888888888888888888888866688888888888888888888888888888888888888888888666666888888888888888888888
8888888666777666688888888888888888888888888888888888888888888888888888888888888888888666666888888888888888888888666666666666666666666688888888888888888888888888888888888888888888888666888888888888888888888888888888888888888888888666666888888888888888888888
8888888666667766668888888888888888888888888888888888888888888888888888888888888888888886666668888888888888888886666666666666666666668888888888888888888888888888888888888888888888888688888888888888888888888888888888888888888888888666668888888888888888888888
8888888666666776668888888888888888888888888888888888888888888888888888888888888888888886666666666668888888666667777666666888888888888888888888888888888888888888888888888888888886868888888888888888888888888888888888888888888888888666668888888888888888888888
8888888888866666666888888888888888888888888888888888888888888888888888888888888888888888666666666666666666666777777666666888888888888888888888888888888888888888888888888888888886666888888888888888888888888888888888888888888888888866688888888888888888888888
8888888888888666666688888888888888888888888888888888888888888888888888888888888888888888866666666666666666777777776668888888888888888888888888888888888888888888888888888888866666888888888888888888888888888888888888888888888888888886688888888888888888888888
8888888888888666666668888888888888888888888888888888888888888888888888888888888888888888888666677766666677777777666668888888888888888888888888888888888888888888888888888888666666888888888888888888888888888888888888888888888888888888888888888888888888888888
8888888888888866666668888888888888888888888888888888888888888888888888888888888888888888888666677777777777777776666888888888888888888888888888888888668888888888888888888886666666888888888888888888888888888888888888888888888888888888888888888888888888888888
8888888888888886666668888888888888888888888888888888888888888888888888888888888888888888888866677777777777777766668888888888888888888888888888888888668888888888888888888666666668888888888888888888888888888888888888888888888888888888888888888888888888888888
8888888888888888666668888888888888888888888888888888888888888888888888888888888888888888888886667777777777776666888888888888888888888888888888888888666888888888888888866666666688888888888888888888888888888888888888888888888888888888888888888888888888888888
8888888888888888866668888888888888888888888888888888888888888888888888888888888888888888888886666777777777766688888888888888888888888888888888888888666688888888888866666666666688888888888888888888888888888888888888888888888888888888888888888888888888888888
8888888888888888866666888888888888888888888888888888888888888888888888888888888888888888888886666677777777666688888888888888888888888888888888888888886668888888888866666666666688888888888888888888888888888888888888888888888888888888888888888888888888888888
8888888888888888886666688888888888888888888888888888888888888888888888888888888888888888888886666677777777666688888888888888888888888888888888888888888868886666666666666666666688888888888888888888888888888888888888888888888888888888888886888888888888888888
8888888888888888886666688888888888888888888888888888888888888888888888888888888888888888888886666777777776666888888888888888888888888888888888888888888888886666666666667766666688888888888888888888888888888888888888888888888888888888888866688888888888888888
8888888888888888886666688888888888888888888888888888888888888888888888888888888888888888888886667777777766668888888888888888888888888888888888888888888888888666677777777766666668888888888888888888888888888888888888888888888888888888888666668888888888888886
8888888888888888886666688888888888888888888888888888888888888888888888888888888888888888888886667777777766668888888888888888888888888888888888888888888888888666777777777776666666688888888888888888888888888888888888888888888888888888886666668888888888888866
8888888888888888886666688888888888888888888888888888888888888888888888888888888888888888888866677777777666668888888888888888888888888888888888888888888888888886667777777777766666666688888888888888888888888888888888888888888888888888886888888888888888886677
8888888888888888886667766688888888888888888888888888888888888888888888888888888888888888888666677777777666666888888888888888888888888888888888888888888888888888666677777777777666666666888888888888888888888888888888888888888888888888888888888888888888866677
8888888888888888866667776668888888888888888888888888888888888888888888888888888888888888866666677777777766666888888888888888888888888888888888888888888888888888666667777777777766666666688888888888888888888888888888888888888888888888888888888888888888888667
8888888888888888866677776668888888888888888888888888888888888888888888888888888888888888866666777777777766666688888888888888888888888888888888888888888888888888866666777777777777776666666688888888888888888888888888888888888888688888888888888888888888888666
8888888888888886666677776666888888888888888888888888888888888888888888888888888888888888666667777777777776666688888888888888888888888888888888888888888888888888886666677777777777777666666668888888888888888888888888888888888886668888888888888888888888888886
8888888888888886666777777666688888888888888888888888888888888888888888888888888888888888666667777777777776666668888888888888888888888888888888888888888888888888888666667777777777776666666666688888888888888888888888888888888888888888888888888888888888888888
8888888888888666667777777766666888888888888888888888888888888888888888888888888888888886666677777777776666666666688888888888888888888888888888888888888888888888888666667777777777666666666666668888888888888888888888888888888888888888888888888888888888888888
8888888888888666677777777776666668888888888888888888888888888888888888888888888888888886667777777777666666666666668888888888888888888888888888888888888888888888888666667777777776666666666666666668888888888888888888888888888888888888888888888888888888888888
8888888888866667777777777777766668888888888888888888888888888888888888888888888888888666777777777766666666666666666888888888888888888888888888888888888888888888888666667777776666666666666666666666888888888886666666888888888888888888888888888888888888888888
8888666666666777777777777777776668888888888888888888888888888888888888888888888888666666777777666666666666666666666668888888888888888888888888888888888888888888888666677777666666666666666666666666688666666666666666888888888888888888888888888888888888888888
8888866666666677776666677777776666888888888888888888888888888888888888888888888866666667777776666666688888888886666666888888888888888888888888888888888888888888888666777776666666666688886666666666666666666666666666888888888888888888888888888888888888888888
8888886666666666666666666666666676668888888888888888888888888888888888888888888666667677777766666666688888888888886666888888888888888888888888888888888888888888888666777666666668888888888886666666666666667776666666888888888888888888888888888888888888888888
8888888666666666666666666666666677666888888888888888888888888888888888888888866666677666777666666688888888888888888886888888888888888888888888888888888888888888888666666666666688888888888888888886667766777776666666888888888888888888888888888888888888888888
8888888666666666888888888886666667666666888888888888888888888888888888888888667666666666666666668888888888888888888888888888888888888888888888888888888888888888886666666666888888888888888888888888666677777766666666888888888888888888888888888888888888888888
8888888866666668888888888888886666666666668888888888888888888888888888888886667766666666666668888888888888888888888888888886888888888888888888888888888888888888886666666668888888888888888888888888666667777766666888888888888888888888888888888888888888888888
8888888866666888888888888888888886666666666666888888888888888888888888866666667766666666666668888888888888888888888888888866688888888888888888888888888888888888866666666668888888888888888888888888866666677766666888888888888888888888888888888888888888888888
8888888866668888888888888888888888866666776666668888888888888888888886666666666666886666666668888888888888888888888888888886666888888888888888888888888888888888666666666688888888888888888888888888888666667766666888888888888888888888888888888888888888888888
8888888886688888888888888888888888888666676666666666666666666668888866667766666668888866666668888888888888888888888888888888886888888888888888888888888888888886666666668888888888888888888888888888888866666666666888888888888888888888888888888888888888888888
8888888888888888888888888888888888888886666666666666666666666666666666666666666688888888886668888888888888888888888888888888886666666888888888888888888888888666666666688888888888888888888888888888888866666666666888888888888888888888888888888888888888888888
8888888888888888888888888888888888888888666666777777766666666667777777666666666888888888888688888888888888888888888888888888888666666888888888888888888888866666776668888888888888888888888888888888888888666666666888888888888888888888888888888888888888888888
8888888888888888888888888888888888888888886666777777777766666677777777666688888888888888888888888888888888888888888888888888888886666688888888888888888886666667766688888888888888888888888888888888888888886666666668888888888888888888888888888888888888888888
8888888888888888888888888888888888888888888666667777777777777777777766666688888888888888888888888888888888888888888888888888888888666668888888888888888866666676666888888888888888888888888888888888888888888666666668888888888888888888888888888888888888888888
8888888888888888888888888888888888888888888866666777777777777777777666666888888888888888888888888888888888888888888888888888888888866666888888888888888666666776666888888888888888888888888888888888888888888886666666668888888888888888888888888888888888888888
8888888888888888888888888888888888888888888886666667777777777777666666668888888888888888888888888888888888888888888888888888888888886666688886688888886666666776666888888888888888888888888888888888888888888888866666666888888888888888888888888888888888888888
8888888888888888888888888888888888888888888888866666777777777776666668888888888888888888888888888888888888888888888888888888888888886666888886666886666666677766668888888888888888888888888888888888888888888888888866666668888888888888888888888888888888888888
8888888888888888888888888888888888888888888888866666677777777766666688888888888888888888888888888888888888888888888888888888888888888668888886666666666667777666668888888888888888888888888888888888888888888888888886666668888888888888888888888888888888888888
8888888888888888888888888888888888888888888888886666667777777666666888888888888888888888888888888888888888888888888888888888888888888888888888666666666677777666688888888888888888888888888888888888888888888888888888866666888888888888888888888888888888888888
8888888888888888888888888888888888888888888888888666666777777666668888888888888888888888888888888888888888888888888888888888888888888888888888866666666677777666688888888888888888888888888888888888888888888888888888866666666888888888888888888888888888888888
8888888888888888888888888888888888888888888888888886666677777666668888888888888888888888888888888888888888888888888888888888888888888888888888888886666667777666688888888888888888888888888888888888888888888888888888886666666688888888888888888888888888888888
8888888888888888888888888888888888888888888888888886666667777766668888888888888888888888888888888888888888888888888888888888888888888888888888888888666666777666688888888888888888888888888888888888888888888888888888888886666666688888888888888888888888888888
8888888888888888888888888888888888888888888888888888866666777766668888888888888888888888888888888888888888888888888888888888888888888888888888888888866666677666888888888888888888888888888888888888888888888888888888888888666666668888888888888888888888888888
8888888888888888888888888888888888888888888888888888886666677666666888888888888888888888888888888888888888888888888888888888888888888888888888888888886666666666888888888888888888888888888888888888888888888888888888888888888666666888888888888888888888888888
8888888888888888888888888888888888888888888888888888888666677666666888888888888888888888888888888888888888888888888888888888888888888888888888888888888866666666888888888888888888888888888888888888888888888888888888888888888866666688888888888888888888888888
8888888888888888888888888888888888888888888888888888888886667666666688888888888888888888888888888888888888888888888888888888888888888888888888888888888886666666888888888888888888888888888888888888888888888888888888888888888866666666888888888888888888888888
8888888888888888888888888888888888888888888888888888888886666676666668888888888888888888888888888888888888888888888888888888888888888888888888888888888888666666688888888888888888888888888888888888888888888888888888888888888886666666688888888888888888888888
8888888888888888888888888888888888888888888888888888888886666677766666688888888888888888888888888888888888888888888888888888888888888888888888888888888888886666666888888888888888888888888888888888888888888888888888888888888888666666666688888888888888888888
8888888888888888888888888888888888888888888888888888888886666677776666668888888888888888888888888888888888888888888888888888888888888888888888888888888888886666666888888888888888888888888888888888888888888888888888888888888888888666666666888888888888888888
8888888888888888888888888888888888888888888888888888888886666677777666668888888888888888888888888888888888888888888888888888888888888888888888888888888888886666666688888888888888888888888888888888888888888888888888888888888888888866666666688888888888888888
8888888888888888888888888888888888888888888888888888888886666677777766666888888888888888888888888888888888888888888888888888888888888888888888888888888888886666666666888888888888888888888888888888888888888888888888888888888888888888666666666688888888888888
8888888888888888888888888888888888888888888888888888888886666677777776666688888888888888888888888888888888888888888888888888888888888888888888888888888888866666666666688888888888888888888888888888888888888888888888888888888888888888866666666666666688888888
8888888888888888888888888888888888888888888888888888888866666677777776666666888888888888888888888888888888888888888888888888888888888888888888888888888888866666666666888888888888888888888888888888888888888888888888888888888888888888886666666666666666688888
8888888888888888888888888888888888888888888888888888886666666677777777666666666888888888888888888888888888888888888888888888888888888888888888888888888888866666666668888888888888888888888888888888888888888888888888888888888888888888888666666666666666668888
8888888888888888888888888888888888888888888888888888886666667777777777777666666668888888888888888888888888888888888888888888888888888888888888888888888888666666666688888888888888888888888888888888888888888888888888888888888888888888888886666666666666666666
8888888888888888888888888888888888888888888888888888866666677777777777777666666666688888888888888888888888888888888888888888888888888888888888888888888888666666666888888888888888888888888888888888888888888888888888888888888888888888888888666666777766666666
8888888888888888888888888888888888688888888888888886666666777777777777777776666666668888888888888888888888888888888888888888888888888888888888888888888888666666668888888888888888888888888888888888888888888888888888888888888888888888888888866666677777766666
8888888888888888888888888888888888688888888888888866666667777777777777777777666666666888888888888888888888888888888888888888888888888888888888888888888888666666688888888888888888888888888888888888888888888888888888888888888888888888888888866666667777777777
8888888888888888888888888888888886666888888888666666667777777777777777777777766666666888888888888888888888888888888888888888888888888888888888888888888886666666688888888888888888888888888888888888888888888888888888888888888888888888888888866666666777777777
8888888888888888888888888888888886666666666666666666677777777777777777777777777666666688888888888888888888888888888888888888888888888888888888888888888866666668888888888888888888888888888888888888888888888888888888888888888888888888888888866666666777777777
8888888888888888888888888888888866666666666666667766777777777777677777777777777776666666688888888888888888888888888888888888888888888888888888888888888666666668888888888888888888888888888888888888888888888888888888888888888888888888888888866666666777777777
8888888888888888888888888888886666666666666666667776667777766666667777777777777777766666666668888888888888888888888888888888888888888888888888888888886666666668888888888888888888888888888888888888888888888888888888888888888888888888888888666666667777777777
8888888888888888888888888888866666666677666666666666666666666666666677777777777777777666666666888888888888888888888888888888888888888888888888888888866666666668888888888888888888888888888888888888888888888888888888888888888888888888888886666666777777777777
8888888888888888888888888886666776666677666666666666666666666666666666777777776666666666666666888888888888888888888888888888888888888888888888888888666666666668888888888888888888888888888888888888888888888888888888888888888888888888888866666667777777777777
8888888888888888888888888867777776666666666666666666666666666666666666777776666666666666666666666888888888888888888888888888888888888888888888888666666666666688888888888888888888888888888888888888888888888888888888888888888888888888886666666677777777777777
8888888888888888888888866677777766666668888888888866666666866666666666677666666666666666666666666688888888888888888888888888888888888888888888888666666666666888888888888888888888888888888888888888888888888888888888888888888888888888866666666677777777777777
8888888888888888888866666666666688888888888888888888888888888886666666666666666666666666666666666666688888888888888888888888888888888888888888666667777666666688888888888888888888888888888888888888888888888888888888888888888888888866666667776666666666667777
8888888888888888886666666666666888888888888888888888888888888888866666666666666666668888888888666666666688888888888888888888888888888888888866666677776666668888888888888888888888888888888888888888888888888888888888888888888888888666666667776666666666666777
8888888888888888666666666688888888888888888888888888888888888888866666666666666688888888888888866666666666668888888888888888888888888888886666667777766666688888888888888888888888888888888888888888888888888888888888888888888888866666666666666666666666666666
8888888888888666776666666888888888888888888888888888888888888888886666666666668888888888888888888666666666666888888888888888888888888888866666677777666668888888888888888888888888888888888888888888888888888888888888888888886666666676666666666666666666666666
8888888888666666666688888888888888888888888888888888888888888888888666666666888888888888888888888886666666666688888888888888888888888666666666777766666688888888888888888888888888888888888888888888888888888888888888888866666666667776666666666666888886666666
8888666666666666868888888888888888888888888888888888888888888888888886666888888888888888888888888888866666666666688888888888888888666666666667776666668888888888888888888888888888888888888888888888888888888888888888888866666666777766666666666668888888866666
8888666667776666888888888888888888888888888888888888888888888888888888888888888888888888888888888888888666666666666888888888886666666666667777766666688888888888888888888888888888888888888888888888888888888888888886666666666666666666666668888888888888886666
8866666677766666888888888888888888888888888888888888888888888888888888888888888888888888888888888888888886666666666666666666666666666666777777666666888888888888888888888888888888888888888888888888888888888888888886666666666666666666666888888888888888888886
6666666666668888888888888888888888888888888888888888888888888888888888888888888888888888888888888888888888666666666666666666666666666677777776666668888888888888888888888888888888888888888888888888888888888886666666666666666666666666688888888888888888888888
6777666666888888888888888888888888888888888888888888888888888888888888888888888888888888888888888888888888886666666666766666666667777777777766666688888888888888888888888888888888888888888888888888888888888866666666686666666666666666688888888888888888888888
7777666668888888888888888888888888888888888888888888888888888888888888888888888888888888888888888888888888888886666667777666666777777777776666666688888888888888888888888888888888666888888888888888888888886666666688888888666666666666688888888888888888888888
7666666888888888888888888888888888888888888888888888888888888888888888888888888888888888888888888888888888888888666666777667777777777777766666666888888888888888888888888888888888666666668888888888888888866666688888888888888886666666688888888888888888888888
6666668888888888888888888888888888888888888888888888888888888888888888868888888888888888888888888888888888888888866666666677777777777777766666668888888888888888888888888888888888866666666888888888888866666666688888888888888888888866688888888888888888888888
6666688888888888888888888888888888888888888888888888888888888888888886668888888888888888888888888888888888888888886666666677777777777777666666688888888888888888888888888888888888866666666666666666866666666666888888888888888888888886688888888888888888888888
6668888888888888888888888888888888888888888888888888888888888888888866666688888888888888888888888888888888888888888666666667777777777776666666688888888888888888888888888888888888886666666666666666666666688888888888888888888888888888888888888888888888888888
6668888888888888888888888888888888888888888888888888888888888888888888866666888888888888888888888888888888888888888866666666777777777776666666688888888888888888888888888888888888888666666666666666666666888888888888888888888888888888888888888888888888888888
8888888888888888888888888888888888888888888888888888888888888888888888886666688888888888888888888888888888888888888888666666677777777776666666688888888888888888888888888888888888888866666666667666666668888888888888888888888888888888888888888888888888888888
8888888888888888888888888888888888888888888888888888888888888888888888888666688888888888888888888888888888888888888888666666667777777777666666688888888888888888888888888888888888888866666666777666666688888888888888888888888888888888888888888888888888888888
8888888888888888888888888888888888888888888888888888888888888888888888888886666688888888888888888888888888888888888888666666677777777777766666668888888888888888888888888888888888888666666667777666668888888888888888888888888888888888888888668888888888888888
8888888888888888888888888888888888888888888888888888888888888888888888888888866668888888888888888888888888888888888888666666777776667777777666666888888888888888888888888888888888886666666677766666688888888888888888888888888888888888888888868888888888888888
8888888888888888888888888888888888888888888888888888888888888888888888888888886668888888888888888888888888888888888886666666677766666677777766666688888888888888888888888888888888866666666666666666888888888888888888888888888888888888888888868888888888888888
8888888888888888888888888888888888888888888888888888888888888888888888888888886668888888888888888888888888888888888866666666666666666666677776666688888888888888888888888888888886666667666666666888888888888888888888888888888888888888888888888888888888888888
8888888888888888888888888888888888888888888888888888888888888888888888888888886688888888888888888888888888888888888666667766666666666666667766666666888888888888888888888888888666666677766666668888888888888888888888888888888888888888888888888886666888888888
8888888888888888888888888888888888888888888888888888888888888888888888888888888888888888888888888888888888888888886666677666666666666666666666766666688888888888888888888888866666666777666666688888888888888888888888888888888888888888888888888886666688888888
8888888888888888888888888888888888888888888888888888888888888888888888888888888888888888888888888888888888888888666666666666668888888866666666666666666668888888888888888888666666677766666668888888888888888888888888888888888888888888888888888866666688888888
8888888888888888888888888888888888888888888888888888888888888888888888888888888888888888888888888888888888886666666666666668888888888888886666666666666666888888888888888666666667777666666888888888888888888888888888888888888888888888888888888866666668888888
8888888888888888888888888888888888888888888888888888888888888888888888888888888888888888888888888888888888886666666666668888888888888888888666666666666666666666666666666666666777776666668888888888888888888888888888888888888888888888888888888866666668888888
8888888888888888888888888888888888888888888666888888888888888888888888888888888888888888886666668888888866666666666666688888888888888888888866666666666666666666666666666666667777666666688888888888888888888888888888888888888888888888888888888666666668888888
8888888888888888888888666688888888888888888888888888888888888888888888888888888888888888886666668888888866666666666666888888888888888888888888866666666666666666666666666667777776666666888888888888888888888888888888888888888888888888888888888667777766888888
8888888888888888888888888888888888888888888888888888888888888888888888888888888888888888886666666666666667777766666666888888888888888888888888886666666666666666666666667777777766666668888888888888888888888888888888888888888888888888888888888667777776688888
8888888888888888888888888888888888888888888888888888888888888888888888888888888888888888886666666666666777777666666688888888888888888888888888888866666666666666666667777777777666666888888888888888888888888888888888888888888888888888888888866667777766668888
8888888888888888888888888888888888888888888888888888888888888888888888888888888888888888866666666666667777776666666888888888888888888888888888888888666666666666777777777777776666668888888888888888888888888888888888888888888888888888888888666666666666668666
8888888888888888888888888888888888888888888888888888888888888888888888888888888888888888866666666666666666666666666888888888888888888888888888888888866666666667777777777777766666688888888888888888888888888888888888888888888888888888888888666666688888888866
8888888888888888888888888888888888666688888888888888888888888888888888888888888888888888666666666666666666666666666888888888888888888888888888888888888886666666777777777777666666888888888888888888888888888888888888888888888888888888888888666888888888888886
8888888888888888888888888888888888866668888888888888888888888888888888888888888888888866666666666666666666666666666888888888888888888888888888888888888888886666677777777777666666688888888888888888888888888888888888888888888888888888888888868888888888888888
8888888888888888888888888888888888888888888888888888888888888888888888888888888888888666666666888888888866666666666688888888888888888888888888888888888888888666667777777777666666688888888888888888888888888888888888888888888888888888888888888888888888888888
8888888888888888888888888888888888888888888888888888888888888888888888888888888888666666888868888888888866666666666668888888888888888888888888888888888888888866666667777777666666688888888888888888888888888888888888888888888888888666688888888888888888888888
8888888888888888888888888888888888888888888888888888888888888888888888888888888866666668888888888888888888888866666688668888888888888888888888888888888888888888666666777777776666668888888888888888888888888888888888888888888888888666888888888888888888888888
8888888888888888888888888888888888888888888888888888888888888888888888888888888666666688888888888888888888888888886886666888888888888888888888888888888888888888866666677777777666666888888888888888888888888888888888888888888886666668888888888888888888888888
6888888888888888888888888888888888888888888888888888888888888888888888888888888666688888888888888888888888888888888886666888888888888888888888888888888888888888866666667777777766666688888888888888888888888888888888888888888866668888888888888888888888888888
6688888888888888888888888888888888888888888888888888888888888888888888888888888868888888888888888888888888888888888888666888888888888888888888888888888888888888886666666777777776666666888888888888888888888888888888888888888888888888888888888888888888888888
6688888888888888888888888888888888888888888888888888888888888888888888888888888888888888888888888888888888888888888888888888888888888888888888888888888888888888886666666677777777666666688888888888888888888888888888888888888888888888888888888888888888888888
6668888888888888888888888888888888888888888888888888888888888888888888888888888888888888888888888888888888888888888888888888888888888888888888888888888888888888888666666677777777766666668888888888888888888888888888888888888888888888888888888888888888888888
6666688888888888888888888888888888888888886666888888888888888888888888888888888888888888888888888888888888888888888888888888888888888888888888888888888888888888888666666777777777777666668888888888888888888888888888888888888888888888888888888888888888888888
6666688888888888888888888888888888888888666666668888888888888888888888888888888888888888888888888888888888888888888888888888668888888888888888888888888888888888888666666777777777666666666668888888888888888888886688888888888888888888888888888888888888888888
8666666688888888888888888888888888888886666666666666888888888888888888888888888888888888888888888888888888888888888888888886668888888888888888888888888888888888888666667777776666666666666666888888888888888888866688888888888888888888888888888888888888888888
8866666666888888888888888888888888888666666666666666688888888888888888888888888888888888888888888888888888888888888888888886668888888888888888888888888888888888886666667777766666666666666666666666666888888666668888888888888888888888888888888888888888888888
8886667666668888888888888888888888666666666666666666666888888888888888888888888888888888888888888888888888888888888888888888888888888888888888888888888888888888886666667776666666666666666666666666666666886666688888888888888888888888888888888888888888888888
8886666777666688888888888888888886666666666666777766666888888888888888888888888888888888888888888888888888888888888888888888888888888888888888888888888888888888866666666666666666666666666666667777777766686688888888888888888888888888888888888888888888888888
8886666777766668888888888888688866666666677777777766666888888888888888888888888888888888888888888888888888888888888888888888888888888888888888888888888888888888866666666666668888888888888866666677777776688888888888888888888888888888888888888888888888888888
8886666777777766668888888866666666666667777777777666666888888888888888888888888888888888888888888888888888888888888888888888888888888888888888888888888888888888866666666666888888888888888886666667777766688888888888888888888888888888888888888888888888888888
8866667777777777666666666666666666777777777777766666888888888888888888888888888888888888888888888888888888888888888888888888888888888888888888888888888888888886666666666888888888888888888888866666777666688888888888888888888888888888888888888888888888888888
8666667777777777777666666666666777777777777776666666888888888888888888888888888888888888888888888888888888888888888888888888888888888888888888888888888888888866666666688888888888888888888888888666666666688888888888888888888888888888888888888888888888888888
6666667777777777777766666666677777777777777766666888888888888888888888888888888888888888888888888888888888888888888888888888888888866668888888888888888888886666666666888888888888888888888888888866666666688888888888888888888888888888888888888888888888888888
6776667777777777777666667777777777777777776666668888888888888888888888888888888888888888888888888888888888888888888888888888888888866666688888888888888888866666666668888888888888888888888888888888666666688888888888888888888888888888888888888888888888888888
7776666666666666666666677777777777777777766666688888888888888888888888888888888888888888888888888888888888888888888888888888888888886666666888888888888866666666666888888888888888888888888888888888886666668888888888888888888888888888888888888888888888888888
6666666666666666666666677777777777777777666666688888888888888888888888888888888888888888888888888888888888888888888888888888888888886666666688888888888666666666668888888888888888888888888888888888886666666688888888888888888888888888888888888888888888888888
6888888888888888888666667777777777777777766666688888888888888888888888888888888888888888888888888888888888888888888888888888888888888666666666888888666666776666668888888888888888888888888888888888888666666688888888888888888888888888888888888888888888888888
6888888888888888888888666667777777777777766666668888888888888888888888888888888888888888888888888888888888888888888888888888888888888888666666666666666666666666688888888888888888888888888888888888888866666668888888888888888888888888888888888888888888888888
8888888888888888888888866666777777777777776666668888888888888888888888888888888888888888888888888888888888888888888888888888888888888888886666666666666666666668888888888888888888888888888888888888888886666666888888888888888888888888888888888888888888888888
8888888888888888888888886666666677777777777766666888888888888888888888888888888888888888888888888888888888888888888888888888888888888888886666666666777666666888888888888888888888888888888888888888888888866666888888888888888888888888888888888888888888888888
8888888888888888888888888666666667777777777777666668888888888888888888888888888888888888888888888888888888888888888888888888888888888888886666666667777666666888888888888888888888888888888888888888888888866666888888888888888888888888888888888888888888888888
8888888888888888888888888886666666667777777777766666888888888888888888888888888888888888888888888888888888888888888888888888888888888888886666666677776666666888888888888888888888888888888888888888888888886666668888888888888888888888888888888888888888888888
8888888888888888888888888888866666666677777777777666688888888888888888888888888888888888888888888888888888888888888888888888888888888888886666677666666666668888888888888888888888888888888888888888888888888886666888888888888888888888888888888888888888888888
8888888888888888888888888888886666666666677777777766666888888888888888888888888888888888888888888888888888888888888888888888888888888888866666777666666666888888888888888888888888888888888888888888888888888886666668888888888888888888888888888888888888888888
8888888888888888888888888888888866666666666666777776666668888888888888888888888888888888888888888888888888888888888888888888888888888888866667777666666668888888888888888888888888888888888888888888888888888888666666888888888888888888888888888888888888888888
8888888888888888888888888888888886666666666666666766666666888888888888888888888888888888888888888888888888888888888888888888888888888866666677776666666888888888888888888888888888888888888888888888888888888888886666668888888888888888888888888888888888888888
8888888888888888888888888888888886666666666888666666666666666668888888888888888888888888888888888888888888888888888888888888888888888666666777766666668888888888888888888888888888888888888888888888888888888888888666666688888888888888888888888888888888888888
8888888888888888888888888888888886666668888888888886666666666666888888888888888888888888888888888888888888888888888888888888888888886666667777666666688888888888888888888888888888888888888888888888888888888888888866666666888888888888888888888888888888888888
8888888888888888888888888888888886666668888888888888886666666666668888888888888888888888888888888888888888888888888888888888888888866666677776666688888888888888888888888888888888888888888888888888888888888888888886666666888888888888888888888888888888888888
8888888888888888888888888888888866666888888888888888888866666666666888888888888888888888888888888888888888888888888888888888888888666666777666668888888888888888888888888888888888888888888888888888888888888888888888866666688888888888888888888888888888888888
8888888888888888888888888888888666666888888888888888888888888666666666888888888888888888888888888888888888888888888888888888888886666666776666688888888888888888888888888888888888888888888888888888888888888888888888886666666888888888888888888888888888888888
8888888888888888888888888888888666666888888888888888888888888886666666666688888888888888888888888888888888888888888888888888888666666777666666888888888888888888888888888888888888888888888888888888888888888888888888886666666688888888888888888888888888888888
8888888888888888888888888888888666668888888888888888888888888888866666666666888888888888888888888888888888888888888888888888666666667777666666888888888888888888888888888888888888888888888888888888888888888888888888888666666666888888888888888888888888888888
8888888888888888888888888888888888666888888888888888888888888888886666666666668888888888888888888888888888888888888888888886666666777777666666888888888888888888888888888888888888888888888888888888888888888888888888888866666666688888888888888888888888888888
8888888888888888888888888888888888866688888888888888888888888888888888666666666688888888888888888888888888888888888888888666666677777777666666888888888888888888888888888888888888888888888888888888888888888888888888888886666666666888888888888888888888888888
8888888888888888888888888888888888886888888888888888888888888888888888866666666666666666666668888888888888888888668888866666667777777777766666888888888888888888888888888888888888888888888888888888888888888888888888888888666666666688888888888888888888888888
8888888888888888888888888888888888886888888888888888888888888888888888888888866666666666666666666666688888888866666666666666677777777777776666668888888888888888888888888888888888888888888888888888888888888888888888888888866666666666688888888888888888888888
8888888888888888888888888888888888888888888888888888888888888888888888888888888886666666766666666666668888666666666666666677777777777777776666666688888888888888888888888888888888888888888888888888888888888888888888888888866667776666668888888888888888888888
8888888888888888888888888888888888888888888888888888888888888888888888888888888886666667776666666666666666666666666666667777777776666667777766666668888888888888888888888888888888888888888888888888888888888888888888888888866667777776666666888888888888888886
8888888888888888888888888888888888888888888888888888888888888888888888888888888888866666666666666666666666666666666666777777777766666666677766666666888888888888888888888888888888888888888888888888888888888888888888888888866666777777666666688888888888888866
8888888888888888888888888888888888888888888888888888888888888888888888888888888888866666666666677666666666666666777777777777766666666666666666666666688888888888888888888888888888888888888888888888888888888888888888888888866666777777777776666666688888866667
8888888888888888888888888888888888888888888888888888888888888888888888888888888888888666666666777766666666666667777777777777666666666666666666666666668888888888888888888888888888888888888888888888888888888888888888888888866666777777777777666666666666666677
8888888888888888888888888888888888888888888888888888888888888888888888888888888888888866666666677777777777777777777777777766666666666666666666666666668888888888888888888888888888888888888888888888888888888888888888888888866666777777777777766666666666666777
8888888888888888888888888888888888888888888888888888888888888888888888888888888888888888666666677777777777777777777777776666666666666666666666666666666688886688888888888888888888888888888888888888888888888888888888888888866667777777777777777777777777777777
8888888888888888888888888888888888888888888888888888888888888888888888888888888888888888886666667777777777777777777777666666668888888888888888888666666666666668888888888888888888888888888888888888888888888888888888888888666677777777777777777777777777777777
8888888888888888888888888888888888888888888888888888888888888888888888888888888888888888888666666777777777777777776666666666888888888888888888888888886666666666888888888888888888888888888888888888888888888888888888888886667777777777666667777777777777777777
8886888888888888888888888888888888888888888888888888888888888888888888888888888888888888888866666777777777777777766666666668888888888888888888888888888666666666888888888888888888888888888888888888888888888888888888886666677777777766666666677777777777777776
6888888888888888888888888888888888888888888888888888888888888888888888888888888888888888888866666677777777777766666666668888888888888888888888888888888866666666888888888888888888888888888888888888888888888888888888886666777777766666666666666777777777777766
6688888888888888888888888888888888888888888888888888888888888888888888888888888888888888888866666677777777777666666666688888888888888888888888888888888886666666688888888888888888888888888888888888888888888888888888866667777776666666666666666677777777777666
6888888888888888888888888888888888888888888888888888888888888888888888888888888888888888888866666677777777776666666666888888888888888888888888888888888888866666668888888888888888888888888888888888886668888888888666667777776666688888888888666666677777776666
6888888888888888888888888888888888888888888888888888888888888888888888888888888888888888888866666777777777666666666688888888888888888888888888888888888888866666666888888888888888888888888888888888886668888888866666677777666666688888888888886666667777776666
6888888888888888888888888888888888888888888888888888888888888888888888888888888888888888888866667777777766666666668888888888888888888888888888888888888888888886666688888888888888888888888888888888888868666666666677777776666668888888888888888866666677777666
6888888888888888888888888888888888888888888888888888888888888888888888888888888888888888888666677777766666666666688888888888888888888888888888888888888888888888666666888888888888888888888888888888888886666666666777777766688888888888888888888888666667777766
6888888888888888888888888888888888888888888888888888888888888888888888888888888888888888866666777777666666666666888888888888888888888888888888888888888888888888666666688888888888888888888888888888888888666666777777766666888888888888888888888888866666777776
8688888888888888888888888888888888888888888888888888888888888888888888888888888888888886666667777777666666666888888888888888888888888888888888888888888888888888886666668888888888888888888888888888888888666667777776666668888888888888888888888888888666667777
8666688888888888888888888888888888888888888888888888888888888888888888888888888888888866666677777776666666688888888888888888888888888888888888888888888888888888888866666688888888888888888888888888888888666667777666688888888888888888888888888888888886666777
8888888888888888888888888888888888888888888888888888888888888888888888888888888888888666666677777666666666688888888888888888888888888888888888888888888888888888888886666668888888888888888888888888888888666667776668888888888888888888888888888888888888866676
8888888888888888888888888888888888888888888888888888888888888888888888888888888888866666666677776666666668888888888888888888888888888888888888888888888888888888888888666668888888888888888888888888888888666666666688888888888888888888888888888888888888866666
8888888888888888888888888888888888888888888888888888888888888888888888888888888888666666666666666666666688888888888888888888888888888888888888888888888888888888888888866666668888888888888888888888888888666666668888888888888888888888888888888888888888866666
8888888886666688888888888888888888888888888888888888888888888888886668888888666666666677766666666666666688888888888888888888888888888888888888888888888888888888888888888666666888888888888888888888888888666666688888888888888888888888888888888888888888888666
8888888888666668888888888888888888888888888888888888888888888888886666666666666666666777776666666666666688888888888888888888888888888888888888888888888888888888888888888886666888888888888888888888888886666666888888888888888888888888888888888888888888888886
8888888888866666688888888888888888888888888888888888888888888888886666666666666667777777776666666666666668888888888888888888888888888888888888888888888888888888888888888888666666888888888888888888888666666688888888888888888888888888888888888888888888888888
8888888888886666668888888888888888888888888888888888888888888888886666666666666677777777766666666688666668888888888888888888888888888888888888888888888888888888888888888888666666668888888888888866666666666888888888888888888888888888888888888888888888888888
8888888888888866666666688888888888888888888888888888888888888888866666666666666777777776666666666888866666688888888888888888888888888888888888888888888888888888888888888888886666666688888888888866666666668888888888888888888888888888888888888888888888888888
8888888888888886666666666888888888888888888888888888888888888886666666666777777777777666666666688888888666688888888888888888888888888888888888888888888888888888888888888888886666666668888888888666777666688888888888888888888888888888888888888888888888888888
8888888888888888666666666668888888888888888888888888888888888866666666677777777777776666688888888888888888668888888888888888888888888888888888888888888888888888888888888888888866666666666666666667777666888888888888888888888888888888888888888888888888888888
8888888888888888866666666666888888888888888888888888888888888866666666677777777777666666688888888888888888866888888888888888888888888888888888888888888888888888888888888888888886666666666666666677777666888888888888888888888888888888888888888888888888888888
8888888888888888888666777766666668888888888888888888888888888866666666667777777776666666888888888888888888866888888888888888888888888888888888888888888888888888888888888888888888666666666666777777776688888888888888888888888888888888888888888888888888888888
8888888888888888888666777776666666688888888888888888888888888888866666666777777766666668888888888888888888888666668888888888888888888888888888888888888888888888888888888888888888666666666677777777766688888888888888888888888888888888888888888888888888888888
8888888888888888888666677777777766668888888888888888888888888888886666666667777766666668888888888888888888888866666888888888888888888888888888888888888888888888888888888888888888666666677777777777666688888888888888888888888888888888888888888888888888888888
8888888888888888888866667777777766668888888888888888888888888888888666666667777766666688888888888888888888888888666668888888888888888888888888888888888888888888888888888888888888866666677777777776666688888888888888888888888888888888888888888888888888888888
8888888888888888888886666777777666668888888888888888888888888888888866666667777666668888888888888888888888888888666666888888888888888888888888888888888888888888888888888888888888866666667777777776666688888888888888888888888888888888888888888888888888888888
8888888888888888888886666777776666668888888888888888888888888888888886666667776666688888888888888888888888888888888866688888888888888888888888888888888888888888888888888888888888888666666677777776666668888888888888888888888888888888888888888888888888888888
8888888888888888888886666777666666688888888888888888888888888888888888866666766668888888888888888888888888888888888886688888888888888888888888888888888888888888888888888888888888888866666667777776666668888888888888888888888888888888888888888888888888888888
8888888888888888888886666776666688888888888888888888888888888888888888886666666688888888888888888888888888888888888888888888888888888888888888888888888888888888888888888888888888888886666666777777666668888888888888888888888888888888888888888888888888888888
8888888888888888888886666666666888888888888888888888888888888888888888888666666888888888888888888888888888888888888888888888888888888888888888888888888888888888888888888888888888888888666666777777766668888888888888888888888888888888888888888888888888888888
8888888888888888888866666666688888888888888888888888888888888888888888888666668888888888888888888888888888888888888888888888888888888888888888888888888888888888888888888888888888888888866666677777776666888888888888888888888888888888888888888888888888888866
8888888888888888888866666666888888888888888888888888888888888888888888888666668888888888888888888888888888888888888888888888888888888888888888888888888888888888888888888888888888888888886666667777777666668888888888888888888888888888888888888888888888888866
8888888888888888888677766668888888888888888888888888888888888888888888888666688888888888888888888888888888888888888888888888888888888888888888888888888888888888888888888888888888888888886666667777777766668888888888888888888888888888888888888888888888888677
8888888888888888886677666668888888888888888888888888888888888888888888886666688888888888888888888888888888888888888888888866888888888888888888888888888888888888888888888888888888888888886666666777777776666888888888888888888888888888888888888888888888886777
8888888888888888666776666668888888888888888888888888888888888888888888666666888888888888888888888888888888888888888888888888888888888888888888888888888888888888888888888888888888888888866666666777777777666688888888888888888888888888888888888888888888666677
8888888888888886667766666668888888888888888888888888888888888888888866666668888888888888888888888888888888888888888888888888888888888888888888888888888888888888888888888888888888888888866666667777777777766668888888888888888888888888888888888888888886666666
8888888888888866677766666888888888888888888888888888888888888888888866666668888888888888888888888888888888888888888888888888888666888888888888888888888888888888888888888888888888888888866666677777777777777666888888888888888888888888888888888888888886666688
8888888888866666677766668888888888888888888888888888888888888888886666666888888888888888888888888888888888888888888888888888888666688888888888888888888888888888888888888888888888888888666666677777777777777777768888888888888888888888888888888888888886666888
6888888888666666677766668888888888888888888888888888888888888888666666666888888888888888888888888888888888888888888888888888888886668888888888888888888888888888888888888888888888888666666666777777777777777777776666688888888888888888888888886666676666668888
6666688666666666666666668888888888888888888888888888888888888866666666666888888888888888888888888888888888888888888888888888888888666668888888888888888888888888888888888888888888888666666667777777777777777777777666668888888888888888888866666666676666888888
6666666666666677666666668888888888888888888888888888888888888666666666666888888888888888888888888888888888888888888888888888888888866666688888888888888888888888888888888888888888866666666777777777777777777777777666666888888888888888666667777666666666888888
6666666666667777766666688888888888888888888888888888888888886666667776666888888888888888888888888888888888888888888888888888888888886666668888888888888888888888888888888888888888866666667777777777766666666666666666666688888888666666666777777766668888888888
8666666666777777666666688888888888888888888888888888888888886666667777666688888888888888888888888888888888888888888888888888888888886666666888888888888888888888888888888888888886666666677777766666666666666666666666666688886666666667777777777766688888888888
8866666667777776666666688888888888888888888888888888888888888666667777666888888888888888888888888888888888888888888888888888888888886666666666888888888888888888888888888888888866666666677777766666666666688888888666688888888666666677777777777666688888888888
8866666677777766666668888888888888888888888888888888888888888666666677766668888888888888888888888888888888888888888888888888888888888866666666688888888888888888888888888866666666666666666666666666666668888888888888888888888888666677777777776668888888888888
8866666677777666666688888888888888888888888888888888888888888888888666666666688888888888888888888888888888888888888888888888888888888886666666666888888888888888888888866666666666677766666666666666888888888888888888888888888888866677777777766668888888888888
8866666677766666666668888888888888888888888888888888888888888888888888666666668888888888888888888888888888888888888888888888888888888888866666666666888888888888888886666666666677777666666666666668888888888888888888888888888888886666777777776668888888888888
8866666777666666666888888888888888888888888888888888888888888888888888666666666688888888888888888888888888888888888888888888888888888888886666666666666688888888888666666666666677776666666668888888888888888888888888888888888888888886667777776666888888888888
8666667776666666888888888888888888888888888888888888888888888888888888866666666668888888888888888888888888888888888888888888888888888888888666666666666666666666666666666666666666666666666888888888888888888888888888888888888888888888666677777666888888888888
6666777766666668888888888888888888888888888888888888888888888888888888888886666666888888888888888888888888888888888888888888888888888888888886666666666666666666666666677776666666666688888888888888888888888888888888888888888888888888886667777766688888888888
6667777766666688888888888888888888888888888888888888888888888888888888888888666666666888888888888888888888888888888888888888888888888888888888666666666666666666666666777776666666666888888888888888888888888888888888888888888888888888888866667776668888888888
6677777666666888888888888888888888888888888888888888888888888888888888888888666666666688888888888888888888888888888888888888888888888888888888866666677776666666777777777766666668888888888888888888888888888888888888888888888888888888888886666776666888888888
6777766666668888888888888888888888888888888888888888888888888888888888888888866666666688888888888888888888888888888888888888888888888888888888886666677777766677777777776666666888888888888888888888888888888888888888888888888888888888888888666666666688888888
7777666668888888888888888888888888888888888888888888888888888888888888888888888866666668888888888888888888888888888888888888888888888888888888886666677777777777777777766666666888888888888888888888888888888888888888888888888888888888888888886666776666888888
6666666888888888888888888888888888888888888888888888888888888888888888888888888886666666668888888888888888888888888888888888888888888888888888886666667777777777777777666666688888888888888888888888888888888888888888888888888888888888888888888666777666888888
6666888888888888888888888888888888888888888888888888888888888888888888888888888888866666666688888888888888888888888888888888888888888888888888886666666777777777777766666688888888888888888888888888888888888888888888888888888888888888888888888866677766688888
6668888888888888888888888888888888888888888888888888888888888888888888888888888888866666666666688888888888888888888888888888888888888888888888886666666777777777777666666888888888888888888888888888888888888888888888888888888888888888888888888886667776666888
6688888888888888888888888888888888888888888888888888888888888888888888888888888888866666666666668888888888888888888888888888888888888888888888886666666777777777776666666888888888888888888888888888888888888888888888888888888888888888888888888888666777666688
6888888888888888888888888888888888888888888888888888888888888888888888888888888888866666677776666888888888888888888888888888888888888888888888866666667777777777776666666888888888888888888888888888888888888888888888888888888888888888888888888888666777666688
8888888888888888888888888888888888888888888888888888888888888888888888888888888888866666677777766668888888888888888888888888888888888888888888666666677777777777776666666888888888888888888888888888888888888888888888888888888888888888888888888888666677766688
8888888888888888888888888888888888888888888888888888888888888888888888888888888888866666677777776666688888888888888888888888888888888888888866666666777777777777776666666888888888888888888888888888888888888888888888888888888888888888888888888888666677766668
8888888888888888888888888888888888888888888888888888888888888888888888888888888888866666666666666666866666688888888888888888888888888888886666666667777777777767777766666888888888888888888888888888888888888888888888888888888888888888888888888888666677766666
8888888888888888888888888888888888888888888888888888888888888888888888888888888888866666666666666668888866666666888888888888888888888886666666666777777777776666677776666888888888888888888888888888888888888888888888888888888888888888888888888888666677766666
8888888888888888888888888888888888888888888888888888888888888888888888888888888888886666666666688888888888888888888888888888888888666666666666777777776666666666666777666666888888888888888888888888888888888888888888888888888888888888888888888888666677776666
8888888888888888888888888888888888888888888888888888888888888888888888888888888888888888888888888888888888888888888886666666666666666666667777777776666666666666666667766666888888888888888888888888888888888888888888888888888888888888888888888866666677777666
8888888888888888888888888888888888888888888888888888888888888888888888888888888888888888888888888888888888888888888886666666666666666666777777776666666666666666666666776666888888888888888888888888888888888888888888888888888888888888888888888666666777777766
8888888888888888888888888888888888888888888888888888888888888888888888888888888888888888888888888888888888888888888888666666666666666677777777666666866668888888888666666666888888888888888888888888888888888888888888888888888888888888888888886666666777777776
8888888888888888888888888888888888888888888888888888888888888888888888888888888888888888888888888888888888888888888888886666666667777777777776666668888888888888888666666666888888888888888888888888888888888888888888888888888888888888888888666666667777777776
8888888888888888888888888888888888888888888888888888888888888888888888888888888888888888888888888888888888888888888888888866666667777777777766666888888888888888888888886666688888888888888888888888888888888888888888888888888888888888888886666666677777777777
8888888888888888888888888888888888888888888888888888888888888888888888888888888888888888888888888888888888888888888888888886666666777777766666668888888888888888888888888866668888888888888888888888888888888888888888888888888888888888888886666667777777777777
8888888888888888888888888888888888888888888888888888888888888888888888888888888888888888888888888888888888888888888888888888666666677777766666668888888888888888888888888888888886888888888888888888888888888888888888888888888888888888888866666677777777777777
8888888888888888888888888888888888888888888888888888888888888888886866688888888888888888888888888888888888888888888888888888866666667777666666688888888888888888888888888888888886666888888888888888888888888888888888888888888888888888666666666667777777777777
8888888888888888888888888888888888888888888888888888888888888888866668888888888888888888888888888888888888888888888888888888886666666776666666888888888888888888888888888888888886666688888888888888888888888888888888888888888888888886666666666666666666666777
8888888888888888888888888888888888888888888888888888888888888866666688888888888888888888888888888888888888888888888888888888888666666666666888888888888888888888888888888888888886666666888888888888888888888888888888888888888888888886666666666666666666666667
8888888888888888888888888888888888888888888888888888888888886666666888888888888888888888888888888888888888888888888888888888888866666666666888888888888888888888888888888888888886666776666688888888888888888888888888888888888666688888888888888888666666666666
8888888888888888888888888888888888888888888888888888888888866666688888888888888888888888888888888888888888888888888888888888888886666666888888888888888888888888888888888888888888666777666666668888888888888888888888888888888888888888888888888888888888866666
6888888888888888888888888888888888888888888888888888888866666666688888888888888888888888888888888888888888888888888888888888888886666666888888888888888888888888888888888888888888666677776666888888888888888888888888888888888888888888888888888888888888888886
6668888888888888888888888888888888888888888888888888866666666688888888888888888888888888888888888888888888888888888888888888888886666666888888888888888888888888888888888888888888666677777666668888888888888888888888888888888888888888888888888888888888888888
