8888888888888888888888888888888888888888888888888888888666666666668888888888888888888888888888888888888888888888888888888888888888888888688888888888888888888888888888888888877777776688888888888888888888888888888888888888888888888888888888888888888866666666
8888888888888888888888888888888888888888888888888888888888666666668888888888888888888888888888888888888888888888888888888888888888888888888888888888888888888888888888888888888777776888888888888888888888888888888888888888888888888888888888888888888866666666
8888888888888888888888888888888888888888888888888888888888866666668888888888888888888888888888888888888888888888888888888888888888888888888888888888888888888888888888888888867777766888888888888888888888888888888888888888888888888888888888888888888888666666
8888888888888888888888888888888888888888888888888888888888886666666888888888888888888888888888888888888888888888888888888888888888888888888888888888888888888888888888888888677777668888888888888888888888888888888888888888888888888888888888888888888888886666
8888888888888888888888888888888888888888888888888888888888886666666688888888888888888888888888888888888888888888888888888888888888888888888888888888888888888888888888888666777776888888888888888888888888888888888888888888888888888888888888888888888888888666
8888888888888888888888888888888888888888888888888888888888888866666668888888888888888888888888888888888888888888888888888888888888888888888888888888888888888888888888886667777768888888888888888888888888888888888888888888888888888888888888888888888888888866
8888888888888888888888888888888888888888888888888888888888888886666666888888888888888888888888888888888888888888888888888888888888888888888888888888888888888888888888866677777666888888888888888888888888888888888888888888888888888888888888888888888888888866
8888888888888888888888888888888888888888888888888888888888888886666666668888888888888888888888888888888888888888888888888888888888888888888888888668888888888888888888667777777666888888888888888888888888888888888888888888888888888888888888888888888888888866
7688888888888888888888888888888888888888888888888888888888888886666666666688888888888888888888888888888888888888888888888888888888888888888888888866888888888888888886677777776668888888888888888888888888888888888888888888888888888888888888888888888888888866
6666888888888888888888888888888888888888888888888888888888888886666777766668888888888888888888888888888888888888888888888888888888888888888888888888668888888888886666777776666668888888888888888888888888888888888888888888888888888888888888888888888888888866
8866888888888888888888888888888888888888888888888888888888888886666777776666888888888888888888888888888888888888888888888888888888888888888888888888666688888886666666777666666668888888888888888888888888888888888888888888888888888888888888888888888888888666
8886666888888888888888888888888888888888888888888888888888888886666777777766668888888888888888888888888888888888888888888888888888888888888888888888866666666666666666666888888888888888888888888888888888888888888888888888888888888888888888888888888888888666
8886666668688888888888888888888888888888888888888888888888888866667777777777688888888888888888888888888888888888888888888888888888888888888888888888886666666777776666688888888888888888888888888888888888888888888888888888888888888888888888888888888888886666
8888866666668888888888888888888888888888888888888888888888888666677777777777688888888888888888888888888888888888888888888888888888888888888888888888886666677777776666888888888888888888868888888888888888888888888888888888888888888888888888888888888888866666
8888888888688888888888888888888888888888888888888888888888886666777777677766888888888888888888888888888888888888888888888888888888888888888888888888866666777777668888888888888888888888888888888888888888888888888888888888888888888888888888888888888888666667
6688888888888888888888888888888888888888888888888888888888886667777776666668888888888888888888888888888888888888888888888888888888888888888888888888666666677776888888888888888888888888888888888888888888888888888888888888888888888888888888888888888886666667
6668888888888888888888888888888888888888888888888888888888866677777666666688888888888888888888888888888888888888888888888888888888888888888888888886666666666668888888888888888888888888888888888888888888888888888888888888888888888888888888888888888666676666
8888888888888888888888888888888888888888888888888888888888666677766666666688888888888888888888888888888888888888888888888888888888888888888888888886666776668888888888888888888888888888888888888888888888888888888888888888888888888888888888888888888666776666
8888888888888888888888888888888888888888888888888888888886666666666688888888888888888888888888888888888888888888888888888888888888888888888888888666666777888888888888888888888888888888888888888888888888888888888888888888888888888888888888888888886666666666
8888888888888888888888888888888888888888888888888888866666677666666688888888888888888888888888888888888888888888888888888888888888888888888888666666666668888888888888888888888888888888888888888888888888888888888888888888888888888888888888888888888888888866
8888888888888888888888888888888888888888888888886666666667777666668888888888888888888888888888888888888888888888888888888888888888888888888866866666668888888888888888888888888888888888888888888888888888888888888888888888888888888888888888888888888888888888
8888888888888888888888888888888888888888888888866666666777776666888888888888888888888888888888888888888888888888888888888888888888888888886886666666668888888888888888888888888888888888888888888888888888888888888888888888888888888888888888888888888888888888
8888888888888888888888888888888888888888888866666666667777766688888888888888888888888888888888888888888888888888888888888888888888888888868666666668888888888888888888888888888888888888888888888888888888888888888888888888888888888888888888888888888888888888
8888888888888888888888888888888888888888886666666666677777666888888888888888888888888888888888888888888888888888888888888888888888888666886668888866888888888888888888888888888888888888888888888888888888888888888888888888888888888888888888888888888888888888
8888888888888888888888888888888888888888888886666666777776666888888888888888888888888888888888888888888888888888888888886666666666666777776668888888888888888888888888888888888888888888888888888888888888888888888888888888888888888888888888688888888888888888
8888888888888888888888888888888888888888888888866666777766888888888888888888888888888888888888888888888888888888888888886666666666777777776688888888888888888888888888888888888888888888888888888888888888888888888888888888888888888888888888888888888888888888
8888888888888888888888888888888888888888888888866666677666888888888888888888888888888888888888888888888888888888888888888866666667777777766888888888888888888888888888888888888888888888888888888888888888888888888888888888888888888888888888888888888888888888
8888888888888888888888888888888888888888888888886666666668888888888888888888888888888888888888888888888888888888888888888888666667777777688888888888888888888888888888888888888888888888888888888888888888888888888888888888888888888888888888888888888888888888
8888888888888888888888888888888888888888888888886666666668888888888888888888888888888888888888888888888888888888888888888888886666677778888888888888888888888888888888888888888888888888888888888888888888888888888888888888888888888888888888888888888888888888
8888888888888888888888888888888888888888888888888666666688888888888888888888888888888888888888888888888888888888888888888888888866666688888888888888888888888888888888888888888888888888888888888888888888888888888888888888888888888888888888888888888888888888
8888888888888888888888888888888888888888888888888666666688888888888888888888888888888888888888888888888888888888888888888888888886666888888888888888888888888888888888888888888888888888888888888888888888888888888888888888888888888888888888888888888888888888
8888888888888888888888888888888888888888888888888667666688888888888888888888888888888888888888888888888888888888888888888888888888668888888888888888888888888888888888888888888888888888888888888888888888888888888888866688888888888888888888888888888888888888
8888888888888888888888888888888888888888888888886677766688888888888888888888888888888888888888888888888888888888888888888888888888888888888888888888888888888888888888888888888888888888888888888888888888888888888888886666666666666688888888888888888888888888
8888888888888888888888888888888888888888888888886677766688888888888888888888888888888888888888888888888888888888888888888888888888888888888888888888888888888888888888888888888888888888888888888888888888888888888888888777766666666668888888888888888888888888
8888888888888888888888888888888888888888888888866777766668888888888888888888888888888888888888888888888888888888888888888888888888888888888888888888888888888888888888888888888888888888888888888888888888888888888888888777777666666666888888888888888888888888
8888888888888888888888888888888888888888888888667777776668888888888888888888888888888888888888888888888888888888888888888888888888668888888888888888888888888888888888888888888888888888888888888888888888888888888888888677777766666666888888888888888888888888
8888888888888888888888888888888888888888888886677777776666888888888888888888888888888888888888888888888888888888888888888888888888668888888888888888888888888888888888888888888888888888888888888888888888888888888888886677777777766666666888888888888888888888
8888888888888888888888888888888888888888888866777777777666688888888888888888888888888888888888888888888888888888888888888888888888668888888888888888888888888888888888888888888888888888888888888888888888888888888888886677777777777777766688888888888888888888
8888888888888888888888888888888888888888866666677777777666666888888888888888888888888888888888888888888888888888888888888888888888666888888888888888888888888888888888888888888888888888888888888888888888888888888888866777777777777777777668888888888888888888
8888888888888888888888888888888888888886666666666666666666666666668888888888888888888888888888888888888888888888888888888888888866666888888888888888888888888888888888888888888888888888888888888888888888888888888888667777777777777777777768888888888888888888
6668888888888888888888888888888888666666666666666666666666666666666888888888888888888888888888888888888888888888888888888888888666666888888888888888888888888888888888888888888888888888888888888888888888888888888887777777777777777777777688888888888888888888
6668888888888888888888888888888886666666666666666668866666666666666668888888888888888888888888888888888888888888888888888888886666666688888888888888888888888888888888888888888888888888888888888888888888888888888677777777777777777766666688888888888888888888
6668888888888888888888888888866666666666668888888888888666666666666666688888888888888888888888888888888888888888888888888888886666666688888888888888888888888888888888888888888888888888888888888888888888888888888777777777777777777666666888888888888888888888
6666888888888888888888888888866666688888888888888888888888888666667776666868888888888888888888888888888888888888888888888888866667766668888888888888888888888888888888888888888888888888888888888888888888888888886777777777777766666666688888888888888888888888
6666688888888888888888888886666666888888888888888888888888888866667777666666888888888888888888888888888888888888888888888888666677776666688888888888888888888888888888888888888888888888888888888888888888888888886777777777776666666688888888888888888888888888
6666666666888888888886666886688888888888888888888888888888888886666677777666666888888888888888888888888888888888888888888866667767666666668888888888888888888888888888888888888888888888888888888888888888888888888666777777766666688888888888888888888888888888
6666666666666668888866666686888888888888888888888888888888888888866666777766666688888888888888888888888888888888888888666666777666666666668888888888888888888888888888888888888888888888888888888888888888888888888666777777666668888888888888888888888888888888
8886666666666666666668888888888888888888888888888888888888888888886666677776666666668888888888888888888888888888888888666667776666666666688888888888888888888888888888888888888888888888888888888888888888888888888866677777666688888888888888888888888888888888
8888866666666666666688888888888888888888888888888888888888888888888866667777777766666668888888888888888888888888888666666666666688888888888888888888888888888888888888888888888888888888888888888888888888888888888886677776668888888888888888888888888888888888
8888888666666666666888888888888888888888888888888888888888888888888886666777777777666666666888888888888888888888866666666666688888888888888888888888888888888888888888888888888888888888888888888888888888888888888888666666688888888888888888888888888888888888
8888888888666668888888888888888888888888888888888888888888888888888888866666777777777666666666888888888888666666666666666668888888888888888888888888888888888888888888888888888888888888888888888888888888888888888888666666888888888888888888888888888888888888
8888888888888888888888888888888888888888888888888888888888888888888888886666677777777766666666688888888886666666666666666668888888888888888888888888888888888888888888888888888888888888888888888888888888888888888888666688888888888888888888888888888888888888
8888888888888888888888888888888888888888888888888888888888888888888888888666666777777777766666668888888866666666766666666688888888888888888888888888888888888888888888888888888888888888888888888888888888888888888888666688888888888888888888888888888888888888
8888888888888888888888888888888888888888888888888888888888888888888888888886666667777777777666666666666667777667776666668888888888888888888888888888888888888888888888888888888888888888888888888888888888888888888886666888888888888888888888888888888888888888
8888888888888888888888888888888888888888888888888888888888888888888888888888866666777777777766666666666777777766666666888888888888888888888888888888888886688888888888888888888888888888888888888888888888888888888886666888888888888888888888888888888888888888
8888888888888888888888888888888888888888888888888888888888888888888888888888866666677777777777666666677777777666666668888888888888888888888888888888888888866668888888888888888888888888888888888888888888888888888866668888888888888888888888888888888888888888
8888888888888888888888888888888888888888888888888888888888888888888888888888886666667777777777777777777777776666666688888888888888888888888888888888888888886668868888888888888888888888888888888888888888888888888866668888888888888888888888888888888888888888
8888888888888888888888888888888888888888888888888888888888888888888888888888888866666677777777777777777777666666688888888888888888888888888888888888888888888666666668888888888888888888888888888888888888888888886666668888888888888888888888888888888888888888
8888888888888888888888888888888888888888888888888888888888888888888888888888888886666667777777777777777776666666888888888888888888888888888888888888888888888888886688888888888888888888888888888888888888888888886688888888888888888888888888888888888888888888
6666666888888888888888888888888888888888888888888888888888888888888888888888888888666667777777777777777666666688888888888888888888888888888888888888888888888888886666666888888888888888888888888888888888888888666688888888888888888888888888888888888888888888
6666666888888888888888888888888888888888888888888888888888888888888888888888888888866666777777777777776666666888888888888888888888888888888888888888888888888888888886666888888888888888888888888888888888888886666688888888888888888888888888888888888888888888
7766666688888888888888888888888888888888888888888888888888888888888888888888888888866666777777777777766666668888888888888888888888888888888888888888888888888888888886666688888888888888888888888888888888888886666888888888888888888888888888888888888888888888
7777666688888888888888888888888888888888888888888888888888888888888888888888888888866666777777777777666666668888888888888888888888888888888888888888888888888888888888666688888888888888888888888888888888886666668888888888888888888888888888888888888888888888
7777776668888888888888888888888888888888888888888888888888888888888888888888888888866666777777777776666666688888888888888888888888888888888888888888888888888888888888888888888888888888888888888888888888666666688888888888888888888888888888888888888888888888
6677777766888888888888888888888888888888888888888888888888888888888888888888888888866677777777777776666666688888888888888888888888888888888888888888888888888888888888888888888888888888888888888888888666666666888888888888888888888888888888888888888888888888
6666777776688888888888888888888888888888888888888888888888888888888888888888888888866777777777777776666666888888888888888888888888888888888888888888888888888888888888888888888888888888888888888888866666666666888888888888888888888888888888888888888888888888
6666666666666888888888888888888888888888888888888888888888888888888888888888888888666777777777777777666666888888888888888888888888888888888888888888888888888888888888888888888888888888888888888866666666666668888888888888888888888888888888888888888888888888
8866666666666666688888888888888888888888888888888888888888888888888888888888888886667777777777777777666666888888888888888888888888888888888888888888888888888888888888888888888888888888866666666666666677666688888888888888888888888888888888888888888888888888
8888886666666666666888888888888888888888888888888888888888888888888888888888888866667777776666677777766666888888888888888888888888888888888888888888888888888888888888888888888888888888666666666666666776668888888888888888888888888888888888888888888888888888
8888888888886666666888888888888888888888888888888888888888888888888888888888888666677776666666666677666666888888888888888888888888888888888888888888888888888888888888888888888888888888866666666666777766668888888888888888888888888888888888888888888888888888
8888888888888666666688888888888888888888888888888888888888888888888888888888886666677766666666666666666666688888888888888888888888888888888888888888888888888888888888888888888888888888888886666667777766668888888888888888888888888888888888888888888888888888
8888888888888866666668888888888888888888888888888888888888888888888888888888866666666666666666666666666666688888888888888888888888888888888888888888888888888888888888888888888888888888888888666667777766668888888888888888888888888888888888888888888888888888
8888888888888888666666668888888888888888888888888888888888888888888888888888866666666666888888888866666666668888888888888888888888888888888888888888888888888888888888888888888888888888888888866667777766668888888888888888888888888888888888888888888888888888
8888888888888888888666666888888888888888888888888888888888888888888888888888666766666888888888888888666666666888888888888888888888888888888888888888888888888888888888888888888888888888888888888866677766688888888888888888888888888888888888888888888888888888
8888888888888888888886666688888888888888888888888888888888888888888888888886677766666888888888888888666666666688888888888888888888888888888888888888888888888888888888888888888888888888888888888888667666688888888888888888888888888888888888888888888888888888
8888888888888888888888666668888888888888888888888888888888888888888888888866777766888888888888888888888666666666688888888888888888888888888888888888888888888888888888888888888888888888888888888888666666688888888888888888888888888888888888888888888888888888
8888888888888888888888888666888888888888888888888888888888888888888888886667776688888888888888888888888886666666668888888888888888888888888888888888888888888888888888888888888888888888888888888888866666688888888888888888888888888888888888888888888888888888
8888888888888888888888888886668888888888888888888888888888888888888888866666688888888888888888888888888888886666666888888888888888888888888888888888888888888888888888888888888888888888888888888888866666688888888888888888888888888888888888888888888888888888
8888888888888888888888888888666688888888888888888888888888888888888888866668888888888888888888888888888888888666666688888888888888888888888888888888888888888888888888888888888888888888888888888888866666668888888888888888888888888888888888888888888888888888
8888888888888888888888888888866668888888888888888888888888888888888888666688888888888888888888888888888888888886666666888888888888888888888888888888888888888888888888888888888888888888888888888888866666666668888888888888888888888888888888888888888888888888
8888888888888888888888888888888866888888888888888888888888888888888886666888888888888888888888888888888888888888666666688888888888888888888888888888888888888888888888888888888888888888888888888888866666666666888888888888888888888888888888888888888888888888
8888888888888888888888888888888888868888888888888888888888888888866688888888888888888888888888888888888888888888886666668688888888888888888888888888888888888888888888888888888888888888888888888888666666666666888888888888888888888888888888888888888888888888
8888888888888888888888888888888888866888888888888888888888888888866888888888888888888888888888888888888888888888888666666668888888888888888888888888888888888888888888888888888888888888888888888866666666666666688888888888888888888888888888888888888888888888
8888888888888888888888888888888888866668888888888888888888888886666888888888888888888888888888888888888888888888888666666666668888888888888888888888888888888888888888888888888888888888888888888866666677666666688888888888888888888888888888888888888888888888
8888888888888888888888888888888888888666686888888888888888888666666888888888888888888888888888888888888888888888888886666666666666668888888888888888888888888888888888888888888888888888888888888666666677666666688888888888888888888888888888888888888888888888
8888888888888888888888888888888888888886666666888888888888866666668888888888888888888888888888888888888888888888888888866666666666666888888888888888888888888888888888888888888888888888888888666666666777766666688888888888888888888888888888888888888888888888
8888888888888888888888888888888888888886666666668888888888666666688888888888888888888888888888888888888888888888888888886666666666666666888888888888888888888888888888888888888888888888888886666666677777766666668888888888888888888888888888888888888888888888
8888888888888888888888888888888888888888886666666666666666666668888888888888888888888888888888888888888888888888888888886666776666666666888888888888888888888888888888888888888888888888888666666667777777776666666888888888888888888888888888888888888888888888
8888888888888888888888888888888888888888888666777666667776666888888888888888888888888888888888888888888888888888888888886667777666666668888888888888888888888888888888888888888888888888886666666677777777777666666688888888888888888888888888888888888888888888
8888888888888888888888888888888888888888888666677776777776688888888888888888888888888888888888888888888888888888888888866667777766666688888888888888888888888888888888888888888888888888666666667777777777777776666666888888888888888888888888888888888888888888
8888888888888888888888888888888888888888888666667777777766688888888888888888888888888888888888888888888888888888888888866677777666666888888888888888888888888868888888888888888888888888666666777777777777777777666666666888888888888888888888888888888888888888
8888888888888888888888888888888888888888888666667777777666688888888888888888888888888888888888888888888888888888888888666777776666668888888888888888888888888666868888888888888888888888866666666666777777777777766666666668888888888888888888888888888888888888
8888888888888888888888888888888888888888888666666777777666688888888888888888888888888888888888888888888888888888888886666776666666888888888888888888888888888666666666668888888888888888888666666666666777777777776666666666666888888888888888888888888888888888
8888888888888888888888888888888888888888888666666666666666688888888888888888888888888888888888888888888888888888888866666666666888888888888888888888888888888866666666666666888888888888888886666666666666777777777766666666666888888888888888888888888888888888
8888888888888888888888888888888888888888888666666666666666888888888888888888888888888888888888888888888888888888888666666666888888888888888888888888888888888886666666666666888888888888888888666666666666677777777776666666666668888888888888888888888888888886
8888888888888888888888888888888888888888888886666666666666888888888888888888888888888888888888888888888888888888866666666668888888888888888888888888888888888886666666666666888888888888888888888888666666666666677777776666666666668888888888888888888888886666
8888888888888888888888888888888888888888888888886666666886688888888888888888888888888888888888888888888888888888666666668888888888888888888888888888888888888888666666666888888888888888888888888888866666666666666777777776666666666666888888888888888888666666
8888888888888888888888888888888888888888888888888888888888868888888888888888888888888888888888888888888888888886666666688888888888888888888888888888888888888888866666688888888888888888888888888888888888666666666677777777666666666666888888888888888666666677
8888888888888888888888888888888888888888888888888888888888888888888888888888888888888888888888888888888888888866666666888888888888888888888888888888888888888888866666888888888888888888888888888888888888886666666667777777666666666666666688888888886666666777
8888888888888888888888888888888888888888888888888888888888888888888888888888888888888888888888888888888888886666668888888888888888888888888888888888888888888888886666888888888888888888888888888888888888888666666666777777777776666666666666666666666777777666
8888888888888888888888888888888888888888888888888888888888888888888888888888888888888888888888888888888888867766668888888888888888888888888888888888888888888888886666888888888888888888888888888888888888888888666666667777777777777766666666666666667777776666
8888888888888888888888888888888888888888888888888888888888888888888888888888888888888888888888888888888886677766888888888888888888888888888888888888888888888888886668888888888888888888888888888888888888888888886666666677777777777776666666666666667766666666
8888888888888888888888888888888888888888888888888888888888888888888888888888888888888888888888888888866666777666888888888888888888888888888888888888888888888888886688888888888888888888888888888888888888888888888866666667777777777777777777777666666666666666
8888888888888888888888888888888888888888888888888888888888888888888888888888888888888888888888888886666667776668888888888888888888888888888888888888888888888888866688888888888888888888888888888888888888888888888886666666777777777777777777776666666666666666
6688888888888888888888888888888888888888888888888888888888888888888888888888888888888888888888888666666677766688888888888888888888888888888888888888888888888888866688888888888888888888888888888888888888888888888888666666667777777777777776666666668866666666
6668888888888888888888888888888888888888888888888888888888888888888888888888888888888888888888886666667777668888888888888888888888888888888888888888888888888888868888888888888888888888888888888888888888888888888888886666666777777777777766666668888888888888
7768888888888888888888888888888888888888888888888888888888888888888888888888888688888888888866666666777766688888888888888888888888888888888888888888888888888888888888888888888888888888888888888888888888888888888888886666666677777777666666668888888888888888
7776666688888888888888888888888888888888888888888888888888888888888888888888888866666666666666666677777766888888888888888888888888888888888888888888888888888888888888888888888888888888888888888888888888888888888888888666666677777766666666888888888888888888
7777666668888888888888888888888888888888888888888888888888888888888888888888888888666666666666667777777666888888888888888888888888888888888888888888888888888888888888888888888888888888888888888888888888888888888888888866666677777666666688888888888888888888
7777776666888888888888888888888888888888888888888888888888888888888888888888888888886666666677777777776668888888888888888888888888888888888888888888888888888888888888888888888888888888888888888888888888888888888888888866666777766666668888888888888888888888
6677777666688888888888888888888888888888888888888888888888888888888888888888888888888666666677777777766688888888888888888888888888888888888888888888888888888888888888888888888888888888888888888888888888888888888888888866667777666666888888888888888888888888
6667777766688888888888888888888888888888888888888888888888888888888888888888888888888866666677777777666888888888888888888888888888888888888888888888888888888888888888888888888888888888888888888888888888888888888888888866677776666668888888888888888888888888
8866777776688888888888888888888888888888888888888888888888888888888888888888888888888886666667777776668888888888888888888888888888888888888888888888888888888888888888888888888888888888888888888888888888888888888888888666677766666668888888888888888888888888
8888777776668888888888888888888888888888888888888888888888888888888888888888888888888886666667777766668888888888888888888888888888888888888888888888888888888888888888888888888888888888888888888888888888888888888888886666677666666688888888888888888888888888
8888677777668888888888888888888888888888888888888888888888888888888888888888888888888886666667777666668888888888888888888888888888888888888888888888888888888888888888888888888888888888888888888888888888888888888888886666677666666688888888888888888888888888
8888677777666888888888888888888888888888888888888888888888888888888888888888888888888886666677777666668888888888888888888888888888888888888888888888888888888888888888888888888888888888888888888888888888888888888888666666777666666688888888888888888888888888
8888667777666888888888888888888888888888888888888888888888888888888888888888888888888886666777777666668888888888888888888888888888888888888888888888888888888888888888888888888888888888888888888888888888888888888886666667777666666668888888888888888888888888
8888667777766688888888888888888888888888888888888888888888888888888888888888888888888866667777777666668888888888888888888888888888888888888888888888888888888888888888888888888888888888888888888888888888888888888886666677776666666666888888888888888888888888
8888677777776668888888888888888888888888888888888888888888888888888888888888888888888666677777777666668888888888888888888888888888888888888888888888888888888888888888888888888888888888888888888888888888888888888666666777666666666666688888888888888888888888
8866777777776666888888888888888888888888888888888888888888888888888888888888888888886666666777777766668888888888888888888888888888888888888888888888888888888888888888888888888888888888888888888888888888888888886666667776666666666666666688888888888888888888
6667777777777666688888888888888888888888888888888888888888888888888888888888888888866666666666677766666688888888888888888888888888888888888888888888888888888888888888888888888888888888888888888888888888888888866666677666666666666666666888888888888888888888
6677777777777776666888888888888888888888888888888888888888888888888888888888888888666666888888667766666668888888888888888888888888888888888888888888888888888888888888888888888888888888888888888888888888888888666667776666666666666666668888888888888888888888
6677777777777777666688888888888888888888888888888888888888888888888888888888886686668888888888886666666666888888888888888888888888888888888888888888888888888888888888888888888888888888888888888888888888888866666677766666688888888888888888866688888888888888
6666666667777777766666888888888888888888888888888888888888888888888888888666666668888888888888888866666666688888888888888888888888888888888888888888888888888888888888888888888888888888888888888888888888888666666777666866888888888888888888866666888888888888
8888866666677777777666688888888888888888888888888888888888888888888888886666668888888888888888888886666666688888888888888888888888888888888888888888888888888888888888888888888888888888888888888888888888886666666776688888888888888888888888888666666666888888
8888888866666777777776666688888888888888888888888888888888888888888886666666688888888888888888888888666666666888888888888888888888888888888888888888888888888888888888888888888888888888888888888888888888866666666666888888888888888888888888888886666666888888
8888888888886667777777776666888888888888888888888888888888888888888666666666888888888888888888888888886666666888888888888888888888888888888888888888888888886888888888888888888888888888888888888888888886666666666668888888888888888888888888888888666666888888
8888888888888666667777777766668888888888888888888888888888888888666666666668888888888888888888888888886666666688888888888888888888888888888888888888888888866888888888888888888888888888888888888888888866667776666668888888888888888888888888888888666666668888
8888888888888886666777777777776666666888888888888888888888888667777776666668888888888888888888888888886666666668888888888888888888888888888888888888888888866688888888888888888888888888888888888888888866677766666688888888888888888888888888888888866666668888
8888888888888888666666777777777776666668888888888888888888867777777776666668888888888888888888888888886666777666688888888888888888888888888888888888888888666688888888888888888888888888888888888888886666777666688888888888888888888888888888888888886666666688
8888888888888888866666677777777777777776888888888888888888777777777776666668888888888888888888888888886666777666668888888888888888888888888888888888888886666688888888888888888888888888888888888888666667776666688888888888888888888888888888888888888666666668
8888888888888888888866667777777777777777777766668888868888887777777766666668888888888888888888888888886666777666666888888888888888888888888888888888888666666668888888888888888888888888888888888886666677766668888888888888888888888888888888888888888866666668
8888888888888888888888866677777777777777777766668888888888888866666666666668888888888888888888888888886666777766666668888888888888888888888888888888886666666668888888888888888888888888888888888866666666666888888888888888888888888888888888888888888886666666
8888888888888888888888888667777777777777777666688888888888888888886666666668888888888888888888888888866667777776666666888888888888888888888888888888886667777666888888888888888888888888888888866666777666666888888888888888888888888888888888888888888888666666
8888888888888888888888888666677777777777666666888888888888888888888866666666888888888888888888888888666677777777666666688888888888888888888888888886666677777668888888888888888888888888888886666677776666688888888888888888888888888888888888888888888888886666
8888888888888888888888888886667777777766668888888888888888888888888888868888888888888888888888888888666667777777776666666888888888888888888888866666666666666688888888888888888888888888888666667777766666688888888888888888888888888888888888888888888888886666
8888888888888888888888888886667777776666688888888888888888888888888888888888888888888888888888888888666666777777777776666666888888888888888886666666666666888888888888888888888888888886666666667777766666688888888888888888888888888888888888888888888888888666
8888888888888888888888888888667777766666888888888888888888888888888888888888888888888888888888888888666666667777777777666666666688888888888866666666666668888888888888888666888888888866666666667777666666688888888888888888888888888888888888888888888888888866
8888888888888888888888888888666777666688888888888888888888888888888888888888888888888888888888888888666666666777777777776666666666688888886666666666666668888888888888888666888888888666666666666666666666688888888888888888888888888888888888888888888888888866
8888888888888888888888888888666776668888888888888888888888888888888888888888888888888888888888888888888666666677777777777766666666666666666666666668888888888888888888888888888888888886666666666666666666668888888888888888888888888888888888888888888888888866
8888888888888888888888888888666666888888888888888888888888888888888888888888888888888888888888888888888886666667777777777777766666666766666666668888888888888888888888888888888888888888666666666666666666688888888888888888888888888888888888888888888888888866
8888888888888888888888888888866668888888888888888888888888888888888888888888888888888888888888888888888888666666677777777777777677777766666688888888888888888888888888888888888888888888888886666668888866688888888888888888888888888888888888888888888888888866
8888888888888888888888888888866688888888888888888888888888888888888888888888888888888888888888888888888888868886666777777777777777777766666888888888888888888888888888888888888888888888888888888888888888888888888888888888888888888888888888888888888888888866
8888888888888888888888888888886888888888888888888888888888888888888888888888888888888888888888888888888888888888666677777777777777777666666888888888888888888888888888888888888888888888888888888888888888888888888888888888888888888888888888888888888888888666
8888888888888888888888888888666888888888888888888888888888888888888888888888888888888888888888888888888888888888866667777777777777776666666888888888888888888888888888888888888888888888888888888888888888888888888888888888888888888888888888888888888888886666
8888888888888888888888888886668888888888888888888888888888888888888888888888888888888888888888888888888888888888866666777777777777766668888888888888888888888888888888888888888888888688888888888888888888888888888888888888888888888888888888888888888888666666
8888888888888888888888888866668888888888888888888888888888888888888888888888888888888888888888888888888888888888886666677777777777666668888888888888888888888888888888888888888888886688888888888888888888888888888888888888888888888888888888888888888886666666
8888888888888888888888888666668888888888888888888888888888888888888888888888888888888888888888888888888888888888888666677777777776666688888888888888888888888888888888888888888888888888888888888888888888888888888888888888888888888888888888888888888866666666
8888888888888888888888886666688888888888888888888888888888888888888888888888888888888888888888888888888888888888888866666777777777666688888888888888888888888888888888888888888888888888888888888888888888888888888888888888888888888888888888888888866666666666
8888888888888888888888866666888888888888888888888888888888888888888888888888888888888888888888888888888888888888888886666677777777766688888888888888888888888888888888888888888888888888888888888888888888888888888888888888888888888888888888888888666666666888
8888888888888888888888668888888888888888888888888888888888888888888888888888888888888888888888888888888888888888888886666677777777766688888888888888888888888888888888888888888888888888888888888888888888888888888888888888888888888888888888888886666666666888
8888888888888888888886888888888888888888888888888888888888888888888888888888888888888888888888888888888888888888888886666677777777766888888888888888888888888888888888888888888888888888888888888888888888888888888888888888888888888888888888888866666688888888
8888888888888888888866888888888888888888888888888888888888888888888888888888888888888888888888888888888888888888888886666677777777766688888888888888888888888888888888888888888888888888888888888888888888888888888888888888888888888888888888886666666888888888
8888888888888888886888888888888888888888888888888888888888888888888888888888888888888888888888888888888888888888888886666777777777666666888888888888888888888888888888888888888888888888888888888888888888888888888888888888888888888888888886666666668888888888
8888888888866888866888888888888888888888888888888888888888888888888888888888888888888888888888888888888888888888888886667777776666666666668888888888888888888888888888888888688888888888888888888888888888888888888888888888888888888888888886666668888888888888
8888888886666666666888888888888888888888888888888888888888888888888888888888888888888888888888888888888888888888888886667777766666666666666668888888888888888888888888888666888888888888888888888888888888888888888888888888888888888888888666666688888888888888
8888888888666666666888888888888888888888888888888888888888888888888888888888888888888888888888888888888888888888888866677776666666666666666666888888888888888888888888886666888888888888888888888888888888888888888888888888888888866666666666666888888888888888
8886688888866666666888888888888888888888888888888888888888888888888888888888888888888888888888888888888888888888888666677766666666668888866666666888888888888888888888866668888888888888888888888888888888888888888888888888888888666666666666668888888888888888
8888888888888888886888888888888888888888888888888888888888888888888888888888888888888888888888888888888888888888886666777666666688888888888886666668888888888888888888888888888888888888888888888888888888888888888888888888888866666666666666888888888888888888
8888888888888888886868888888888888888888888888888888888888888888888888888888888888888888888888888888888888888888866666776666688888888888888888666666888888888888888888888888888888888888888888888888888888888888888888888888888666666666666688888888888888888888
8888888888888888888668888888888888888888888888888888888888888888888888888888888888888888888888888888888888888888866666666666888888888888888888888666688888888888888888888888888888888888888888888888888888888888888888888888888666666677666688888888888888888888
8888888888888888888868888888888888888888888888888888888888888888888888888888888888888888888888888888888888888888666666666888888888888888888888888888888888888888868888888888888888888888888888888888888888888888888888888888886666667776688888888888888888888888
8888888888888888888866688888888888888888888888888888888888888888888888888888888888888888888888888888888888888886666666668888888888888888888888888886888888888866666688888888888888888888888888888888888888888888888888888888666666666666888888888888888888888888
8888888888888888888888888888888888888888888888888888888888888888888888888888888888888888888888888888888888888666666666668888888888888888888888888888888888886666666688888888888888888888888888888888888888888888888888888886666666666668888888888888888888888888
8888888888888888888888888888888888888888888888888888888888888888888888888888888888888888888888888888888888886666666666688888888888888888888888888888888888866667666688888888888888888888888888888888888888888888888888866666666676666668888888888888888888888888
8888888888888888888888888688888888888888888888888888888888888888888888888888888888888888888888888888888888866677766666888888888888888888888888888888888888866677777668888888888888888888888888888888888888888888888886666666677776666688888888888888888888888888
8888888888888888888888886888888888888888888888888888888888888888888888888888888888888888888888888888888866667777766668888888888888888888888888888888888888886677777766888888888888888888888888888888888888888888886666666666777766666888888888888888888888888888
8888888888888888888888888888888888888888888888888888888888888888888888888888888888888888888888888888886666677777766688888888888888888888888888888888888888886667777666688888888888888888888888888888888888888888886666667777777666668888888888888888888888888888
8888888888888888888888888888888888888888888888888888888888888888888888888888888888888888888888888888666667777777766888888888888888888888888888888888888888888886777666668888888888888888888888888888888888888666666666777777776666688888888888888888888888888888
8888888888888888888888888888888888888888888888888888888888888888888888888888888888888888888866666666666677777776666888888888888888888888888888888888888888888888666666666666668888888888888888888888888888866666666667777777766666888888888888888888888888888888
8888888888888888888888888888888888888888888888888888888888888888888888888888888888888888888666666666667777777666688888888888888888888888888888888888888888888888666666666888888888888888666688888888888866666666677777777777666668888888888888888888888888888888
8888888888888888888888888888888888888888888888888888888888888888888888888888888888888888886666666667777777776666688888888888888888888888888888888888888888888888666666688888888888888888866666666888866666666666777777777766666688888888888888888888888888888888
8888888888888888888888888888888888888888888888888888888888888888888888888888888888888888866666666777777777766666888888888888888888888888888888888888888888888888666666888888888888888888888888866666666666666667777777777666666888888888888888888888888888888888
8888888888888888888888888888888888888888688888888888888888888888888888888888888888888888666666667777777777666668888888888888888888888888888888888888888888888888666666888888888888888888888888866666666666666677777777776666666888888888888888888888888888888888
8888888888888888888888888888888888888886668888888888888888888888888888888888888888886666666666677777777776666688888888888888888888888888888888888888888888888888666888888888888888888888888888866666666667777777777777776666666888888888888888888888888888888888
8888888888888888888888888888888888888866666888888888888888888888888888888888888886666666666666777777777776666688888888888888888888888888888888888888888888888886666888888888888888888888888888886666666677777777777777776666666888888888888888888888888888888888
8888888888888888888888888888888888888866666688888888888888888888888888866666666666666666666777777777777776666888888888888888888888888888888888888888888888888866668888888888888888888888888888888666666677777777777777776666666888888888888888888888888888888888
8888888888888888888888886888888888888888688888888888888888888888886666666666666666666666777777777777777666668888888888888888888888888888888888888888888888888868888888888888888888888888888888888886666667777777777777777666666688888888888888888888888888888888
8888888888888888866666666888888888888888888888888888888888888888866666666666666666666777777777777777776666688888888888888888888888888888888888888888888888888888888888888888888888888888888888888888666666777777777777777766666668888888888888888888888888888888
8888888888888866666666666888888888888888888888888888888886668886666666666666666666677777777777777777666666888888888888888888888888888888888888888888888888888888888888888888888888888888888888888888866666677777777777777776666668888888888888888888888888888888
6666888888666666666666888888888888888888888888888888888886666888666666666677777777777777777777777776666668888888888888888888888888888888888888888888888888888888888888888888888888888888888888888888866666677777777777777777766666888888888888888888888888888866
6666666666666666666888888888888888888888888888888888888888668888666666677777777777777777777777777766666668888888888888888888888888888888888888888888888888888888888888888888888888888888888888888888866666677777777777777777776666668888888888888888888888888866
6666666666666688868888888888888888888888888888888888888888888888666666677777777777777777777777777666666688888888888888888888888888888888888888888888888888888888888888888888888888888888888888888888866666777777777777777777777766666688888888888888888888666686
7776666666668888888888888888888888888888888888888888888888888888666666667777777777777777777777777666666688888888888888888888888888888888888888888888888888888888888888888888888888888888888888888888866667777777777777777777777766666666888888888888888886666688
7776666666888888888888888888888888888888888888888888888888888888866666666677777777777777777777777666666688888888888888888888888888888888888888888888888886688888888888888888888888888888888888888888866677777777777777777777777766666666668888668888888866666688
7766666668888888888888888888888888888888888888888888888888888888886666666666677777777777777777777666666668888888888888888888888888888888888888888888888886668888888888888888888888888888888888888888666777777777666677777777666666666666666666668888888866666888
6666666888888888888888888888888888888888888888888888888888888888888666666666667777777777777777777766666668888888888888888888888888888888888888888888888866668888888888888888888888888888888888888888666777777776666667777766666666666666666666688888888866666888
6666688888888888888888888888888888888888888888888888888888888888888866666666667777777777777777777777666666888888888888888888888888888888888888888888888866668888888888888888888888888888888888888886666777776666666666677666666666666666668888888888888866666888
6688888888888888888888888888888888888888888888888888888888888888888888666666667777777777777777777777766666668888888888888888888888888888888888888888888668668888888888888888888888888888888888888866666666666666666666666666666666666688888888888888888866666888
6888888888888888888888888888888888888888888888888888888888888888888888866666667777777777766677777777776666666888888888888888888888888888888888888888888888888888888888888888888888888888888888888666666666666666666666666666666666688888888888888888888886666688
8888888888888888888888888888888888888888888888888888888888888888888888866666677777777766666666777777777666666668888888888888888888888888888888888888888888888888888888888888888888888888888888888666688888888888888666666666666668888888888888888888888888868666
8888888888888888888888888888888888888888888888888888888888888888888888866666777777666666666666666777777666666666888888888888888888888888888888888888888888888888888888888888888888888888888888866688888888888888888888666666668888888888888888888888888888888866
8888888888888888888888888888888888888888888888888888888888888888888888866666777766666666666666666667777766666666888888888888888888888888888888888888888888888888888888888888888888888888888886668888888888888888888888886666688888888888888888888888888888888888
8888888888888888888888888888888888888888888888888888888888888888888888666666666666666666666666666666666667776666668888888888888888888888888888888888888888888888888888888888888888888888666666888888888888888888888888886666688888888888888888888888888888888888
8888888888888888888888888888888888888888888888888888888888888888888888666666666666666666666666666666666667777666666668888888888888888888888888888888888888888888888886688888888888888888666666688888888888888888888888888666688888888888888888888888888888888888
8888888888888888888888888888888888888888888888888888888888888888888866666666666666668888886666666666666666777766666666688888888888888888888888888888888888888888888888888888888888888886666888888888888888888888888888888666668888888888888888888888888888888888
8888888888888888888888888888888888888888888888888888888888888888866666666666666666688888888888886666666666667666666666668888888888888888888888888888888888888888888888888888888888888866666688888888888888888888888888888666668888888888888888888888888888888888
8888888888888888888888888888888888888888888888888888888888888888666666666666688888888888888888888866666666666666777666666888888888888888888888888888888888888888888888888888886666666677666688888888888888888888888888888886668888888888888888888888888888888888
8888888888888888888888888888888888888888888888888888888888888888666666688888888888888888888888888888888666666666777666666888888888888888888888888888888888888888888888888888866666666676666888888888888888888888888888888888666888888888888888888888888888888888
8888888888888888888888888888888888888888888888888888888888888886666666688888888888888888888888888888888866666666666666666688888888888888888888888888888888888888888888888888866666666666668888888888888888888888888888888888866888888888888888888888888888888888
8888888888888888888888888888888888888888888888888888888888888866666688888888888888888888888888888888888888888886666666666668888888888888888888888888888888888888888888888888866666666668888888888888888888888888888888888888866688888888888888888888888888888888
8888888888888888888888888888888888888888888888888888888888888866666688888888888888888888888888888888888888888888886666667766888888888888888888888888888888888888888888888888866666666688888888888888888888888888888888888888886688888888888888888888888888888888
8888888888888888888888888888888888888888888888888888888888888886666688888888888888888888888888888888888888888888888866666666686688888888888888888888888888888888888888888888666666666888888888888888888888888888888888888888888688888888888888888888888888888888
8888888888888888888888888888888888888888888888888888888888688888888888888888888888888888888888888888888888888888888886666666666666666688888888888888888888888888888888888888666667666888888888888888888888888888888888888888888888888888888888888888888888888888
8888888888888888888888888888888888888888888888888888888666668888888888888888888888888888888888888888888888888888888888888866666666666668888888888888888888888888888888888888666666666888888888888888888888888888888888888888888886668888888888888888888888888888
8888888888888888888888888888888888888888888888888888866666668888888888888888888888888888888888888888888888888888888888888888666666666666688888888888888888888888888888888866677666666888888888888888888888888888888888888888888886668888888888888888888888888888
8888888888888888888888888888888888888888888888888886666666668888888888888888888888888888888888888888888888888888888888888888866667766666668888888888888888888888888888886666776666668888888888888888888888888888888888888888888866668888888888888888888888888888
8888888888888888888888888888888888888888888888888886666666688888888888888888888888888888888888888888888888888888888888888888888666777766666888888888888888888888888888866677766666888888888888888888888888888888888888888888888866666668888888888888888888888888
8888888888888888888888888888888888888888888888888866666666888888888888888888888888888888888888888888888888888888888888888888888866667776666666688888888888888888888666666777766668888888888888888888888888888888888888888888888888886666888888888888888888888888
8888888888888888888888888888888888888888888888866666666668888888888888888888888888888888888888888888888888888888888888888888888886666777666666666888888888888888886666667777666688888888888888888888888888888888888888888888888888888666688888888888888888888888
8888888888888888888888888888888888888888888886666666666888888888888888888888888888888888888888888888888888888888888888888888888888666677766666666666888888888666666666677777666688888888888888888888888888888888888888888888888888888866666888888888888888888888
8888888888888888888888888888888888888888888666666666668888888888888888888888888888888888888888888888888888888888888888888888888888666677777766666666688888888666666777777776666888888888888888888888888888888888888888888888888888888888886668888888888888888888
8888888888888888888888888888888888888888886666666666888888888888888888888888888888888888888888888888888888888888888888888888888888666667777777666666666666666666667777777766666888888888888888888888888888888888888888888888888888888888888868888888888888888888
6888888888888888888888888888888888888888886666666666888888888888888888888888888888888888888888888888888888888888888888888888888888866666677777777766666666666666677777777666666888888888888888888888888888888888888888888888888888888888888888888888888888888888
6688888888888888888888888888888888888888666666666888888888888888888888888888888888888888888888888888888888888888888888888888888888866666667777777777776676667777777777777666666888888888888888888888888888888888888888888888888888888888888888888888888888888888
6688888888888888888888888888888888886666666766666888888888888888888888888888888888888888888888888888888888888888888888888888888888866666667777777777777777777777777777776666666888888888888888888888888888888888888888888888888888888888888888888888888888888888
6888888888888888888888888888888888886666666666666888888888888888888888888888888888888888888888888888888888888888888888888888888888666666667777777777777777777777777777777666666888888888888888888888888888888888888888888888888888888888888888888888888888888888
8888888888888888888888888888888888866666666666888888888888888888888888888888888888888888888888888888888888888888888888888888888888666666777777777777777777777777777777777766666668888888888888888888888888888888888888888888888888888888888888888888888888888888
8888888888888888888888888888888866666666666666888888888888888888888888888888888888888888888888888888888888888888888888888888888866666667777777777777777777777777777777777776666666888888888888888888888888888888888888888888888888888888888888888888888888886688
8888888888888888888888888866666666666666666668888888888888888888888888888888888888888888888888888888888888888888888888888888886666666677777777776666666777777777777777777777666666668888888888888888888888888668888888888888888888888888888888888888888888866666
8888888888888888666666666666666666666666666688888888888888888888888888888888888888888888888888888888888888888888888888888888666666667777777666666666666666667777777777777777776666666888888888888888888888886668888888888888888888888888888888888888888888888886
8888888888888888666666666666666667776666666888888888888888888888888888888888888888888888888888888888888888888888888888888886666666677777766666666666666666666667777777777777777766666668888888888888888888888888888888888888888888888888888888888888888888888886
8888888888888888666666666666677777777666666888888888888888888888888888888888888888888888888888888888888888888888888888888666666666777766666666666666666666666666666777777777777776666666688888886666888888888888888888888888888888888888888888888888888888888888
8888888888888886666667777777777777777666666888888888888888888888888888888888888888888888888888888888888888888888888888886666666777666666666666668888888888666666666666666666777777777666666888666666666888888888888888888888888888888888888888888888888888888888
8888888888888888666667777777777777776666666888888888888888888888888888888888888888888888888888888888888888888888888888866667776666666666668888888888888888888866666666666666666677777776666666666666666888888888888888888888888888888888888888888888888888888888
8888888888888888886666677777777777776666666888888888888888888888888888888888888888888888888888888888888888888888888866666677766666666668888888888888888888888888888886666666666667777777666666666666666888888888888888888888888888888888888888888888888888888888
8888888888888888888866667777777777776666666888888888888888888888888888888888888888888888888888888888888888888888886666666677666666666688888888888888888888888888888888888866666666667666677777777666666688888888888888888888888888888888888888888888888888888888
8888888888888888888886666677777777777666666888888888888888888888888888888888888888888888888888888888888888888888866666766666666688888888888888888888888888888888888888888888888666666666677777777766666688888888888888888888888888888888888888888888888888888888
8888888888888888888888666677777777777766666688888888888888888888888888888888888888888888888888888888888888888886666666666666868888888888888888888888888888888888888888888888888886666666666667777776666666888888888888888888888888888888888888888888888888888888
8888888888888888888886666666777777777776666668888888888888888888888888888888888888888888888888888888888888888866666666666668888888888888888888888888888888888888888888888888888888886666666666667777666666666888888888888888888888888888888888888888888888888888
8888888888888888888886666666777777777776666668888888888888888888888888888888888888888888888888888888888888886667766666666888888888888888888888888888888888888888888888888888888888888666666666666666667777666688888888888888888888888888888888888888888888888886
8888888888888888888886666666777777777777766666888888888888888888888888888888888888888888888888888888888888666666666666888888888888888888888888888888888888888888888888888888888888888866666666666666666677776668888888888888888888888888888888888888888888888866
8888888888888888888866666667777777777777776666688888888888888888888888888888888888888888888888888888888866666666888868888888888888888888888888888888888888888888888888888888888888888866666666666666666666666666668888888888888888888888888888888888888888888666
8888888888888888888666666677777777777777777776666688888888888888888888888888888888888888888888888886666677668888888888888888888888888888888888888888888888888888888888888888888888888866666666888886666666666677766668888888888888888888888888888888888888866666
8888888888888888866666667777777776666677777777766666688888888888888888888888888888888888888888866666666776688888888888888888888888888888888888888888888888888888888888888888888888888886666888888888888888888677766666688888888888888888888888888888888886666677
8888888888888886666666677777777666666666667777766666666888888888888888888888888888888888888886666666677768888888888888888888888888888888888888888888888888888888888888888888888888888886688888888888888888888866666666666668888888888888888888888888886666666777
8888888888888666666667777777666666666666666666666666666668888888888888888888888888888888888866666666666888888888888888888888888888888888888888888888888888888888888888888888888888888886888888888888888888888886666677666666688888888888888888888888866666677777
8888888888866666666677777776666666668888888888888666666666688888888888888888888888888888888666666666668888888888888888888888888888888888888888888888888888888888888888888888888888888868888888888888888888888888886667766666666668888888888888888888666666777776
8888888888666666666777777766666666688888888888888888886666666688888888888888888888888888888666666666688888888888888888888888888888888888888888888888888888888888888888888888888888888868888888888888888888888888888666666666666666668888888888888666666667777766
8888888886666666777776666666666888888888888888888888888666666668888888888888888888888888666666666666688888888888888888888888888888888888888888888888888888888888888888888888888888888888888888888888888888888888888866666666777666666686888888886666666777777666
8888888866666666677666666666688888888888888888888888888888666666688888888888888888886666666677776666888888888888888888888888888888888888888888888888888888888888888888888888888888888888888888888888888888888888888888666667777777666666666666666667777777776668
8888886667777666666666666668888888888888888888888888888888866666666666888888866666666666667777776666888888888888888888888888888668888888888888888888888888888888888888888888888888888888888888888888888888888888888888886666777777776666666666666677777777666668
8866666667776666666666666888888888888888888888888888888888888866666666666666666666666666777777766666888888888888888888888888886666888888888888888888888888888888888888888888888888888888888888888888888888888888888888886666677777777766666667777777777776666888
8666668888866666666666668888888888888888888888888888888888888888666666666666666666666677777776666666888888888888888888888888866666688888888888888888888888888888888888888888888888888888888888888888888888888888888888888666667777777777777777777777777766668888
6667788888888888866666668888888888888888888888888888888888888888888666666666666666777777777766666666888888888888888888888888866666666688888888888888888888888888888888888888888888888888888888888888888888888888888888888886666677777777777777777777777666668888
6666688888888888888666668888888888888888888888888888888888888888888666666666667777777777777666666688888888888888888888888888888886668888888888888888888888888888888888888888888888888888888888888888888888888888888888888886666666777777777777777777766666688888
6666688888888888888866668888888888888888888888888888888888888888888866666667777777777777776666666888888888888888888888888888888888866688888888888888888888888888888888888888888888888888888888888888888888888888888888888888666666777777777777777777766666688888
8888888888888888888886666888888888888888888888888888888888888888888886666667777777777777666666688888888888888888888888888888888888888888888888888888888888888888888888888888888888888888888888888888888888888888888888888888866666677777777777777777666666688888
8888888888888888888888666688888888888888888888888888888888888888888888666666777777777776666666688888888888888888888888888888888888888888888888888888888888888888888888888888888888888888888888888888888888888888888888888888866666777777777777777777766666688888
8888888888888888888888666688888888888888888888888888888888888888888888666666677777777766666668888888888888888888888888888888888888888888888868888888888888888888888888888888888888888888888888888888888888888888888888888888866667777777777777777777776666688888
8888888888888888888888886888888888888888888888888888888888888888888888866666677777777666666688888888888888888888888888888888888888888888888888888888888888888888888888888888888888888888888888888888888888888888888888888888666667777777777777777777777766668888
8888888888888888888888888888888888888888888888888888888888888888888888866666677777776666688888888888888888888888888888888888888888888888888888888888888888888888888888888888888888888888888888888888888888888888888888888886666677777777776666777777777777668888
8888888888888888888888888888888888888888888888888888888888888888888888866666677777666666688888888888888888888888888888888888888888888888888888888888888888888888888888888888888888888888888888888888888888888888888888888866667777777777766666666777777777766668
8888888888888888888888888888888888888888888888888888888888888888888888866666677776666668888888888888888888888888888888888888888888888888888888888888888888888888888888888888888888888888888888888888888888888888888888888666667777777666666666666666677777776666
8888888888888888888888888888888888888888888888888888888888888888888888866666777766666888888888888888888888888888888888888888888888888888888888888888888888888888888888888888888888888888888888888888888888888888888888886666667777666666888888666666666777777766
8888888888888888888888888888888888888888888888888888888888888888888888666667777666666888888888888888888888888888888888888888888888888888888888888888888888888888888888888888888888888888888888888888888888888888888888866677766666668888888888886666666666777776
