8888888888888888888888888888888888888888888888888888888888888888888888888888888888888888888888888888888888888888888888888888888888888888888888888888888888888888888888888888888888888888888888888888888888888888888888888888888888888888888888888888888888888888
8888888888888888888888888888888888888888888888888888888888888888888888888888888888888888888888888888888888888888888888888888888888888888888888888888888888888888888888888888888888888888888888888888888888888888888888888888888888888888888888888888888888888888
8888888888888888888888888888888888888888888888888888888888888888888888888888888888888888888888888888888888888888888888888888888888888888888888888888888888888888888888888888888888888888888888888888888888888888888888888888888888888888888888888888888888888888
8888888888888888888888888888888888888888888888888888888888888888888888888888888888888888888888888888888888888888888888888888888888888888888888888888888888888888888888888888888888888888888888888888888888888888888888888888888888888888888888888888888888888888
8888888888888888888888888888888888888888888888888888888888888888888888888888888888888888888888888888888888888888888888888888888888888888888888888888888888888888888888888888888888888888888888888888888888888888888888888888888888888888888888888888888888888888
8888888888888888888888888888888888888888888888888888888888888888888888888888888888888888888888888888888888888888888888888888888888888888888888888888888888888888888888888888888888888888888888888888888888888888888888888888888888888888888888888888888888888888
8888888888888888888888888888888888888888888888888888888888888888888888888888888888888888888888888888888888888888888888888888888888888888888888888888888888888888888888888888888888888888888888888888888888888888888888888888888888888888888888888888888888888888
8888888888888888888888888888888888888888888888888888888888888888888888888888888888888888888888888888888888888888888888888888888888888888888888888888888888888888888888888888888888888888888888888888888888888888888888888888888888888888888888888888888888888888
8888888888888888888888888888888888888888888888888888888888888888888888888888888888888888888888888888888888888888888888888888888888888888888888888888888888888888888888888888888888888888888888888888888888888888888888888888888888888888888888888888888888888888
8888888888888888888888888888888888888888888888888888888888888888888888888888888888888888888888888888888888888888888888888888888888888888888888888888888888888888888888888888888888888888888888888888888888888888888888888888888888888888888888888888888888888888
8888888888888888888888888888888888888888888888888888888888888888888888888888888888888888888888888888888888888888888888888888888888888888888888888888888888888888888888888888888888888888888888888888888888888888888888888888888888888888888888888888888888888888
8888888888888888888888888888888888888888888888888888888888888888888888888888888888888888888888888888888888888888888888888888888888888888888888888888888888888888888888888888888888888888888888888888888888888888888888888888888888888888888888888888888888888888
8888888888888888888888888888888888888888888888888888888888888888888888888888888888888888888888888888888888888888888888888888888888888888888888888888888888888888888888888888888888888888888888888888888888888888888888888888888888888888888888888888888888888888
8888888888888888888888888888888888888888888888888888888888888888888888888888888888888888888888888888888888888888888888888888888888888888888888888888888888888888888888888888888888888888888888888888888888888888888888888888888888888888888888888888888888888888
8888888888888888888888888888888888888888888888888888888888888888888888888888888888888888888888888888888888888888888888888888888888888888888888888888888888888888888888888888888888888888888888888888888888888888888888888888888888888888888888888888888888888888
8888888888888888888888888888888888888888888888888888888888888888888888888888888888888888888888888888888888888888888888888888888888888888888888888888888888888888888888888888888888888888888888888888888888888888888888888888888888888888888888888888888888888888
8888888888888888888888888888888888888888888888888888888888888888888888888888888888888888888888888888888888888888888888888888888888888888888888888888888888888888888888888888888888888888888888888888888888888888888888888888888888888888888888888888888888888888
8888888888888888888888888888888888888888888888888888888888888888888888888888888888888888888888888888888888888888888888888888888888888888888888888888888888888888888888888888888888888888888888888888888888888888888888888888888888888888888888888888888888888888
8888888888888888888888888888888888888888888888888888888888888888888888888888888888888888888888888888888888888888888888888888888888888888888888888888888888888888888888888888888888888888888888888888888888888888888888888888888888888888888888888888888888888888
8888888888888888888888888888888888888888888888888888888888888888888888888888888888888888888888888888888888888888888888888888888888888888888888888888888888888888888888888888888888888888888888888888888888888888888888888888888888888888888888888888888888888888
8888888888888888888888888888888888888888888888888888888888888888888888888888888888888888888888888888888888888888888888888888888888888888888888888888888888888888888888888888888888888888888888888888888888888888888888888888888888888888888888888888888888888888
8888888888888888888888888888888888888888888888888888888888888888888888888888888888888888888888888888888888888888888888888888888888888888888888888888888888888888888888888888888888888888888888888888888888888888888888888888888888888888888888888888888888888888
8888888888888888888888888888888888888888888888888888888888888888888888888888888888888888888888888888888888888888888888888888888888888888888888888888888888888888888888888888888888888888888888888888888888888888888888888888888888888888888888888888888888888888
8888888888888888888888888888888888888888888888888888888888888888888888888888888888888888888888888888888888888888888888888888888888888888888888888888888888888888888888888888888888888888888888888888888888888888888888888888888888888888888888888888888888888888
8888888888888888888888888888888888888888888888888888888888888888888888888888888888888888888888888888888888888888888888888888888888888888888888888888888888888888888888888888888888888888888888888888888888888888888888888888888888888888888888888888888888888888
8888888888888888888888888888888888888888888888888888888888888888888888888888888888888888888888888888888888888888888888888888888888888888888888888888888888888888888888888888888888888888888888888888888888888888888888888888888888888888888888888888888888888888
8888888888888888888888888888888888888888888888888888888888888888888888888888888888888888888888888888888888888888888888888888888888888888888888888888888888888888888888888888888888888888888888888888888888888888888888888888888888888888888888888888888888888888
8888888888888888888888888888888888888888888888888888888888888888888888888888888888888888888888888888888888888888888888888888888888888888888888888888888888888888888888888888888888888888888888888888888888888888888888888888888888888888888888888888888888888888
8888888888888888888888888888888888888888888888888888888888888888888888888888888888888888888888888888888888888888888888888888888888888888888888888888888888888888888888888888888888888888888888888888888888888888888888888888888888888888888888888888888888888888
8888888888888888888888888888888888888888888888888888888888888888888888888888888888888888888888888888888888888888888888888888888888888888888888888888888888888888888888888888888888888888888888888888888888888888888888888888888888888888888888888888888888888888
8888888888888888888888888888888888888888888888888888888888888888888888888888888888888888888888888888888888888888888888888888888888888888888888888888888888888888888888888888888888888888888888888888888888888888888888888888888888888888888888888888888888888888
8888888888888888888888888888888888888888888888888888888888888888888888888888888888888888888888888888888888888888888888888888888888888888888888888888888888888888888888888888888888888888888888888888888888888888888888888888888888888888888888888888888888888888
8888888888888888888888888888888888888888888888888888888888888888888888888888888888888888888888888888888888888888888888888888888888888888888888888888888888888888888888888888888888888888888888888888888888888888888888888888888888888888888888888888888888888888
8888888888888888888888888888888888888888888888888888888888888888888888888888888888888888888888888888888888888888888888888888888888888888888888888888888888888888888888888888888888888888888888888888888888888888888888888888888888888888888888888888888888888888
8888888888888888888888888888888888888888888888888888888888888888888888888888888888888888888888888888888888888888888888888888888888888888888888888888888888888888888888888888888888888888888888888888888888888888888888888888888888888888888888888888888888888888
8888888888888888888888888888888888888888888888888888888888888888888888888888888888888888888888888888888888888888888888888888888888888888888888888888888888888888888888888888888888888888888888888888888888888888888888888888888888888888888888888888888888888888
8888888888888888888888888888888888888888888888888888888888888888888888888888888888888888888888888888888888888888888888888888888888888888888888888888888888888888888888888888888888888888888888888888888888888888888888888888888888888888888888888888888888888888
8888888888888888888888888888888888888888888888888888888888888888888888888888888888888888888888888888888888888888888888888888888888888888888888888888888888888888888888888888888888888888888888888888888888888888888888888888888888888888888888888888888888888888
8888888888888888888888888888888888888888888888888888888888888888888888888888888888888888888888888888888888888888888888888888888888888888888888888888888888888888888888888888888888888888888888888888888888888888888888888888888888888888888888888888888888888888
8888888888888888888888888888888888888888888888888888888888888888888888888888888888888888888888888888888888888888888888888888888888888888888888888888888888888888888888888888888888888888888888888888888888888888888888888888888888888888888888888888888888888888
8888888888888888888888888888888888888888888888888888888888888888888888888888888888888888888888888888888888888888888888888888888888888888888888888888888888888888888888888888888888888888888888888888888888888888888888888888888888888888888888888888888888888888
8888888888888888888888888888888888888888888888888888888888888888888888888888888888888888888888888888888888888888888888888888888888888888888888888888888888888888888888888888888888888888888888888888888888888888888888888888888888888888888888888888888888888888
8888888888888888888888888888888888888888888888888888888888888888888888888888888888888888888888888888888888888888888888888888888888888888888888888888888888888888888888888888888888888888888888888888888888888888888888888888888888888888888888888888888888888888
8888888888888888888888888888888888888888888888888888888888888888888888888888888888888888888888888888888888888888888888888888888888888888888888888888888888888888888888888888888888888888888888888888888888888888888888888888888888888888888888888888888888888888
8888888888888888888888888888888888888888888888888888888888888888888888888888888888888888888888888888888888888888888888888888888888888888888888888888888888888888888888888888888888888888888888888888888888888888888888888888888888888888888888888888888888888888
8888888888888888888888888888888888888888888888888888888888888888888888888888888888888888888888888888888888888888888888888888888888888888888888888888888888888888888888888888888888888888888888888888888888888888888888888888888888888888888888888888888888888888
8888888888888888888888888888888888888888888888888888888888888888888888888888888888888888888888888888888888888888888888888888888888888888888888888888888888888888888888888888888888888888888888888888888888888888888888888888888888888888888888888888888888888888
8888888888888888888888888888888888888888888888888888888888888888888888888888888888888888888888888888888888888888888888888888888888888888888888888888888888888888888888888888888888888888888888888888888888888888888888888888888888888888888888888888888888888888
8888888888888888888888888888888888888888888888888888888888888888888888888888888888888888888888888888888888888888888888888888888888888888888888888888888888888888888888888888888888888888888888888888888888888888888888888888888888888888888888888888888888888888
8888888888888888888888888888888888888888888888888888888888888888888888888888888888888888888888888888888888888888888888888888888888888888888888888888888888888888888888888888888888888888888888888888888888888888888888888888888888888888888888888888888888888888
8888888888888888888888888888888888888888888888888888888888888888888888888888888888888888888888888888888888888888888888888888888888888888888888888888888888888888888888888888888888888888888888888888888888888888888888888888888888888888888888888888888888888888
8888888888888888888888888888888888888888888888888888888888888888888888888888888888888888888888888888888888888888888888888888888888888888888888888888888888888888888888888888888888888888888888888888888888888888888888888888888888888888888888888888888888888888
8888888888888888888888888888888888888888888888888888888888888888888888888888888888888888888888888888888888888888888888888888888888888888888888888888888888888888888888888888888889888888888888888888888888888888888888888888888888888888888888888888888888888888
8888888888888888888888888888888888888888888888888888888888888888888888888888888888888888888888888888888888888888888888888888888888888888888888888888888888888888888888888888888888998888888888888888888888888888888888888888888888888888888888888888888888888888
8888888888888888888888888888888888888888888888888888888888888888888888888888888888888888888888888888888888888888888888888888888888888888888888888888888888888888888888888888888888988888888888888888888888888888888888888888888888888888888888888888888888888888
8888888888888888888888888888888888888888888888888888888888888888888888888888888888888888888888888888888888888888888888888888888888888888888888888888888888888888888888888888888889989888888888888888888888888888888888888888888888888888888888888888888888888888
8888888888888888888888888888888888888888888888888888888888888888888888888888888888888888888888888888888888888888888888888888888888888888888888888888888888888888888888888888889888989888888888888888888888888888888888888888888888888888888888888888888888888888
88888888888888888888888888888888888888888888888888888888888888888888888888888C8EEEEEEC88888888888888888888888888888888888888888888888888888888888888888888888888888888888888889989898888888888888888888888888888888888888888888888888888888888888888888888888888
8888888888888888888888888888888888888888888888888888888888888888888888C888888E8ECECEE8C8888888888888888888888888888888888888888888888888888888888888888888888888888888888888899988988888888888888888888888888888888888888888888888888888888888888888888888888888
8888888888188888888888888888888888888888888888888888888888888888888888CCCCCCCC8EEEEEE8E8888888888888888888888888888888888888888888888888888888888888888888888888888888888888998988988888888888888888888888888888888888888888888888888888888888888888888888888888
8888888888188888888888888888888888888888888888888888888888888888888888CCCCCCCC8EEEEEE8CC888888888888888888888888888888888888888888888888888888888888888888888888888888888888989999988888888888888888888888888888888888888888888888888888888888888888888888888888
8888888881888888888888888888888888888888888888888888888888888888888888CCCCCC8E8EEEEEECCC888888888888888888888888888888888888888888888888888888888888888888888888888888888888899888988888888888888888888888888888888888888888888888888888888888888888888888888888
88888888881888888888888888888888888888888888888888888888888888888888888CCCCCCC8CCCCCE8EC888888888888888888888888888888888888888888888888888888888888888888888888888888888888889899988888888888888888888888888888888888888888888888888888888888888888888888888888
888888888818888888888888888888888888888888888888888888888888888888888CCCCCCCCCCCCCCCEEEEC88888888888888888888888888888888888888888888888888888888888888888888888888888888888888989998888888888888888888888888888888888888888888888888888888888888888888888888888
888888888881888888888888888888888888888888888888888888888888888888CCCCCCCCC8888CCCCCE8C8C88888888888888888888888888888888888888888888888888888888888888888888888888888888888888989988888888888888888888888888888888888888888888888888888888888888888888888888888
88888888888888888888888888888888888888888888888888888888888888CCCCCCCEEEEEEEEEECCCCCCEEEE8C88C888888888888888888888888888888888888888888888888888888888888888888888888888888889989989888888888888888888888888888888888888888888888888888888888888888888888888888
8888888888888888888888888888888888888888888888888888888888CCCCCCCCCEEEECEEECCCCCCCCCCCCCC8CCCCCCC888888888888888888888888888888888888888888888888888888888888888888888888888888889998888888888888888888888888888888888888888888888888888888888888888888888888888
88888888888888888888888888888888888888888888888888888888CCCCCCCCCCEEEEEEEEECCCCCCCCCCCCCC8CEEECCCC88888888888888888888888888888888888888888888888888888888888888888888888888888889988888888888888888888888888888888888888888888888888888888888888888888888888888
88888888888888888888888888888888888888888888888888888888CCCCCCCCCCECEEEEECECCCCCCCCCCCCCCCCCEEEEEC88888888888888888888888888888888888888888888888888888888888888888888888888888889898888888888888888888888888888888888888888888888888888888888888888888888888888
888888888888888888888888888888888888888888888888888888888CCCCCCCCC8888CEEEECCCCCCCCCCCCCC88888888888888888888888888888888888888888888888888888888888888888888888888888888888888898899898888888888888888888888888888888888888888888888888888888888888888888888888
8888888888888888888888888888888888888888888888888888888CCCCCCCCCCEEEEECCCCCCCCCCCCCCCCCCCCCCCEEEEE8C888888888888888888888888888888888888888888888888888888888888888888888888888899989988888888888888888888888888888888888888888888888888888888888888888888888888
888888888888888888888888888888888888888888888888888888888CCCCCCCCECCCCCCCCCCCCCCCCCCCCCCCCCCCCCCCE8C888888888888888888888888888888888888888888888888888888888888888888888888888899998888888888888888888888888888888888888888888888888888888888888888888888888888
888888888888888888888888888888888888888888888888888888888888CCCCECCCCCCCCCCCCCCCCCCCCCCCCCCCCCCCCE8C888888888888888888888888888888888888888888888888888888888888888888888888888888888888888888888888888888888888888888888888888888888888888888888888888888888888
888888888888888888888888888888888888888888888888888888888888CCCCCCCCCCCCCCCCCCCCCCCCCCCCCCCCCCCCCE8C888888888888888888888888888888888888888888888888888888888888888888888888888888888888888888888888888888888888888888888888888888888888888888888888888888888888
88888888888888888888888888888CCC88888888888888888888888888888CCCECCCCCCCCCCCCCCCCCCCCCCCCCCCCCCCCE8E888888888888888888888888888888888888888888888888888888888888888888888888888888888888888888888888888888888888888888888888888888888888888888888888888888888888
88888888888888888888888CCEECCCCCCC888888888888888888888888888CCCC8CEEECCCCCCCCCCCCCCCCCCCCCCCEEEEEC8888888888888888888888888888888888888888888888888888888888888888888888888888888888888888888888888888888888888888888888888888888888888888888888888888888888888
8888888888888888888888CCCC888CEECC8888888888888888888888888888888888888888CCCCCCCCCCCCCCC8E888888C88888888888888888888888888888888888888888888888888888888888888888888888888888888888888888888888888888888888888888888888888888888888888888888888888888888888888
8888888888888888888888CE8EEEEEEECC888888888888888888888888888888888CC8CCCCCCCCCCCCCCCCCCCCCCCCCCCC88888888888888888888888888888888888888888888888888888888888888888888888888888888888888888888888888888888888888888888888888888888888888888888888888888888888888
8888888888888888888CC8CE8EEEEE8ECC88888888888888888888888888888888888CCCCCCCCCCCCCCCCCCCC8CCCCCCCC88888888888888888888888888888888888888888888888888888888888888888888888888888888888888888888888888888888888888888888888888888888888888888888888888888888888888
8888888888888888888CECCCCECECEEECCC8888888888888888888888888888888888CCEEEECCCCCCCCCCCCCCCECCCCCCC88888888888888888888888888888888888888888888888888888888888888888888888888888888888888888888888888888888888888888888888888888888888888888888888888888888888888
88888888888888888CCC88888ECCCE8C8888888888888888888888888888888888888CCEEEE8888CCCCCE8888EECCCCCCCC8888888888888888888888888888888888888888888888888888888888888888888888888888888888888888888888888888888888888888888888888888888888888888888888888888888888888
8888888888888888CCECEEECECCCCCEEEEE8888888888888888888888888888888888CCCEEEECCCCCCCCECEEEEECCCCCC888888888888888888888888888888888888888888888888888888888888888888888888888888888888888888888888888888888888888888888888888888888888888888888888888888888888888
8888888888888888CCE8EEECCCCCCCCCEEE8888888888888888888888888888888888CCEEEECEC8CCCCCECEEECCCCCCCC888888888888888888888888888888888888888888888888888888888888888888888888888888888888888888888888888888888888888888888888888888888888888888888888888888888888888
88888888888888888CE8EEECCCCCCCCCEEE88888888888888888888888888888888888CCCCCCCC8CCCCCE8EECCCCC8C88888888888888888888888888888888888888888888888888888888888888888888888888888888888888888888888888888888888888888888888888888888888888888888888888888888888888888
88888888888888888CE8EEECCCCCCCCCEEE888888888888888888888888888888888888CCC8C8C8CCCCCECCCCC8888888888888888888888888888888888888888888888888888888888888888888888888888888888888888888888888888888888888888888888888888888888888888888888888888888888888888888888
888888888888888888CCEEEEEECCCCEEEEE888888888888888888888888888888888888888888C8CCCCCECC8888888888888888888888888888888888888888888888888888888888888888888888888888888888888888888888888888888888888888888888888888888888888888888888888888888888888888888888888
888888888888888888CC88888ECCCE88888888888888888888888888888888888888888888888C8CCCCCE8C8888888888888888888888888888888888888888888888888888888888888888888888888888888888888888888888888888888888888888888888888888888888888888888888888888888888888888888888888
8888888888888888888CCECEEECCCEECECE888888888888888888888888888888888888888888C8CCCCCE8C8888888888888888888888888888888888888888888888888888888888888888888888888888888888888888888888888888888888888888888888888888888888888888888888888888888888888888888888888
8888888888888888888CCCCC8EEEEE8EC88888888888888888888888888888888888888888888C8CCECCE8C8888888888888888888888888888888888888888888888888888888888888888888888888888888888888888888888888888888888888888888888888888888888888888888888888888888888888888888888888
8888888888888888888888CE8EEEEE8EC8888888888888888888888888888888888888888888888888888C88888888888888888888888888888888888888888888888888888888888888888888888888888888888888888888888888888888888888888888888888888888888888888888888888888888888888888888888888
8118888888888888888888CE8EEEEE8EC8888888888888888888888888888888888888888888888CEECEC888888888888888888888888888888888888888888888888888888888888888888888888888888888888888888888888888888888888888888888888888888888888888888888888888888888888888888888888888
18888888888888888888888E8EEEEE8E88888888888888888888888888888888888888888888888888888888888888888888888888888888888888888888888888888888888888888888888888888888888888888888888888888888888888888888888888888888888888888888888888888888888888888888888888888888
111888888888888888888888CEEEEECC88888888888888888888888888888888888888888888888888888888888888888888888888888888888888888888888888888888888888888888888888888888888888888888888888888888888888888888888888888888888888888888888888888888888888888888888888888888
888888888888888888888888888888CC88888888888888888888888888888888888888888888888888888888888888888888888888888888888888888888888888888888888888888888888888888888888888888888888888888888888888888888888888888888888888888888888888888888888888888888888888888888
8888888888888888888888888888888888888888888888888888888888888888888888888888888888888888888888888888888888888888888888888888888888888888888888888888888888888888888888888888888888888888888888888888888888888888888888888888888888888888888888888888888888888888
8888888888888888888888888888888888888888888888888888888888888888888888888888888888888888888888888888888888888888888888888888888888888888888888888888888888888888888888888888888888888888888888888888888888888888888888888888888888888888888888888888888888888888
8888888888888888888888888888888888888888888888888888888888888888888888888888888888888888888888888888888888888888888888888888888888888888888888888888888888888888888888888888888888888888888888888888888888888888888888888888888888888888888888888888888888888888
8888888888888888888888888888888888888888888888888888888888888888888888888888888888888888888888888888888888888888888888888888888888888888888888888888888888888888888888888888888888888888888888888888888888888888888888888888888888888888888888888888888888888888
8888888888888888888888888888888888888888888888888888888888888888888888888888888888888888888888888888888888888888888888888888888888888888888888888888888888888888888888888888888888888888888888888888888888888888888888888888888888888888888888888888888888888888
8888888888888888888888888888888888888888888888888888888888888888888888888888888888888888888888888888888888888888888888888888888888888888888888888888888888888888888888888888888888888888888888888888888888888888888888888888888888888888888888888888888888888888
8888888888888888888888888888888888888888888888888888888888888888888888888888888888888888888888888888888888888888888888888888888888888888888888888888888888888888888888888888888888888888888888888888888888888888888888888888888888888888888888888888888888888888
8888888888888888888888888888888888888888888888888888888888888888888888888888888888888888888888888888888888888888888888888888888888888888888888888888888888888888888888888888888888888888888888888888888888888888888888888888888888888888888888888888888888888888
8888888888888888888888888888888888888888888888888888888888888888888888888888888888888888888888888888888888888888888888888888888888888888888888888888888888888888888888888888888888888888888888888888888888888888888888888888888888888888888888888888888888888888
8888888888888888888888888888888888888888888888888888888888888888888888888888888888888888888888888888888888888888888888888888888888888888888888888888888888888888888888888888888888888888888888888888888888888888888888888888888888888888888888888888888888888888
8888888888888888888888888888888888888888888888888888888888888888888888888888888888888888888888888888888888888888888888888888888888888888888888888888888888888888888888888888888888888888888888888888888888888888888888888888888888888888888888888888888888888888
8888888888888888888888888888888888888888888888888888888888888888888888888888888888888888888888888888888888888888888888888888888888888888888888888888888888888888888888888888888888888888888888888888888888888888888888888888888888888888888888888888888888888888
8888888888888888888888888888888888888888888888888888888888888888888888888888888888888888888888888888888888888888888888888888888888888888888888888888888888888888888888888888888888888888888888888888888888888888888888888888888888888888888888888888888888888888
8888888888888888888888888888888888888888888888888888888888888888888888888888888888888888888888888888888888888888888888888888888888888888888888888888888888888888888888888888888888888888888888888888888888888888888888888888888888888888888888888888888888888888
8888888888888888888888888888888888888888888888888888888888888888888888888888888888888888888888888888888888888888888888888888888888888888888888888888888888888888888888888888888888888888888888888888888888888888888888888888888888888888888888888888888888888888
8888888888888888888888888888888888888888888888888888888888888888888888888888888888888888888888888888888888888888888888888888888888888888888888888888888888888888888888888888888888888888888888888888888888888888888888888888888888888888888888888888888888888888
8888888888888888888888888888888888888888888888888888888888888888888888888888888888888888888888888888888888888888888888888888888888888888888888888888888888888888888888888888888888888888888888888888888888888888888888888888888888888888888888888888888888888888
8888888888888888888888888888888888888888888888888888888888888888888888888888888888888888888888888888888888888888888888888888888888888888888888888888888888888888888888888888888888888888888888888888888888888888888888888888888888888888888888888888888888888888
8888888888888888888888888888888888888888888888888888888888888888888888888888888888888888888888888888888888888888888888888888888888888888888888888888888888888888888888888888888888888888888888888888888888888888888888888888888888888888888888888888888888888888
8888888888888888888888888888888888888888888888888888888888888888888888888888888888888888888888888888888888888888888888888888888888888888888888888888888888888888888888888888888888888888888888888888888888888888888888888888888888888888888888888888888888888888
8888888888888888888888888888888888888888888888888888888888888888888888888888888888888888888888888888888888888888888888888888888888888888888888888888888888888888888888888888888888888888888888888888888888888888888888888888888888888888888888888888888888888888
8888888888888888888888888888888888888888888888888888888888888888888888888888888888888888888888888888888888888888888888888888888888888888888888888888888888888888888888888888888888888888888888888888888888888888888888888888888888888888888888888888888888888888
8888888888888888888888888888888888888888888888888888888888888888888888888888888888888888888888888888888888888888888888888888888888888888888888888888888888888888888888888888888888888888888888888888888888888888888888888888888888888888888888888888888888888888
8888888888888888888888888888888888888888888888888888888888888888888888888888888888888888888888888888888888888888888888888888888888888888888888888888888888888888888888888888888888888888888888888888888888888888888888888888888888888888888888888888888888888888
8888888888888888888888888888888888888888888888888888888888888888888888888888888888888888888888888888888888888888888888888888888888888888888888888888888888888888888888888888888888888888888888888888888888888888888888888888888888888888888888888888888888888888
8888888888888888888888888888888888888888888888888888888888888888888888888888888888888888888888888888888888888888888888888888888888888888888888888888888888888888888888888888888888888888888888888888888888888888888888888888888888888888888888888888888888888888
8888888888888888888888888888888888888888888888888888888888888888888888888888888888888888888888888888888888888888888888888888888888888888888888888888888888888888888888888888888888888888888888888888888888888888888888888888888888888888888888888888888888888888
8888888888888888888888888888888888888888888888888888888888888888888888888888888888888888888888888888888888888888888888888888888888888888888888888888888888888888888888888888888888888888888888888888888888888888888888888888888888888888888888888888888888888888
8888888888888888888888888888888888888888888888888888888888888888888888888888888888888888888888888888888888888888888888888888888888888888888888888888888888888888888888888888888888888888888888888888888888888888888888888888888888888888888888888888888888888888
8888888888888888888888888888888888888888888888888888888888888888888888888888888888888888888888888888888888888888888888888888888888888888888888888888888888888888888888888888888888888888888888888888888888888888888888888888888888888888888888888888888888888888
8888888888888888888888888888888888888888888888888888888888888888888888888888888888888888888888888888888888888888888888888888888888888888888888888888888888888888888888888888888888888888888888888888888888888888888888888888888888888888888888888888888888888888
8888888888888888888888888888888888888888888888888888888888888888888888888888888888888888888888888888888888888888888888888888888888888888888888888888888888888888888888888888888888888888888888888888888888888888888888888888888888888888888888888888888888888888
8888888888888888888888888888888888888888888888888888888888888888888888888888888888888888888888888888888888888888888888888888888888888888888888888888888888888888888888888888888888888888888888888888888888888888888888888888888888888888888888888888888888888888
8888888888888888888888888888888888888888888888888888888888888888888888888888888888888888888888888888888888888888888888888888888888888888888888888888888888888888888888888888888888888888888888888888888888888888888888888888888888888888888888888888888888888888
8888888888888888888888888888888888888888888888888888888888888888888888888888888888888888888888888888888888888888888888888888888888888888888888888888888888888888888888888888888888888888888888888888888888888888888888888888888888888888888888888888888888888888
8888888888888888888888888888888888888888888888888888888888888888888888888888888888888888888888888888888888888888888888888888888888888888888888888888888888888888888888888888888888888888888888888888888888888888888888888888888888888888888888888888888888888888
8888888888888888888888888888888888888888888888888888888888888888888888888888888888888888888888888888888888888888888888888888888888888888888888888888888888888888888888888888888888888888888888888888888888888888888888888888888888888888888888888888888888888888
8888888888888888888888888888888888888888888888888888888888888888888888888888888888888888888888888888888888888888888888888888888888888888888888888888888888888888888888888888888888888888888888888888888888888888888888888888888888888888888888888888888888888888
8888888888888888888888888888888888888888888888888888888888888888888888888888888888888888888888888888888888888888888888888888888888888888888888888888888888888888888888888888888888888888888888888888888888888888888888888888888888888888888888888888888888888888
8888888888888888888888888888888888888888888888888888888888888888888888888888888888888888888888888888888888888888888888888888888888888888888888888888888888888888888888888888888888888888888888888888888888888888888888888888888888888888888888888888888888888888
8888888888888888888888888888888888888888888888888888888888888888888888888888888888888888888888888888888888888888888888888888888888888888888888888888888888888888888888888888888888888888888888888888888888888888888888888888888888888888888888888888888888888888
8888888888888888888888888888888888888888888888888888888888888888888888888888888888888888888888888888888888888888888888888888888888888888888888888888888888888888888888888888888888888888888888888888888888888888888888888888888888888888888888888888888888888888
8888888888888888888888888888888888888888888888888888888888888888888888888888888888888888888888888888888888888888888888888888888888888888888888888888888888888888888888888888888888888888888888888888888888888888888888888888888888888888888888888888888888888888
8888888888888888888888888888888888888888888888888888888888888888888888888888888888888888888888888888888888888888888888888888888888888888888888888888888888888888888888888888888888888888888888888888888888888888888888888888888888888888888888888888888888888888
8888888888888888888888888888888888888888888888888888888888888888888888888888888888888888888888888888888888888888888888888888888888888888888888888888888888888888888888888888888888888888888888888888888888888888888888888888888888888888888888888888888888888888
8888888888888888888888888888888888888888888888888888888888888888888888888888888888888888888888888888888888888888888888888888888888888888888888888888888888888888888888888888888888888888888888888888888888888888888888888888888888888888888888888888888888888888
8888888888888888888888888888888888888888888888888888888888888888888888888888888888888888888888888888888888888888888888888888888888888888888888888888888888888888888888888888888888888888888888888888888888888888888888888888888888888888888888888888888888888888
8888888888888888888888888888888888888888888888888888888888888888888888888888888888888888888888888888888888888888888888888888888888888888888888888888888888888888888888888888888888888888888888888888888888888888888888888888888888888888888888888888888888888888
8888888888888888888888888888888888888888888888888888888888888888888888888888888888888888888888888888888888888888888888888888888888888888888888888888888888888888888888888888888888888888888888888888888888888888888888888888888888888888888888888888888888888888
8888888888888888888888888888888888888888888888888888888888888888888888888888888888888888888888888888888888888888888888888888888888888888888888888888888888888888888888888888888888888888888888888888888888888888888888888888888888888888888888888888888888888888
8888888888888888888888888888888888888888888888888888888888888888888888888888888888888888888888888888888888888888888888888888888888888888888888888888888888888888888888888888888888888888888888888888888888888888888888888888888888888888888888888888888888888888
8888888888888888888888888888888888888888888888888888888888888888888888888888888888888888888888888888888888888888888888888888888888888888888888888888888888888888888888888888888888888888888888888888888888888888888888888888888888888888888888888888888888888888
8888888888888888888888888888888888888888888888888888888888888888888888888888888888888888888888888888888888888888888888888888888888888888888888888888888888888888888888888888888888888888888888888888888888888888888888888888888888888888888888888888888888888888
8888888888888888888888888888888888888888888888888888888888888888888888888888888888888888888888888888888888888888888888888888888888888888888888888888888888888888888888888888888888888888888888888888888888888888888888888888888888888888888888888888888888888888
8888888888888888888888888888888888888888888888888888888888888888888888888888888888888888888888888888888888888888888888888888888888888888888888888888888888888888888888888888888888888888888888888888888888888888888888888888888888888888888888888888888888888888
8888888888888888888888888888888888888888888888888888888888888888888888888888888888888888888888888888888888888888888888888888888888888888888888888888888888888888888888888888888888888888888888888888888888888888888888888888888888888888888888888888888888888888
8888888888888888888888888888888888888888888888888888888888888888888888888888888888888888888888888888888888888888888888888888888888888888888888888888888888888888888888888888888888888888888888888888888888888888888888888888888888888888888888888888888888888888
8888888888888888888888888888888888888888888888888888888888888888888888888888888888888888888888888888888888888888888888888888888888888888888888888888888888888888888888888888888888888888888888888888888888888888888888888888888888888888888888888888888888888888
8888888888888888888888888888888888888888888888888888888888888881811888888888888888888888888888888888888898888888888888888888888888888888888888888888888888888888888888888888888888888888888888888888888888888888888888888888888888888888888888888888888888888888
8888888888888888888888888888888888888888888888888888888888888881111888888888888888888888888888888888889898888888888888888888888888888889888988888888888888888888888888888888888888888888888888888888888888888888888888888888888888888888888888888888888888888888
8888888888888888888888888888888888888888888888888888888888888888188888888888888888888888888888888888888988888888888888888888888888888898889888888888888888888888888888888888888888888888888888888888888888888888888888888888888888888888888888888888888888888888
8888888888888888888888888888888888888888888888888888888888888888888888888888888888888888888888888888888989888888888888888888888888888889998888888888888888888888888888888888888888888888888888888888888888888888888888888888888888888888888888888888888888888888
8888888888888888888888888888888888888888888888888888888888888888888888888888888888888888888888888888888998888888888888888888888888888888988888888888888888888888888888888888888888888888888888888888888888888888888888888888888888888888888888888888888888888888
8888888888888888888888888888888888888888888888888888888888888888888888888888888888888888888888888888888988888888888888889888888888888889888888888888888888888888888888888888888888888888888888888888888888888888888888888888888888888888888888888888888888888888
8888888888888888888888888888888888888888888888888888888888888888888888888888888888888888888888888888899888888888888898998888888888888888888888888888888888888888888888888888888888888888888888888888888888888888888888888888888888888888888888888888888888888888
8888888888888888888888888888888888888888888888888888888888888888888888888888888888888888888888888888988988888888888889988888888888888888888888888888888888888888888888888888888888888888888888888888888888888888888888888888888888888888888888888888888888888888
8888888888888888888888888888888888888888888888888888888888888888888888888888888888888888888888888899998988888888888889988888888888888888888888888888888888888888888888888888888888888888888888888888888888888888888888888888888888888888888888888888888888888888
8888888888888888888888888888888888888888888888888888888888888888888888888888888888888888888888888889889888888888888889888888888888888888888888888888888888888888888888888888888888888888888888888888888888888888888888888888888888888888888888888888888888888888
8888888888888888888888888888888888888888888888888888888888888888888888888888888888888888888888888889889888888888888888888888888888888888888888888888888888888888888888888888888888888888888888888888888888888888888888888888888888888888888888888888888888888888
88888888888888888888888888888888888888888888888888888888888888888888888888888888888888888888888888898888888888888888888888888888888888888888888888888C8888888888888888888888888888888888888888888888888888888888888888888888888888888888888888888888888888888888
8888888888888888888888888888888888888888888888888888888888888888888888888888888888888888888888888889888888888888888888888888888888888888888888888888CCC888888888888888888888888888888888888888888888888888888888888888888888888888888888888888888888888888888888
8888888888888888888888888888888888888888888888888888888888888888888888888888888888888888888888888888888888888888888888888888888888888888888888888C88C8CCC8888888888888888888888888888888888888888888888888888888888888888888888888888888888888888888888888888888
8888888888888888888888888888888888888888888888888888888888888888888888888888888888888888888888888888888888888888888888888888888888888888888888888CCCCCCCC8C88888888888888888888888888888888888888888888888888888888888888888888888888888888888888888888888888888
888888888888888888888888888888888888888888888888888888888888888888888888888888888888888888888888888888888888888888888888888888888888888888888888C8CCCCCCCC888888888888888888888888888888888888888888888888888888888888888888888888888888888888888888888888888888
88888888888888888888888888888888888888888888888888888888888888888888888888888888888888888888888888888888888888888888888888888888888888888888888C8CCCCCCCCCC88888888888888888888888888888888888888888888888888888888888888888888888888888888888888888888888888888
88888888888888888888888888888888888888888888888888888888888888888888888888888888888888888888888888888888888888888888888888888888888888888888888CCCCCCCCCCC888888888888888888888888888888888888888888888888888888888888888888888888888888888888888888888888888888
888888888888888888888888888888888888888888888888888888888888888888888888888888888888888888888888888888888888888888888888888888888888888888888888CCCCCCCCCCC88888888888888888888888888888888888888888888888888888888888888888888888888888888888888888888888888888
8888888888888888888888888888888888888888888888888888888888888888888888888888888888888888888888888888888888888888888888888888888888888888888888888CCCCCCCCCC88888888888888888888888888888888888888888888888888888888888888888888888888888888888888888888888888888
8888888888888888888888888888888888888888888888888888888888888888888888888888888888888888888888888888888888888888888888888888888888888888888888888CCECECECCC88888888888888888888888888888888888888888888888888888888888888888888888888888888888888888888888888888
8888888888888888888888888888888888888888888888888888888888888888888888888888888888888888888888888888888888888888888888888888888888888888888888888CCC8888ECC88888888888888888888888888888888888888888888888888888888888888888888888888888888888888888888888888888
8888888888888888888888888888888888888888888888888888888888888888888888888888888888888888888888888888888888888888888888888888888888888888888888888C8EEEEECECC888C888888888888888888888888888888888888888888888888888888888888888888888888888888888888888888888888
888888888888888888888888888888888888888888888888888888888888888888888888888888888888888888888888888888888888888888888888888888888888888C888888C88EEEEEEE8ECCCCCCC88888888888888888888888888888888888888888888888888888888888888888888888888888888888888888888888
888888888888888888888888888888888888888888888888888888888888888888888888888888888888888888888888888888888888888888888888888888888888888CCCCC88CC888EEEEECECCCCCCC88888888888888888888888888888888888888888888888888888888888888888888888888888888888888888888888
888888888888888888888888888888888888888888888888888888888888888888888888888888888888888888888888888888888888888888888888888888888888CCCCCCCCCCCCEEECCCCEEEEECCCCCCC888888888888888888888888888888888888888888888888888888888888888888888888888888888888888888888
88888888888888888888888888888888888888888888888888888888888888888888888888888888888888888888888888888888888888888888888888888888888CCCCCCCCCCCE8EEECCCCEEEEECCCCCCC888888888888888888888888888888888888888888888888888888888888888888888888888888888888888888888
88888888888888888888888888888888888888888888888888888888888888888888888888888888888888888888888888888888888888888888888888888888888CCCCCCCCCCCE8EEECCCCEEEEEECCCCCC888888888888888888888888888888888888888888888888888888888888888888888888888888888888888888888
8888888888888888888888888888888888888888888888888888888888888888888888888888888888888888888888888888888888888888888888888888888888CCCCCCCCCCCCCCEEECCCCEEEECECCCCCCC88888888888888888888888888888888888888888888888888888888888888888888888888888888888888888888
8888888888888888888888888888888888888888888888888888888888888888888888888888888888888888888888888888888888888888888888888888888888CCCCCCCCCCCCCCC88EEEEE8CCECCCCCCCC88888888888888888888888888888888888888888888888888888888888888888888888888888888888888888888
8888888888888888888888888888888888888888888888888888888888888888888888888888888888888888888888888888888888888888888888888888888888CCCCCCCCCCCCCCCECEEEEEEECCECCCCCC888888888888888888888888888888888888888888888888888888888888888888888888888888888888888888888
8888888888888888888888888888888888888888888888888888888888888888888888888888888888888888888888888888888888888888888888888888888888CCCCCCCCCCCCCCCC8EEEEE8ECCCCCCCCC888888888888888888888888888888888888888888888888888888888888888888888888888888888888888888888
8888888888888888888888888888888888888888888888888888888888888888888888888888888888888888888888888888888888888888888888888888888888CCCCCCCCCCCCCCCEEEEEEEEECCCCCCCCCC88888888888888888888888888888888888888888888888888888888888888888888888888888888888888888888
88888888888888888888888888888888888888888888888888888888888888888888888888888888888888888888888888888888888888888888888888888888CCCCCCCCCCCCCCCCCCC88888EECCCCCCCCC888888888888888888888888888888888888888888888888888888888888888888888888888888888888888888888
888888888888888888888888888888888888888888888888888888888888888888888888888888888888888888888888888888888888888888888888888888CCCCCCCCCCCCCCCCCCCCCCEEECCECCCCC8C88888888888888888888888888888888888888888888888888888888888888888888888888888888888888888888888
888888888888888888888888888888888888888888888888888888888888888888888888888888888888888888888888888888888888888888888888888888CCCCCCCCCCCCCCCCCCCCCCCCCCCCCCCC88888888888888888888888888888888888888888888888888888888888888888888888888888888888888888888888888
88888888888888888888888888888888888888888888888888888888888888888888888888888888888888888888888888888888888888888888888888888CCCCEEEEECCCCC8CCCC8CC8888888888888888888888888888888888888888888888888888888888888888888888888888888888888888888888888888888888888
88888888888888888888888888888888888888888888888888888888888888888888888888888888888888888888888888888888888888888888888888888CCCCCEEEECCCC8888888888888888888888888888888888888888888888888888888888888888888888888888888888888888888888888888888888888888888888
88888888888888888888888888888888888888888888888888888888888888888888888888888888888888888888888888888888888888888888888888888CCEEEEEEECCCCC888888888888888888888888888888888888888888888888888888888888888888888888888888888888888888888888888888888888888888888
8888888888888888888888888888888888888888888888888888888888888888888888888888888888888888888888888888888888888888888888888888CCCEEEEEEEEEECC888888888888888888888888888888888888888888888888888888888888888888888888888888888888888888888888888888888888888888888
8888888888888888888888888888888888888888888888888888888888888888888888888888888888888888888888888888888888888888888888888888CCCEEEEEEE888888888888888888ECEECEC8888888888888888888888888888888888888888888888888888888888888888888888888888888888888888888888888
8888888888888888888888888888888888888888888888888888888888888888888888888888888888888888888888888888888888888888888888888888CCEECEEEEEEEEE8C88888C8888E8CCCCCE88888888888888888888888888888888888888888888888888888888888888888888888888888888888888888888888888
8888888888888888888888888888888888888888888888888888888888888888888888888888888888888888888888888888888888888888888888888888CCEECEEEEEEEEE8E888CCCCCCEECCCCCCECCE88888888888888888888888888888888888888888888888888888888888888888888888888888888888888888888888
8888888888888888888888888888888888888888888888888888888888888888888888888888888888888888888888888888888888888888888888888888CCEECEEEEEEEEE8ECCCCCCCCC888ECCCCE888C888C8CCC88888888888888888888888888888888888888888888888888888888888888888888888888888888888888
8888888888888888888888888888888888888888888888888888888888888888888888888888888888888888888888888888888888888888888888888888CCCECEEEEEEEEEECEEEEEEEEEECEECCCCCCCC8ECCCCCCCCC888888888888888888888888888888888888888888888888888888888888888888888888888888888888
88888888888888888888888888888888888888888888888888888888888888888888888888888888888888888888888888888888888888888888888888888CCEEEEEEEEEEEEEEEEEEEEEECCCCCCCCCCCCCEECCCCCCCC888888888888888888888888888888888888888888888888888888888888888888888888888888888888
888888888888888888888888888888888888888888888888888888888888888888888888888888888888888888888888888888888888888888888888888C8CCCEE888EEEEEEEEEEEEEEEECCCCCCCCCCCCEEEEECCCCCCC88888888888888888888888888888888888888888888888888888888888888888888888888888888888
8888888888888888888888888888888888888888888888888888888888888888888888888888888888888888888888888888888888888888888888888888CCCCEEEEEEEEEEEEEEEEE88EECCCCCCCCCCCECE88ECCCCCCC88888888888888888888888888888888888888888888888888888888888888888888888888888888888
88888888888888888888888888888888888888888888888888888888888888888888888888888888888888888888888888888888888888888888888888888CCCCCCEEEEEEEECEEEECEEEECCCCCCCCCCCCEEEEEECCCCC888888888888888888888888888888888888888888888888888888888888888888888888888888888888
88888888888888888888888888888888888888888888888888888888888888888888888888888888888888888888888888888888888888888888888888888CCCCCCEEEEEEEEEEEEECCCCCCCCCCCCCCCCCCCCCE8CCCCC888888888888888888888888888888888888888888888888888888888888888888888888888888888888
888888888888888888888888888888888888888888888888888888888888888888888888888888888888888888888888888888888888888888888888888888CCCCEEEEEEEEEEEEEECCCEECCCCCCCCCCCCCCCCE8CCCC8888888888888888888888888888888888888888888888888888888888888888888888888888888888888
88888888888888888888888888888888888888888888888888888888888888888888888888888888888888888888888888888888888888888888888888888C8CCCCCEEEEEEEEEEEE8CCCCCCCCCCCCCCCCCCCCE8CCCC8888888888888888888888888888888888888888888888888888888888888888888888888888888888888
88888888888888888888888888888888888888888888888888888888888888888888888888888888888888888888888888888888888888888888888888888CCCCCCCECECEEEEEEECEEEEECCCCCCCCCCCCECCCE8CCCC8888888888888888888888888888888888888888888888888888888888888888888888888888888888888
88888888888888888888888888888888888888888888888888888888888888888888888888888888888888888888888888888888888888888888888888888888CC8CCCCCCCCEEEEEE888CECECCCCCCCCE88888888888888888888888888888888888888888888888888888888888888888888888888888888888888888888888
88888888888888888888888888888888888888888888888888888888888888888888888888888888888888888888888888888888888888888888888888888888888CCCCCCCCCCECEEECCECCCCCCCCCCCCCEEC8888888888888888888888888888888888888888888888888888888888888888888888888888888888888888888
88888888888888888888888888888888888888888888888888888888888888888888888888888888888888888888888888888888888888888888888888888888888CCCCCCCCCCCCCCECCECCCCCCCCCCCC8C888888888888888888888888888888888888888888888888888888888888888888888888888888888888888888888
888888888888888888888888888888888888888888888888888888888888888888888888888888888888888888888888888888888888888888888888888888888888CCCCCCCCCCCCCCCEEEEEECCCCEEEECC888888888888888888888888888888888888888888888888888888888888888888888888888888888888888888888
88888888888888888888888888888888888888888888888888888888888888888888888888888888888888888888888888888888888888888888888888888888888888CCCCCCCCCCCCEEECE8CCCCCECCECC888888888888888888888888888888888888888888888888888888888888888888888888888888888888888888888
88888888888888888888888888888888888888888888889999988888888888888888888888888888888888888888888888888888888888888888888888888888888888C8CCCCCCCCCCEEECCCECCCCE8CCC8C88888888888888888888888888888888888888888888888888888888888888888888888888888888888888888888
8888888888888888888888888888888888888888888888899988888888888888888888888888888888888888888888888888888888888888888888888888888888888888888CCCCCCCCCCCC8ECCCCE8CCCCC88888888888888888888888888888888888888888888888888888888888888888888888888888888888888888888
88888888888888888888888888888888888888888888888998888888888888888888888888888888888888888888888888888888888888888888888888888888888888888888CCCCCCCCCCCCC88CCECCCCCC88888888888888888818888888888888888888888888888888888888888888888888888888888888888888888888
888888888888888888888888888888888888888888888898888888888888888888888888888888888888888888888888888888888888888888888888888888888888888888888CCCCCCCCCCCEEECECCCCCCC88888888888888888818888888888888888888888888888888888888888888888888888888888888888888888888
888888888888888888888888888888888888888888888888888888888888888888888888888888888888888888888888888888888888888888888888888888888888888888888888CCCCCC8C88888888CC8888888888888888888188181888888888188888888888888888888888888888888888888888888888888888888888
8888888888888888888888888888888888888888888888888888888888888888888888888888888888888888888888888888888888888888888888888888888888888888888888888888888888888888888888888888888888888111111111999999188888888888888888888888888888888888888888888888888888888888
8888888888888888888888888888888888888888888888888888888888888888888888888888888888888888888888888888888888888888888888888888888888888888888888888888888888888888888888888888888888118111111198999999891188888888888888888888888888888888888888888888888888888888
8888888888888888888888888888888888888888888888888888888888888888888888888888888888888888888888888888888888888888888888888888888888888888888888888888888888888888888888888888888881111111111118999999811118888888888888888888888888888888888888888888888888888888
8888888888888888888888888888888888888888888888888888888888888888888888888888888888888888888888888888888888888888888888888888888888888888888888888888888888888888888888888888888888111111111118119999891118888888888888888888888888888888888888888888888888888888
888888888888888888888888888888888888888888888888888888888888888888888888C888888888888888888888888888888888888888888888888888888888888888888888888888888888888888888888888888888881111111111118111119811118888888888888888888888888888888888888888888888888888888
88888888888888888888888888888888888888888888888888888888888888888888888C8C8888888888888888888888888888888888888888888888888888888888888888888888888888888888888888888888888888181111111111119811111989C111888888888888888888888888888888888888888888888888888888
88888888888888888888888888888888888888888888888888888888888888888888888C888C88888888888888888888888888888888888888888888888888888888888888888888888888888888888888888888888888811111111111119811111181CC11888888888888888888888888888888888888888888888888888888
8888888888888888888888888888888888888888888888888888888888888888888888C8CC88C88888888888888888888888888888888888888888888888888888888888888888888888888888888888888888888888881111111111111118111111899CC1188888888888888888888888888888888888888888888888888888
88888888888888888888888888888888888888888888888888888888888888888888CC88CC8C88C888888888888888888888888888888888888888888888888888888888888888888888888888888888888888888888881111111CCCCC911811111111999C111888888888888888888888888888888888888888888888888888
88888888888888888888888888888888888888888888888888888888888888888888C88CCCCCCC8C88CC888888888888888888888888888888888888888888888888888888888888888888888888888888888888888888111111C999991999111111C99999911188888888888888888888888888888888888888888888888888
8888888888888888888888888888888888888888888888888888888888888888888C88CCCC88CC8C8C8888888888888888888888888888888888888888888888888888888888888888888888888888888888888888888811111CC991C181981111119999C9C11111888888888888888888888888888888888888888888888888
888888888888888888888888888888888888888888888888888888888888888888C8CC8CCCCC88CCC88888888888888888888888888888888888888888888888888888888888888888888998888888888888888888888181111C99999999991111119999999999CC188888888888888888888888888888888888888888888888
88888888888888888888888888888888888888888888888888888888888888888888C888CCCC8C8C88888888888888888888888888888888888888888888888888888888888888888888898888888888888888888888888111181119911111111111111111191989188888888888888888888888888888888888888888888888
888888888888888888888888888888888888888888888888888888888888888888888888CC8CCC8C8C888888888888888888888888888888888888888888888888888888888888888888989888888888888888888888888811181199911111111111111119199981188888888888888888888888888888888888888888888888
888888888888888888888888888888888888888888888888888888888888888888888888888CCC8C8C888888888888888888888888888888888888888888888888888888888888888888899888888888888888888888888811189999911111111111111119999919188888888888888888888888888888888888888888888888
888888888888888888888888888888888888888888888888888888888888888888888888888C8C8CC8888888888888888888888888888888888888888888889888888888888888888888899888888888888888888888888888189191111111111111111119991919188888888888888888888888888888888888888888888888
888888888888888888888888888888888888888888888888888888888888888888888888888C888C8C8888888888888888888888888888888888888888988898888888888888888888888998888888888888888888888888881891119111111111111111199919C9888888888888888888888888888888888888888888888888
8888888888888888888888888888888888888888888888888888888888888888888888888888888C8CC88888CC8888888888888888888888888888888899898888888888888888888888899888888888888888888888888888818888888818111111811888888811888888888888888888888888888888888888888888888888
88888888888888988888888888888888888888888888888888888888888888888888888888888CC8CCCCCCCC8C8C88888888888888888888888888888888988888888888888888888888888888888888888888888888888888889991991118111111811911919188888888888888888888888888888888888888888888888888
888888888888898988888888888888888888888888888888888888888888888888888888888888C8CCCCCCCCCCCC8888888888888888888888888888889988888888888888888888888888888888888888888888888888888888811111111111111119CC11188888888888888888888888888888888888888888888888888888
88888888888889899888888888888888888888888888888888888888888888888888888888888888CCCCCCCCCCCC88C888C888888888888888888888889888888888888888888888888888888888888888888888888888888888881111111811111181C111888888888888888888888888888888888888888888888888888888
8888888888989898998888888888888888888888888888888888888888888888888888888888888CCCCCCCCCCC8CCCCC8CCC8888888C8888888888888898888888888888888888888888888888888888888888888888888888888881111118111111811111888888888888888888888888888888888888888888888888888888
8888888889898998998888888888888888888888888888888888888888888888888888888888888CCCCCCCCCCCCC8CC8C8CCC8CC8C88CC88888888888888888888888888888888888888888888888888888888888888888888888881111118999999891111888888888888888888888888888888888888888888888888888888
888888888889898998988888888888888888888888888888888888888888888888888888888888888C88CCCCCCCC8CCCCCCCCC8CCCC8CCC8888888888888888888888888888888888888888888888888888898888888888888888881111118999999891111888888888888888888888888888888888888888888888888888888
88888888889888898888888888888888888888888888888888888888888888888888888888888888888CCCC8CCCC8CCCCCCCCC8CCCCCCC88888888888888888888888888888888888888888888888888888899888888888888888888111198999999891111888888888888888888888888888888888888888888888888888888
8888888888998889888988888888888888888888888888888888888888888888888888888888888888888C88CCCC8CC8CCC8CCCCCCCCCC88888888888888888888888888888888888888888888888888888898888888888888888888881198999999891118888888888888888888888888888888888888888888888888888888
888888888888888898998888888888888888888888888888888888888888888888888888888888888888888C88CC8CCC888C88CCCCCCCC88888888888888888888888888888888888888888888888888888989898988888888888888888818999999818888888888888888888888888888888888888888888888888888888888
888888888888888889999888888888888888888888888888888888888888888888888888888888888888888C88CC8C8888888888888C88C8888888888888888888888888888888888888888888888888888888988998888888888888888818999999818888888888888888888888888888888888888888888888888888888888
8888888888888888999988888888888888888888888888888888888888888888888888888888888888888888C8CC88888888888888888888888888888888888888888888888888888888888888888888888888899998888888888888888888888888888888888888888888888888888888888888888888888888888888888888
88888888888888898898988888888888888888888888888888888888888888888888888888888888888888888CC888888888888888888888888888888888888888888888888888888888888888888888888888898998888888888888888888888888888888888888888888888888888888888888888888888888888888888888
88888888888888898898988888888888888888888888888888888888888888888888888888888888888888888C8888888888888888888888888888888888888888888888888888888888888888888888888888889988888888888888888888888888888888888888888888888888888888888888888888888888888888888888
8888888888888889989989988888888888888888888888888888888888888888888888888888888888888888888888888888888888888888888888888888888888888888888888888888888888888888888888888888888888888888888888888888888888888888888888888888888888888888888888888888888888888888
8888888888888888889899898888888888888888888888888888888888888888888888888888888888888888888888888888888888888888888888888888888888888888888888888888888888888888888888888888888888888888888888888888888888888888888888888888888888888888888888888888888888888888
8888888888888888888999988888888888888888888888888888888888888888888888888888888888888888888888888888888888888888888888888888888888888888888888888888888888888888888888888888888888888888888888888888888888888888888888888888888888888888888888888888888888888888
8888888888888888888999888888888888888888888888888888888888888888888888888888888888888888888888888888888888888888888888888888888888888888888888888888888888888888888888888888888888888888888888888888888888888888888888888888888888888888888888888888888888888888
8888888888888898889998888888888888888888888888888888888888888888888888888888888888888888888888888888888888888888888888888888888888888888888888888888888888888888888888888888888888888888888888888888888888888888888888888888888888888888888888888888888888888888
8888888888888998899899898888888888888888888888888888888888888888888888888888888888888888888888888888888888888888888888888888888888888888888888888888888888888888888888888888888888888888888888888888888888888888888888888888888888888888888888888888888888888888
8888888888888889988998998988888888888888888888888888888888888888888888888888888888888888888888888888888888888888888888888888888888888888888888888888888888888888888888888888888888888888888888888888888888888888888888888888888888888888888888888888888888888888
8888888888888898888988889888888888888888888888888888888888888888888888888888888888888888888888888888888888888888888888888888888888888888888888888888888888888888888888888888888888888888888888888888888888888888888888888888888888888888888888888888888888888888
8888888888888888888988989888888888888888888888888888888888888888888888888888888888888888888888888888888888888888888888888888888888888888888888888888888888888888888888888888888888888888888888888888888888888888888888888888888888888888888888888888888888888888
8888888888888888888889899888888888888888888888888888888888888888888888888888888888888888888888888888888888888888888888888888888888888888888888888888888888888888888888888888888888888888888888888888888888888888888888888888888888888888888888888888888888888888
