9999998888888888888888888888888999999999999888888888888888888888888888888888888888888888888888888888888888888888888888888888888888899999919999999999999999111119998888888888888888888888888888888888888888911111119999988888888888888888888888888888888888888888
9999988888888888888888888888888889999999999999999998888888888888888888888888888888888888888888888888888888888888888888888888888888999999999999999988999999911119999998888888888888888888888888888888888889911111111999988888888888888888888888888888888888888888
9999888888888888888888888888888888999999999999999998888888888888888888888888888888888888888888888888888888888888888888888888888888999119999999988888888999999999919999998888888888888888888888888888888889911111111199998888888888888888888888888888888888888888
9998888888888888888888888888888888888999999999999999888888888888888888888888888888888888888888888888888888888888888888888888888889991111999999888888888899999999111199999888888888888888888888888888888889999991111119998888888888888888888888888888888888888888
9998888888888888888888888888888888888889999999999999888888888888888888888888888888888888888888888888888888888888888888888888888999111119999888888888888888888999911111119999999888888888888888888888888889999999111119999988888888888888888888888888888888888888
8888888888888888888888888888888888888888888999999999888888888888888888888888888888888888888888888888888888888888888888888888889999111998888888888888888888888888999991111199999999999888888888888998888888899999999999999999988888888888888888888888888888888888
8888888888888888888888888888888888888888888888999999999888888888888888888888888888888888888888888888888888888888888888888888999999999988888888888888888888888888889991111111999999999999988888888999888888888899999999999999999888888888888888888888888888888888
8888888888888888888888888888888888888888888888889999999988888888888888888888888888888888888888888888888888888888888888888889999999999988888888888888888888888888888999111111199999999999988888888888888888888888888999999999999999888888888888888888888888888888
8888888888888888888888888888888888888888888888889999999999888888888888888888888888888888888888888888888888888888888888888999999999988888888888888888888888888888888899911111111999999999888888888888888888888888888999999999999999999888888888888888888888888888
8888888888888888888888888888888888888888888888888889999999999988888888888888888888888888888888888888888888888888888999999999988888888888888888888888888888888888888899991111111999999988888888888888888888888888888888888899999999999999998888888888888888888888
8888888888888888888888888888888888888888888888888888999999999999988888888888888888888888888888888888888888888888999999999999888888888888888888888888888888888888888899999111119999999988888888888888888888888888888888888888999999999999998888888888888888888888
8888888888888888888888888888888888888888888888888888899999999999998888888888888888888888888888888888888888888899991119999998888888888888888888888888888888888888888899999911199999988888888888888888888888888888888888888888889999999999999888888888888888888888
8888888888888888888888888888888888888888888888888888888999999911199988888888888888888888888888888888888888888999911111999988888888888888888888888888888888888888888999999999999999888888888888888888888888888888888888888888889999999991199998888888888888888888
8888888888888888888888888888888888888888888888888888888888999911119999888888888888888888888888888888899999991199991111999888888888888888888888888888888888888888889999999999999888888888888888888888888888888888888888888888888889999991119999999999888888888888
8888888888888888888888888888888888888888888888888888888888889991111199999999888888888888888888888999999999911111999998888888888888888888888888888888888888888888899999999998888888888888888888888888888888888888888888888888888888889999991199999999999888888888
8888888888888888888888888888888888888888888888888888888888888999111111199999988888888888888888999999991111111111999988888888888888888888888888888888888888888888999999999988888888888888888888888888888888888888888888888888888888888889999111199999999988888888
8888888888888888888888888888888888888888888888888888888888888999911111111111198888888888888889999999911111111199998888888888888888888888888888888888888888888889999999999888888888888888888888888888888888888888888888888888888888888888899999119999999999999998
8888888888888888888888888888888888888888888888888888888888888999991111111111119999999999999999999991111111199999988888888888888888888888888888888888888888888999999999999988888888888888888888888888888888888888888888888888888888888888888999919999999999999999
8888888888888888888888888888888888888888888888888888888888888999991111111111111999999999999999991111111111999999988888888888888888888888888888888888888888889999999999999988888888888888888888888888888888888888888888888888888888888888888899999991111919999999
8888888888888888888888888888888888888888888888888888888888888999991111111111119999999999911111111111111119999988888888888888888888888888888888888888888888899999999999999998888888888888888888888888888888888888888888888888888888888888888889999991111111111119
8888888888888888888888888888888888888888888888888888888888888999911111199999999999999911111111111111111199999888888888888888888888888888888888888888888899999999911119999999888888888888888888888888888888888888888888888888888888888888888888999999111111111111
8888888888888888888888888888888888888888888888888888888888888999911119999999999999999911111111111111111999998888888888888888888888888888888888888888889999999999111111999999888888888888888888888888888888888888888888888888888888888888888888999999911111111111
8888888888888888888888888888888888888888888888888888888888889999999999999999999999999999911111111111119999998888888888888888888888888888888888888888889999999911111111199999888888888888888888888888888888888888888888888888888888888888888888899999911111111111
8888888888888888888888888888888888888888888888888888888888889999999999888888888888889999991111111111119999888888888888888888888888888888888888888888889999999111111111199999888888888888888888888888888888888888888888888888888888888888888888889999911111199999
8888888888888888888888888888888888888888888888888888888888999999998888888888888888888889999911111111199998888888888888888888888888888888888888888888889999991111111111199998888888888888888888888888888888888888888888888888888888888888888888889999911111999999
8888888888888888888888888888888888888888888888888888888889999999888888888888888888888888999991111111199988888888888888888888888888888888888888888888899999911111111111999988888888888888888888888888888888888888888888888888888888888888888888889999111199999999
8888888888888888888888888888888888888888888888888888888899999999888888888888888888888888888999911111199988888888888888888888888888888888888888888888899991111111111119999988888888888888888888888888888888888888888888888888888888888888888888899999111999999998
8888888888888888888888888888888888888888888888888888888999998888888888888888888888888888888999991111119998888888888888888888888888888888888888888889999911111111111199999888888888888888888888888888888888888888888888888888888888888888888888999911199999999888
8888888899888888888888888888888888888888888888888888899999998888888888888888888888888888888889999111119999888888888888888888888888888888888888888899999111111111111999998888888888888888888888888888888888888888888888888888888888888888888889999111999999888888
8888888899988888888888888888888888888888888888888889999999988888888888888888888888888888888889999911111999988888888888888888888888888888888888888999991111111111111999998888888888888888888888888888888888888888888888888888888888888888888889999119999999888888
8888888888888888888888888888888888888888888888888899999999888888888888888888888888888888888888999991111999998888888888888888888888888888888888899999111111111111119999998888888888888888888888888888888888888888888888888888888888888888888999911999999888888888
8888888888888888888888888888888888888888888888888999999998888888888888888888888888888888888888999999111199999888888888888888888888888888888888999911111111111111111999999888888888888888888888888888888888888888888888888888888888888888899991119999988888888888
8888888888888888888888888888888888888888888888899999999888888888888888888888888888888888888888899999991119999988888888888888888888888888888999999111111111111111111199999888888888888888888888888888888888888888888888888888888888888889999911119998888888888888
8888888888888888889998888888888888888888888888999999988888888888888888888888888888888888888888889999991119999998888888888888888888888888888999999111111111911111111111999988888888888888888888888888888888888888888888888888888888888999999111199988888888888888
8888888888888888889998888888888888888888888889999999988888888888888888888888888888888888888888888999999111119999988888888888888888888888899999999999111199999911111111199988888888888888888888888888888888888888888888888888888888899999911119999988888888888888
8888888888888888889999999998888888888888888999999988888888888888888888888888888888888888888888888889999991111199999888888888888888888888999999999999999999999999111111199998888888888888888888888888888888888888888888888888888888999991111119999888888888888888
8888888888888888888999999998888888888888889999998888888888888888888888888888888888888888888888888888889999111199999988888888888888888899999999999998888899999999991111119999888888888888888888888888888888888888888888888888888999999911111199888888888888888888
8888888888888888888889999999988888888888999999988888888888888888888888888888888888888888888888888888888999911111999998888888888888888899999999888888888889999999999911111199988888888888888888888888888888888888888888888888889999991111111998888888888888888888
8888888888888888888888999999999888999999999999888888888888888888888888888888888888888888888888888888888899911111119999999888888888888999999998888888888888888889999991111111999988888888888888888888888888888888888888888888899999111111119988888888888888888888
8888888888888888888888899999999999999999999999888888888888888888888888888888888888888888888888888888888899991111111119999999888888888899988888888888888888888889999999111111119999988888888888888888888888888888888888888999999991111111199988888888888888888888
8888888888888888888888889999999999999999999999888888888888888888888888888888888888888888888888888888888899991111111111999998888888888888888888888888888888888888899999991111111999999988888888888888888888888888888888889999991111111111999988888888888888888888
8888888888888888888888889999999999999119999999888888888888888888888888888888888888888888888888888888888899991111111111999888888888888888888888888888888888888888888899999911111119999999988888888888888888888888888889999999991111111199999988888888888888888888
8888888888888888888888889999999999911111999999888888888888888888888888888888888888888888888888888888888899911111111119999888888888888888888888888888888888888888888888899999111111199999999988888888888888888888888889999999991111111999999888888888888888888888
8888888888888888888888889999999111111111999999888888888888888888888888888888888888888888888888888888888889911111119999998888888888888888888888888888888888888888888888889999991111111199999998888888888888888888888888899999999999999999999888888888888888888888
8888888888888888888888889999999111111111999999988888888888888888888888888888888888888888888888888888888889111119999998888888888888888888888888888888888888888888888888888999999111111111999999888888888888888888888888888899999999999999888888888888888888888888
8888888888888888888888889999991111111111999999998888888888888888888888888888888888888888888888888888888899111199999988888888888888888888888888888888888888888888888888888888999911111111111119988888888888888888888888888888999999999999888888888888888888888888
8888888888888888888888899999911111111999999999999888888888888888888888888888888888888888888888888888888999111999998888888888888888888888888888888888888888888888888888888888899991111111111111198888888888888888888888888888899999999988888888888888888888888888
8888888888888888888888999999111111119999999999888888888888888888888888888888888888888888888888888888899999999999988888888888888888888888888888888888888888888888888888888888889999111111111111998888888888888888888888888888899999999888888888888888888888888888
8888888888888888888889999991111111999999999888888888888888888888888888888888888888888888888888888889999999999999888888888888888888888888888888888888888888888888888888888888888999111111111199988888888888888888888888888888899999998888888888888888888888888888
8888888888888888888899999111111199999999988888888888888888888888888888888888888888888888888888888899991119999888888888888888888888888888888888888888888888888888888888888888888899911111111999988888888888888888888888888888899999998888888888888888888888888888
8888888888888888888999991111119999999999988888888888888888888888888888888888888888888888888888899991111199988888888888888888888888888888888888888888888888888888888888888888888899991111111998888888888888888888888888888888899999988888888888888888888888888888
8888888888888888899999111111999999999888888888888888888888888888888888888888888888888888888899999911119999988888888888888888888888888888888888888888888888888888888888888888888889991111119988888888888888888888888888888888899998888888888888888888888888888888
8888888888888899999911111199999998888888888888888888888888888888888888888888888888888888888999999911119999888888888888888888888888888888888888888888888888888888888888888888888889999111199988888888888888888888888888888888888888888888888888888888888888888888
8888888889999999991111111999999988888888888888888888888888888888888888888888888888888888889999991111199998888888888888888888888888888888888888888888888888888888888888888888888889999111199988888888888888888888888888888888988888888888888888888888888888888888
8888888889999999911111119999998888888888888888888888888888888888888888888888888888888888889999991111999888888888888888888888888888888888888888888888888888888888888888888888888889991111199988888888888888888888888888888899988888888888888888888888888888888888
8888888899991111111111199998888888888888888888888888888888888888888888888888888888888888889999991119999888888888888888888888888888888888888888888888888888888888888888888888888889991111199988888888888888888888888888888999988888888888888888888888888888888888
8888889999911111111111999988888888888888888888888888888888888888888888888888888888888888889999991199999888888888888888888888888888888888888888888888888888888888888888888888888889111111119998888888888888888888888888889999988888888888888888888888888888888888
8888999911111111111199999888888888888888888888888888888888888888888888888888888888888888889999991199999888888888888888888888888888888888888888888888888888888888888888888888888891111111119999988888888888888888888888999999888888888888888888888888888888888888
8999999111111111119999998888888888888888888888888888888888888888888888888888888888888888889999991119999888888888888888888888888888888888888888888888888888888888888888888888888891111111999999998888888888888888888889999998888888888888888888888888888888888888
9999111111111111199999988888888888888888888888888888888888888888888888888888888888888888889999911119999888888888888888888888888888888888888888888888888888888888888888888888889999999999999999999988888888888888889999999988888888888888888888888888888888888888
9991111111111111999999988888888888888888888888888888888888888888888888888888888888888888889999111111998888888888888888888888888888888888888888888888888888888888888888888888999988899999999999999999988888888889999999999998888888888888888888888888888888888888
1111111111111119999999888888888888888888888888888888888888888888888888888888888888888888899999111111999888888888888888888888888888888888888888888888888888888888888888888999998888888888889999999999999888888899999999999988888888888888888888888888888888888888
1111111111111119999988888888888888888888888888888888888888888888888888888888888888888888899991111111999988888888888888888888888888888888888888888888888888888888888888888999988888888888888899999999999888888899991199999988888888888888888888888888888888888888
1111111111111119999988888888888888888888888888888888888888888888888888888888888888888888899991111199999998888888888888888888888888888888888888888888888888888888888888888888888888888888888888888888888899999991111199999988888888888888888888888888888888888888
9999999911111119999988888888888888888888888888888888888888888888888888888888888888888888999991999999999999888888888888888888888888888888888888888888888888888888888888888888888888888888888888888888888899111111111199999988888888888888888888888888888888888888
8889999999111119999988888888888888888888888888888888888888888888888888888888888888888888999999999999999999988888888888888888888888888888888888888888888888888888888888888888888888888888888888888888888899911111111119999988888888888888888888888888888888888888
8888999999991111999988888888888888888888888888888888888888888888888888888888888888888891119999999999999999998888888888888888888888888888888888888888888888888888888888888888888888888888888888888888888899991111111119999988888888888888888888888888888888888888
8888888899999111199998888888888888888888888888888888888888888888888888888888888888888991199999999999999999988999988888888888888888888888888888888888888888888888888888888888888888888888888888888888888888899911111111999998888888888888888888888888888888888888
8888888889999911119999888888888888888888888888888888888888888888888888888888888888889999999888888888888888888899999888888888888888888888888888888888888888888888888888888888888888888888888888888888888888889991111111199999988888888888888888888888888888888888
8888888888899991119999988888888888888888888888888888888888888888888888888888888888899999888888888888888888888888999998888888888888888888888888888888888888888888888888888888888888888888888888888888888888888899991111119999998888888888888888888888888888888888
8888888888889999119999988888888888888888888888888888888888888888888888888888888899999988888888888888888888888888999998888888888888888888888888888888888888888888888888888888888888888888888888888888888888888889999991111999998888888888888888888888888888888888
8888888888889999911999998888888888888888888888888888888888888888888888888888889999998888888888888888888888888888888988888888888888888888888888888888888888888888888888888888888888888888888888888888888888888888899999111199999888888888888888888888888888888888
8888888888889999911999998888888888888888888888888888888888888888888888888888899999988888888888888888888888888888888899888888888888888888888888888888888888888888888888888888888888888888888888888888888888888888888999911111999998888888888888888888888888888888
8888888888889999911199999888888888888888888888888888888888888888888888888889999988888888888888888888888888888888888888999888888888888888888888888888888888888888888888888888888888888888888888888888888888888888888899999111119999888888888888888888888888888889
8888888888889999111199999988888888888888888888888888888888888888888888888999999988888888888888888888888888888888888888899998888888888888888888888888888888888888888888888888888888888888888888888888888888888888888899999911111999998888888888888888888888888888
8888888888899999111199999998888888888888888888888888888888888888888888899999999888888888888888888888888888888888888888899999988888888888888888888888888888888888888888888888888888888888888888888888888888888888888899999991111199999888888888888888888888888888
8888888888999911111199999998888888888888888888888888888888888888888888999999998888888888888888888888888888888888888888889999998888888888888888888888888888888888888888888888888888888888888888888888888888888888888899999999111119999998888888888888888888888888
9888888899999111111119999999888888888888888888888888888888888888888899999999988888888888888888888888888888888888888888888899199999888888888888888888888888888888888888888888888888888888888888888888888888888888888899999999991111199999988888888888888888888888
9999999999991111111111999999998888888888888888888888888888888888888999999999888888888888888888888888888888888888888888888889119999999999888899988888888888888888888888888888888888888888888888888888888888888888888889999999999991111199999888888888888888888888
9999911111111111111111199999999888888888888888888888888888888888888999999999888888888888888888888888888888888888888888888888999999999999999999988888888888888888888888888888888888888888888888888888888888888888888899999999999999991111199998888888888888888888
9999911111111111111111119999999998888888888888888888888888899999888888888888888888888888888888888888888888888888888888888888999991111999999999988888888888888888888888888888888888888888888888888888888888888888888899999999888999999111199999898888888888888888
9999999111111111111111111199999999888888888888888888888889999999888888888888888888888888888888888888888888888888888888888888999991111111999999988888888888888888888888888888888888888888888888888888888888888888888899888888888888899111119999998888888888888888
8889999911111111111111111119999999989988888888888888888899999999888888888888888888888888888888888888888888888888888888888888999991111111199999988888888888888888888888888888888888888888888888888888888888888888888888888888888888889999999111199999988888888888
8889999999111111111111111111999999999988888888888888888999999998888888888888888888888888888888888888888888888888888888888888999991111111119999988888888888888888888888888888888888888888888888888888888888888888888888888888888888888999999911119999988888888888
8888999999911111111111111111111119999999999999999999999999998888888888888888888888888888888888888888888888888888888888888888999991111111119999988888888888888888888888888888888888888888888888888888888888888888888888888888888888888889999999119999998888888888
8888899999999911111111111111111111999999999999999999999999988888888888888888888888888888888888888888888888888888888888888889999911111111199999988888888888888888888888888888888888888888888888888888888888888888888888888888888888888888899999999991199988888888
8888889999999911111111111111111111111999999999999999999999988888888888888888888888888888888888888888888888888888888888888889991111111999999998888888888888888888888888888888888888888888888888888888888888888888888888888888888888888888899999999999199999999999
8888888999999911111111111111111111111199991111111111999999988888888888888888888888888888888888888888888888888888888888888899991111888888888888888888888888888888888888888888888888888888888888888888888888888888888888888888888888888888889999999999999911199999
8888888999999111111111111111111111111999991111111111999999988888888888888888888888888888888888888888888888888888888888888999999999888888888888888888888888888888888888888888888888888888888888888888888888888888888888888888888888888888888888888888889911119999
8888889999991111111111199999999999999999999991111111999999988888888888888888888888888888888888888888888888888888888888899999999888888888888888888888888888888888888888888888888888888888888888888888888888888888888888888888888888888888888888888888888889911111
8888899999911111111199999999999999999999998899911111999999988888888888888888888888888888888888888888888888888888888888999999998888888888888888888888888888888888888888888888888888888888888888888888888888888888888888888888888888888888888888888888888888891111
8889999999111111111999999999999999998999998888999999999999988888888888888888888888888888888888888888888888888888888889999999988888888888888888888888888888888888888888888888888888888888888888888888888888888888888888888888888888888888888888888888888888888999
8899999991111111999999999999999888888888888888888899999999998888888888888888888888888888888888888888888888888888888899999998888888888888888888888888888888888888888888888888888888888888888888888888888888888888888888888888888888888888888888888888888888888889
8899999911111119999999999888888888888888888888888888999999999998888888888888888888888888888888888888888888888888888911999988888888888888888888888888888888888888899888881119999998888888888888888888888888888888888888888888888888888888888888888888888888888888
9999999111111199999999999888888888888888888888888888888888999999888888888888888888888888888888888888888888888888881111999888888888888888888888888888888888888888889999111119999988888888888888888888888888888888888888888888888888888888888888888888888888888888
9999911111111999999998888888888888888888888888888888888888889999999988888888888888888888888888888888888888888889911119988888888888888888888888888888888888888888888999111111999988888888888888888888888888888888888888888888888888888888888888888888888888888888
9999111111999999999888888888888888888888888888888888888888888889999998888888888888888888888888888888888888888999911199888888888888888888888888888888888888888888888899111111999888888888888888888888888888888888888888888888888888888888888888888888888888888888
9911111199999998888888888888888888888888888888888888888888888888999999999988888888888888888888888888888888999999999999888888888888888888888888888888888888888888888899911119998888888888888888888888888888888888888888888888888888888888888888888888888888888888
1111111999999988888888888888888888888888888888888888888888888888899999999999888888888888888888888888889999999999999998888888888888888888888888888888888888888888888899991199988888888888888888888888888888888888888888888888888888888888888888888888888888888888
1111119999999888888888888888888888888888888888888888888888888888888999999999998888888888888888888888899999991119999988888888888888888888888888888888888888888888888889999999988888888888888888888888888888888888888888888888888888888888888888888888888888888888
1111199999998888888888888888888888888888888888888888888888888888888889999999999888888888888888888889999999111119999888888888888888888888888888888888888888888888888899999999988888888888888888888888888888888888888888888888888888888888888888888888888888888888
1111999999988888888888888888888888888888888888888888888888888888888888999999999999888888888888888999999911111199998888888888888888888888888888888888888888888888888899999999988888888888888888888888888888888888888888888888888888888888888888888888888888888888
1111999999888888888888888888888888888888888888888888888888888888888888999999999999999999999999999999999111111999988888888888888888888888888888888888888888888888888999999999988888888888888888888888888888888888888888888888888888888888888888888888888888888888
9911999999988888888888888888888888888888888888888888888888888888888888888889999999999999999999999991111111999999888888888888888888888888888888888888888888888888888999999999988888888888888888888888888888888888888888888888888888888888888888888888888888888888
9999999999988888888888888888888888888888888888888888888888888888888888888889999999911199999999999111111119999998888888888888888888888888888888888888888888888888888888888889988888888888888888888888888888888888888888888888888888888888888888888888888888888888
9999999999998888888888888888888888888888888888888888888888888888888888888888889999911119911111111111111119999988888888888888888888888888888888888888888888888888888888888889988888888888888888888888888888888888888888888888888888888888888888888888888888888888
9999999999998888888888888888888888888888888888888888888888888888888888888888888899999911111111111111111199999988888888888888888888888888888888888888888888888888888888888888888888888888888888888888888888888888888888888888888888888888888888888888888888888888
8999999999999888888888888888888888888888888888888888888888888888888888888888888889999991111111111111111999999988888888888888888888888888888888888888888888888888888888888888888898888888888888888888888888888888888888888888888888888888888888888888888888888888
8888889999999988888888888888888888888888888888888888888888888888888888888888888888889991111111111111119999999988888888888888888888888888888888888888888888888888888888888888888898888888888888888888888888888888888888888888888888888888888888888888888888888888
8888888999999998888888888888888888888888888888888888888888888888888888888888888888888999111111111111111999999988888888888888888888888888888888888888888888888888888888888888888889888888888888888888888888888888888888888888888888888888888888888888888888888888
8888888899999999888888888888888888888888888888888888888888888888888888888888888888888889991111111111111199999998888888888888888888888888888888888888888888888888888888888888888888888888888888888888888888888888888888888888888888888888888888888888888888888888
8888888888999999988888888888888888888888888888888888888888888888888888888888888888888888999111111111111119999998888888888888888888888888888888888888888888888888888888888888888888888888888888888888888888888888888888888888888888888888888888888888888888888888
8888888888889999998888888888888888888888888888888888888888888888888888888888888888888888899991111111111111199999988888888888888888888888888888888888888888888888888888888888888888889888888888888888888888888888888888888888888888888888888888888888888888888888
8888888888888899999988888888888888888888888888888888888888888888888888888888888888888888889999911111111111119999998888888888888888888888888888888888888888888888888888888888888888888988888888888888888888888888888888888888888888888888888888888888888888888888
8888888888888889999999998888888888888888888888888888888888888888888888888888888888888888888999999111111111111199999988888888888888888888888888888888888888888888888888888888888888888999988888888888888888888888888888888888888888888888888888888888888888888888
8888888888888888999999999988888888888888888888888888888888888888888888888888888888888888888899999911111111111119999998888888888888888888888888888888888888888888888888888888888888888999998888888888888888888888888888888888888888888888888888888888888888888888
8888888888888888899999999999888888888888888888888888888888888888888888888888888888888888888899999991111111111111199999888888888888888888888888888888888888888888888888888888888888888999991999988888888888888888888888888888888888888888888888888888888888888888
8888888888888888899999999999888888888888888888888888888888888888888888888888888888888888888889999991111111111111111119999999888888888888888888888888888888888888888888888888888888888999911119999988888899988888888888888888888888888888888888888888888888888888
8888888888888888889999999999988888888888888888888888888888888888888888888888888888888888888888999999111111111111111111199999888888888888888888888888888888888888888888888888888888888999111111111999999999998888888888888888888888888888888888888888888888888888
8888888888888888889999999999998888888888888888888888888888888888888888888888888888888888888888999999111111111111111111199999988888888888888888888888888888888888888888888888888888888999111111111999999999998888888888888888888888888888888888888888888888888888
8888888888888888889999999999998888888888888888888888888888888888888888888888888888888888888888999991111111111111111111199999999998888888888888888888888888888888888888888888888888888991111111111999999999888888888888888888888888888888888888888888888888888899
8888888888888888889999999999998888888888888888888888888888888888888888888888888888888888888888999991111111119999911119999999999999988888888888888888888888888888888888888888888888889911111111119999999988888888888888888888888888888888888888888888888888889999
8888888888888888889999999999888888888888888888888888888888888888888888888888888888888888888889999911111111999999999999999999999999998888888888888888888888888888888888888888888888899911111111999998888888888888888888888888888888888888888888888888888888899999
8888888888888888889999999888888888888888888888888888888888888888888888888888888888888888888889999111111199999999999999999999999999999888888888888888888888888888888888888888888888999111111198888888888888888888888888888888888888888888888888888888888899999999
8888888888888888899999988888888888888888888888888888888888888888888888888888888888888888888899911111111999999999999999999999999991999888888888888888888888888888888888888888888889999991188888888888888888888888888888888888888888888888888888888888889999119999
8888888888888889999999988888888888888888888888888888888888888888888888888888888888888888888899111111119999999998888888888999999991999998888888888888888888888888888888888888888899999999888888888888888888888888888888888888888888888888888888888999999911119999
8888888888888889999998888888888888888888888888888888888888888888888888888888888888888888889991111111999999999888888888888888889999999999888888888888888888888888888888888888899999998888888888888888888888888888888888888888888888889989999999999999991111119998
8888888888888899999988888888888888888888888888888888888888888888888888888888888888888888999911111199999999888888888888888888888999999999888888888888888888888888888888888888899999998888888888888888888888888888888888888888888888999999999999999999111111199888
8888888888888899999888888888888888888888888888888888888888888888888888888888888888888888999911111999999888888888888888888888888888889999988888888888888888888888888888888889999998888888888888888888888888888888888888888888888888999999999999991111111119988888
8888888888888999998888888888888888888888888888888888888888888888888888888888888888888889999911119999888888888888888888888888888888889999999888888888888888888888888888888889999988888888888888888888888888888888888888888888888888899999999999911111111999988888
8888888888888999998888888888888888888888888888888888888888888888888888888888888888889999911999999998888888888888888888888888888888888999999998888888888888888888888888888899998888888888888888888888888888888888888888888888888888889999999911111111119998888888
8888888888999999998888888888888888888888888888888888888888888888888888888888888888899999111999999888888888888888888888888888888888888888999999988888888888888888888888999999988888888888888888888888888888888888888888888888888888888999999911111111199988888888
8888888899999999988888888888888888888888888888888888888888888999999988888888888888999991119999888888888888888888888888888888888888888888899999998888888888888888888889999999888888888888888888888888888888888888888888888888888888888899999911111119999888888888
8888888899999998888888888888888888888888888888888888888888888999999998888888888999999991999998888888888888888888888888888888888888888888888999999888888888888888888811199988888888888888888888888888888888888888888888888888888888888888999991111119998888888888
8888888999999988888888888888888888888888888888888888888888888999999999999889999991199999999988888888888888888888888888888888888888888888888889911999888888888888899111999888888888888888888888888888888888888888888888888888888888888888899991111199988888888888
8888889999999888888888888888888888888888888888888888888888888899999999999999999911119999998888888888888888888888888888888888888888888888888888999999999999999999999999998888888888888888888888888888888888888888888888888888888888888888889991111999888888888888
8888999999999888888888888888888888888888888888888888888888888889999999999999991111119999988888888888888888888888888888888888888888888888888888898999999119999999999999888888888888888888888888888888888888888888888888888888888888888888888999199999888888888888
8889999999999888888888888888888888888888888888888888888888888888899999999999911111199999888888888888888888888888888888888888888888888888888888888999911111111119999988888888888888888888888888888888888888888888888888888888888888888888888999999998888888888888
9999999999988888888888888888888888888888888888888888888888888888889999999991111111999988888888888888888888888888888888888888888888888888888888888999911111111119999988888888888888888888888888888888888888888888888888888888888888888888889999999998888888888888
9999999999888888888888888888888888888888888888888888888888888888889999999111111999998888888888888888888888888888888888888888888888888888888888888999991111111119999888888888888888888888888888888888888888888888888888888888888888888888889999999998888888888888
9999999999888888888888888888888888888888888888888888888888888888889999999111119999888888888888888888888888888888888888888888888888888888888888888899999111111199988888888888888888888888888888888888888888888888888888888888888888888888899999999998888888888888
9999999999888888888888888888888888888888888888888888888888888888889999991111119999888888888888888888888888888888888888888888888888888888888888888899999111111199888888888888888888888888888888888888888888888888888888888888888888888888899999999998888888888888
9111999998888888888888888888888888888888888888888888888888888888889999111111199988888888888888888888888888888888888888888888888888888888888888888899999111119999888888888888888888888888888888888888888888888888888888888888888888888888899999999988888888888888
1111999988888888888888888888888888888888888888888888888888888888899991111199999888888888888888888888888888888888888888888888888888888888888888888889999111119998888888888888888888888888888888888888888888888888888888888888888888888888999999999988888888888888
1111999988888888888888888888888888888888888888888888888888888888899991111199998888888888888888888888888888888888888888888888888888888888888888888889999111199988888888888888888888888888888888888888888888888888888888888888888888888888999999999988888888888888
1119999988888888888888888888888888888888888888888888888888888888999911111999988888888888888888888888888888888888888888888888888888888888888888888888889999999988888888888888888888888888888888888888888888888888888888888888888888888888999991199998888888888888
1111999988888888888888888888888888888888888888888888888888888899999911119999888888888888888888888888888888888888888888888888888888888888888888888888889999999988888888888888888888888888888888888888888888888888888888888888888888888888999911199999888888888888
1111999998888888888888888888888888888888888888888888888888888899991111119999888888888888888888888888888888888888888888888888888888888888888888888888889999999988888888888888888888888888888888888888888888888888888888888888888888888889999911119999988888888888
1111999999888888888888888888888888888888888888888888888888889999911111199998888888888888888888888888888888888888888888888888888888888888888888888888888999999988888888888888888888888888888888888888888888888888888888888888888888888899999111119999998888888888
1111999999988888888888888888888888888888888888888888888888889999911111999988888888888888888888888888888888888888888888888888888888888888888888888888888899999988888888888888888888888888888888888888888888888888888888888888888888888999991111111999999888888888
1111199999988888888888888888888888888888888888888888888888999999111119999888888888888888888888888888888888888888888888888888888888888888888888888888888889999988888888888888888888888888888888888888888888888888888888888888888888899999911111111199999998888888
9111111999999888888888888888888888888888888888888888888889999911111119999888888888888888888888888888888888888888888888888888888888888888888888888888888889999988888888888888888888888888888888888888888888888888888888888888888888899991111111111111999999888888
9911111199999988888888888888888888888888888888888888888899999911111999999888888888888888888888888888888888888888888888888888888888888888888888888888888889999998888888888888888888888888888888888888888888888888888888888888888888999111111111111111119999988888
9991111111999998888888888888888888888888888888888888899999999111111999999888888888888888888888888888888888888888888888888888888888888888888888888888888889999999888888888888888888888888888888888888888888888888888888888888888899999111111111111111111999998888
9999111111111999998888888888888888888888888888888899999999111111111199999888888888888888888888888888888888888888888888888888888888888888888888888888888899991999988888888888888888888888888888888888888888888888888888888888888999999111111111111111111111999999
8999911111111119999998888888888888888888888888889999999911111111111119999988888888888888888888888888888888888888888888888888888888888888888888888888888899911199999888888888888888888888888888888888888888888888888888888888899999999999999999111111111111199999
8899991111111111111999999888888888888888888999911111911111111111111111999999888888888888888888888888888888888888888888888888888888888888888888888888888999911119999988888888888888888888888888888888888888888888888888888888899999998888889999999111111111111999
8889999111111111111111999999888888888888999999111111111111111111111111999999988888888888888888888888888888888888888888888888888888888888888888888888888999111119999988888888888888888888888888888888888888888888888888888888899888888888888989999999111111111199
8888999111111111111111199999998999999999999999111111111111111111111111119999998888888888888888888888888888888888888888888888888888888888888888888888889991111111999998888888888888888888888888888888888888888888888888888888888888888888888888899999911111111999
8888999111111111111111119999989999999999999999911111111111111111111111111199999998888888888888888888888888888888888888888888888888888888888888888888889991111111199999888888888888888888888888888888888888888888888888888888888888888888888888889999991111199999
8888999111111111111111199999988899999999999999999999999999991111111111111119999999998888888888888888888888888888888888888888888888888888888888888888899911111111111999998888888888888888888888888888888888888888888899998888888888888888888888889999999999999999
8888991111111111111199999999888888888888888888888999999999999111111111111111111999998888888888888888888888888888888888888888888888888888888888888888999111111111111119999998888888888888888888888888888888888888888999998888888888888888888888889999999999999999
8889911111111111119999999999888888888888888888888889999999999991111111111111111199999999888888888888888888888888888888888888888888888888888888888899911111111111111111199999988888888888888888888888888888888888999998888888888888888888888888889999999999888888
8899111111111119999999999888888888888888888888888888899999999999911111111111111199999999888888888888888888888888888888888888888888888888888888888811111111999991111111111999988888888888888888888888888888888889999988888888888888888888888888889999999888888888
8991111111111999999999888888888888888888888888888888888899999999991111111111111999999999888888888888888888888888888888888888888888888888888888888111111199999999999111111111998888888888888888888888888889999999999888888888888888888888888888889999998888888888
9911111111199999988888888888888888888888888888888888888888999999991111111111999999999999888888888888888888888888888888888888888888888888888888899111199999999999999999111111111199999888888888899999999999111999998888888888888888888888888888889998888888888888
9111111111999999988888888888888888888888888888888888888888889999999111111199999999999998888888899999988888888888888888888888888888888888888891111999999999888888888999999911111199999999999999999999999911111999988888888888888888888888888888888988888888888888
1111111119999988888888888888888888888888888888888888888888888999999911111999999998888888888888899999999999888888888888888888888888888889999991119999988888888888888899999999111999991119999999999911111111199999988888888888888888888888888888888888888888888888
1111119999999888888888888888888888888888888888888888888888888899999991119999998888888888888888889999999999888888888888888888888888888889999999988888888888888888888889999899999999991111999999999911111111999999988888888888888888888888888888888888888888888888
1111199999988888888888888888888888888888888888888888888888888889999999999998888888888888888888888899999999999888888888888888888888889999999998888888888888888888888888888888899999999991111111999999999999999999988888888888888888888888888888888888888888888888
1111999999888888888888888888888888888888888888888888888888888889999999999988888888888888888888888888889999999999998888888888888991119999999988888888888888888888888888888888888999999999111111999999999999999999988888888888888888888888888888888888888888888888
1119999999888888888888888888888888888888888888888888888888888889999999998888888888888888888888888888888889999119999999999999999111111999998888888888888888888888888888888888888899999999999999999999999999999999988888888888888888888888888888888888888888888888
1199999998888888888888888888888888888888888888888888888888888889999999988888888888888888888888888888888889999119999999999911111111111999988888888888888888888888888888888888888889999999999999999998888889999888888888888888888888888888999888888888888888888888
1199999988888888888888888888888888888888888888888888888888888889999999888888888888888888888888888888888888899999999111111111111111119999888888888888888888888888888888888888888888889999999999888888888888888888888888888888888888888889999888888888888888888888
1999999988888888888888888888888888888888888888888888888888888889999999888888888888888888888888888888888888889999911111111111111111199988888888888888888888888888888888888888888888889999999888888888888888888888888888888888888888888999999888888888888888888888
1999999988888888888888888888888888888888888888888888888888888899999998888888888888888888888888888888888888888899991111111111111119999888888888888888888888888888888888888888888888888999998888888888888888888888888888888888888888889999998888888888888888888888
1999999988888888888888888888888888888888888888888888888888888899999888888888888888888888888888888888888888888889999111111111111999999888888888888888888888888888888888888888888888888999888888888888888888888888888888888888888888889999888888888888888888888888
1999999998888888888888888888888888888888888888888888888888888999998888888888888888888888888888888888888888888888999911111111119999988888888888888888888888888888888888888888888888888988888888888888888888888888888888888888999999999988888888888888888888888888
9999999999888888888888888888888888888888888888888888888888888999988888888888888888888888888888888888888888888888899991111111199999888888888888888888888888888888888888888888888888888888888888888888888888888888888888888888999999999988888888888888888888888888
9999999999988888888888888888888888888888888888888888888888888999988888888888888888888888888888888888888888888888899999111111999998888888888888888888888888888888888888888888888888889888888888888888888888888888888888888888899999999988888888888888888888888888
9999999999998888888888888888888888888888888888888888888888889999888888888888888888888888888888888888888888888888888999991119999888888888888888888888888888888888888888888888888888889888888888888888888888888888888888888888899999999988888888888888888888888888
9999999999999988888888888888888888888888888888888888888888999998888888888888888888888888888888888888888888888888888999999119999888888888888888888888888888888888888888888888888888899888888888888888888888888888888888888888888889999988888888888888888888888888
9888999999999998888888888888888888888888888888888888888999999988888888888888888888888888888888888888888888888888888899999999999888888888888888888888888888888888888888888888888888888888888888888888888888888888888888888888888889999998888888888888888888888888
8888888888888888888888888888888888888888888888888888888999999988888888888888888888888888888888888888888888888888888889999999999888888888888888888888888888888888888888888888888888888888888888888888888888888888888888888888888888999998888888888888888888888888
8888888888888888888888888888888888888888888888888888889999998888888888888888888888888888888888888888888888888888888888999999999998888888888888888888888888888888888888888888888889888888888888888888888888888888888888888888888888999998888888888888888888888888
8888888888888888888888888888888888888888888888888888899999988888888888888888888888888888888888888888888888888888888888899999999998888888888888888888888888888888888888888888888889888888888888888888888888888888888888888888888888899998888888888888888888888888
8888888888888888888888888888888888888888888888888999999988888888888888888888888888888888888888888888888888888888888888899999999999888888888888888888888888888888888888888888888888888888888888888888888888888888888888888888888888888998888888888888888888888888
8888888888888888888888888888888888888888888888889999999888888888888888888888888888888888888888888888888888888888888888899999999999888888888888888888888888888888888888888888888888888888888888888888888888888888888888888888888888888999888888888888888888888888
8888888888888888888888888888888888888888888888899999998888888888888888888888888888888888888888888888888888888888888888899999919999988888888888888888888888888888888888888888888888888888888888888888888888888888888888888888888888888999988888888888888888888888
8888888888888888888888888888888888888888888999999999988888888888888888888888888888888888888888888888888888888888888888889999911199999888888888888888888888888888888888888888888888888888888888888888888888888888888888888888888888888999988888888888888888888888
8888888888888888888888888888888888888888889999111199888888888888888888888888888888888888888888888888888888888888888888899999991119999988888888888888888888888888888888888888888888888888888888888888888888888888888888888888888888888999988888888888888888888888
8888888888888888888888888888888888888888889999111199888888888888888888888888888888888888888888888888888888888888888888999999999119999998888888888888888888888888888888888888888888888888888888888888888888888888888888888888888888889999998888888888888888888888
8888888888888888888888888888888888888888889999111198888888888888888888888888888888888888888888888888888888888888888889999999999999111999888888888888888888888888888888888888888888888888888888888888888888888888888888888888888888899999999888888888888888888888
8888888888888888888888888888888888888888889999911998888888888888888888888888888888888888888888888888888888888888888899999999999999919999988888888888888888888888888888888888888888888888888888888888888888888888888888888888888888999919999988888888888888888888
8888888888888888888888888888888888888888888899999998888888888888888888888888888888888888888888888888888888888888888889999999999988899999998888888888888888888888888888888888888888888888888888888888888888888888888888888888888889999111999998888888888888888888
8888888888888888888888888888888888888888888888899998888888888888888888888888888888888888888888888888888888888888888888888888888888889999999888888888888888888888888888888888888888888888888888888888888888888888888888888888888899991111199999888888888888888888
8888888888888888888888888888888888888888888888899998888888888888888888888888888888888888888888888888888888888888888888888888888888888999999999998888888888888888888888888888888888888888888888888888888888888888888888888888888899911111119999999888888888888898
8888888888888888888888888888888888888888888888899998888888888888888888888888888888888888888888888888888888888888888888888888888888888888899999999998888888888888888888888888888888888888888888888888888888888888888888888888888999911111111999999999888888888998
8888888888888888888888888888888888888888888888888899888888888888888888888888888888888888888888888888888888888888888888888888888888888888889999999999988888888888888888888888888888888888888888888888888888888888888888888888888999911111111119999999999888889998
8888888888888888888888888888888888888888888888888889888888888888888888888888888888888888888888888888888899988888888888888888888888888888888888999999999999988888888888888888888888888888888888888888888888888888888888888888888999999999111111199999999999911999
8888888888888888888888888888888888888888888888888889988888888888888888888888888888888888888888888888888999988888888888888888888888888888888888999991199999999888888888888888888888888888888888888888888888888888888888888888888899999999991111111119999991111998
8888888888888888888888888888888888888888888888888889998888888888888888888888888888888888888888888888999999888888888888888888888888888888888888899991111999999988888888888888888888888888888888888888888888888888888888888888888888888999999991111111199111111998
8888888888888888888888888888888888888888888888888889999888888888888888888888888888888888888888888889999888888888888888888888888888888888888888889999991199999998888888888888888888888888888888888888888888888888888888888888888888888888999999111111111111119998
8888888888888888888888888888888888888888888888888889999988888888888888888888888888888888888888889999888888888888888888888888888888888888888888888889999119999999888888888888888888888888888888888888888888888888888889888888888888888888889999911111111111199998
8888889998888888888888888888888888888888888888888889999998888888888888888888888888888888888889999998888888888888888888888888888888888888888888888888999991199999888888888888888888888888888888888888888888888888889999888888888888888888888999999111111111199998
8888888888888888888888888888888888888888888888888899999999888888888888888888888888888888889999999988888888888888888888888888888888888888888888888888889991111999988888888888888888888888888888888888888888888888888888888888888888888888888889999911111111119998
8888888888888888888888888888888888888888888888888999911999998888888888888888888888888888899999999888888888888888888888888888888888888888888888888888889999111119999999888888888888888888888888888888888888888888888888888888888888888888888889999911111111111998
8888888888888888888888888888888888888888888888889999111199999888888888888888888888888899999999998888888888888888888888888888888888888888888888888888888899991111999999998888888888888888888888888888888888888888888888888888888888888888888889999911111111111118
8888888888888888888888888888888888888888888888899999111119999988888888888888888888888889111999998888888888888888888888888888888888888888888888888888888889999111111999999998888888888888888888888888888888888888888888888888888888888888888889999111119999111111
8888888888888888888888888888888888888888888888999999111111119999998888888888888888888889111199988888888888888888888888888888888888888888888888888888888889999911111199999999988888888888888888888888888888888888888888888888888888888888888889999111999999911111
8888888888888888888888888888888888888888888999999991111111111111199998888888888888888888991999988888888888888888888888888888888888888888888888888888888888999911111119999999999988888888888888888888888888888888888888888888888888888888888889999999999999991119
8888888888888888888899988888888888888888899999991111111111111111119999888888888888888888889999988888888888888888888888888888888888888888888888888888888888899991111111119999999998888888888888888888888888888888888888888888888888888888888899999999988888888998
8888888888888888888888988889888888888999999999911111111111111111199999888888888888888888888889998888888888888888888888888888888888888888888888888888888888899999111111111111199998888888888888888888888888888888888888888888888888888888889999999888888888888998
8888888888888888888888899999999999999999999911111111111111999999998888888888888888888888888888888888888888888888888888888888888888888888888888888888888888889999111111111111119998888888888888888888888888888888888888888888888888888888889998888888888888888898
8888888888888888888888889999999999999999991111111111111999999988888888888888888888888888888888888888888888888888888888888888888888888888888888888888888888899999111111111111199988888888888888888888888888888888888888888888888888888888889988888888888888888888
8888888888888888888888889999999999999999911111111111119999999888888888888888888888888888888888888888888888888888888888888888888888888888888888888888888888899999111111111111999988888888888888888888888888888888888888888888888888888888888888888888888888888888
8888888888888888888888888999999999999111111111111111999999998888888888888888888888888888888888888888888888888888888888888888888888888888888888888888888888899991111111111199998888888888888888888888888888888888888888888888888888888888888888888888888888888888
8888888888888888888888888999999911111111111111111119999999988888888888888888888888888888888888888888888888888888888888888888888888888888888888888888888888899911111111119999988888888888888888888888888888888888888888888888888888889888888888888888888888888888
8888888888888888888888888999999111111111111111111999999998888888888888888888888888888888888888888888888888888888888888888888888888888888888888888888888888999911111111199999988888888888888888888888888888888888888888888888888889998888888888888888888888888888
8888888888888888888888889999999111111111111111119999999888888888888888888888888888888888888888888888888888888888888888888888888888888888888888888888888889999111111111199999888888888888888888888888888888888888888888888888888998888888888888888888888888888888
8888888888888888888888889999991111111111111111119999999888888888888888888888888888888888888888888888888888888888888888888888888888888888888888888888888889991111111111199999888888888888888888888888888888888888888888888888888888888888888888888888888888888888
8888888888888888888888889999111111111111111111111999999888888888888888888888888888888888888888888888888888888888888888888888888888888888888888888888888899111111111111119999888888888888888888888888888888888888888888888888888888888888888888888888888888888888
8888888888888888888888999911111111991111199111111199999888888888888888888888888888888888888888888888888888888888888888888888888888888888888888888888888991111111199991111999888888888888888888888888888888888888888888888888888888888888888888888888888888888888
8888888888888888888889999111111199999999999999111999999988888888888888888888888888888888888888888888888888898888888888888888888888888888888888888888899911111119999999111999988888888888888888888888888888888888888888888898888888888888888888888888888888888888
8888888888888888889999911111119999998888999999999999999998888888888888888888888888888888888888888888888888888888888888888888888888888888888888888888999111119999999999999999999988888888888888888888888888888888888888889998888888888888888888888888888888888888
8888888888888888899999111119999999988888888888999999999999888888888888888888888888888888888888888888888888888888888888888888888888888888888888888889999111999999999999999999999998888888888888888888888888888888888888899988888888888888888888888888888888888888
8888888888888888999111111999999988888888888888889999999999998888888888888888888888888888888888888888888888888888888888888888888888888888888888888899999999999988888888899999999999888888888888888888888888888888888888888888888888888888888888888888888888888888
8888888888888999991111199999999888888888888888889999999999999888888888888888888888888888888888888888888888888888998888888888888888888888888888888999199999888888888888888889999999999888888888888888888888888888888889888888888888888888888888888888888888888888
8888888998889999111199999998888888888888888888888888889999999888888888888888888888888888888888888888888888888888898888888888888888888888888888899911199999888888888888888889999999999888888888888888888888888888889999888888888888888888888888888888888888888888
8888888999999111119999888888888888888888888888888888888999999998888888888888888888888888888888888888888888888888899998888888888888888888888889999991999988888888888888888888889999999988888888888888888888888888899999888888888888888888888888888888888888888888
8888999999991111199999888888888888888888888888888888888888999999888888888888888888888888888888888888888888888888888998888888888888888888889999999999999888888888888888888888888888999998888888888888888888888989998888888888888888888888888888888888888888888888
8888999999111111999888888888888888888888888888888888888888888999988888888888888888888888888888888888888888888888888889988888888888888888899999999999888888888888888888888888888888899999988888888888888888888999898888888888888888888888888888888888888888888888
9999999911111199999888888888888888888888888888888888888888888999999888888888888888888888888888888888888888888888888889998888888888888888999999999998888888888888888888888888888888888999999988888888888888999999888888888888888888888888888888888888888888888888
9999911111119999988888888888888888888888888888888888888888888889999988888888888888888888888888888888888888888888888889999888888888888899999999999988888888888888888888888888888888888899999998888888888888999998888888888888888888888888888888888888888888888888
9911111111999998888888888888888888888888888888888888888888888888999999888888888888888888888888888888888888888888888888999999999999999991111999999888888888888888888888888888888888888889999999999999999999999988888888888888888888888888888888888888888888888888
1111111119999998888888888888888888888888888888888888888888888888899999998888888888888888888888888888888888888888888888999999999999991111111999998888888888888888888888888888888888888888899999999999999999999888888888888888888888888888888888888888888888888888
1111111199999888888888888888888888888888888888888888888888888888999999999888888888888888888888888888888888888888888889999991111111111111119999988888888888888888888888888888888888888888888999991119999999999888888888888888888888888888888888888888888888888888
1111999999999888888888888888888888888888888888888888888888888888999999999998888888888888888888888888888888888888888889999991111111111111119999888888888888888888888888888888888888888888888889999111111999999888888888888888888888888888888888888888888888888888
1119999999999888888888888888888888888888888888888888888888888888999999999999888888888888888888888888888888888888888999999911111111111111999988888888888888888888888888888888888888888888888888999991111119999888888888888888888888888888888888888888888888888888
1999999999999988888888888888888888888888888888888888888888888888899999999999988888888888888888888888888888888888888999999111111111111199999988888888888888888888888888888888888888888888888888899999111111999988888888888888888888888888888888888888888888888888
9999999999999988888888888888888888888888888888888888888888888888888888888888889998888888888888888888888888888888899999111111111111111999999888888888888888888888888888888888888888888888888888888899911111199988888888888888888888888888888888888888888888888888
9999999988888888888888888888888888888888888888888888888888888888888888888888888999888888888888888888888888888999999111111111111111111999998888888888888888888888888888888888888888888888888888888889999111119999888888888888888888888888888888888888888888888888
9999888888888899888888888888888888888888888888888888888888888888888888888888888889988888888888888888888888899999991111111111111111111999998888888888888888888888888888888888888888888888888888888888899991111999998888888888888888888888888888888888888888888899
9998888888888888888888888888888888888888888888888888888888888888888888888888888888999998888888888888888889999999991111999999991111111199998888888888888888888888888888888888888888888888888888888888888999911199999988888888888888888888888888888888888888888899
8888888888888888888888888888888888888888888888888888888888888888888888888888888888889998888888888888888999999999999999999999999991111999998888888888888888888888888888888888888888888888888888888888888899991111999999988888888888888888888888888888888888888881
8888888888888888888888888888888888888888888888888888888888888888888888888888888888888999999999999999999991111999999999999999999999999999998888888888888888888888888888888888888888888888888888888888888889999911119999999988888888888888888888888888888888888881
8888888888888888888888888888888888888888888888888888888888888888888888888888888888888899999999999999999911111999998888888888888999999991999988888888888888888888888888888888888888888888888888888888888888999991111199999998888888888888888888888888888888888881
8888888888888888888888888888888888888888888888888888888888888888888888888888888888888888999999999999991119999988888888888888888888999999999999888888888888888888888888888888888888888888888888888888888888899991111111999999988888888888888888888888888888888889
8888888888888888888888888888888888888888888888888888888888888888888888888888888888888888999999999999911199999888888888888888888888888999999999988888888888888888888888888888888888888888888888888888888888889999911111119999999888888888888888888888888888888889
8888888888888888888888888888888888888888888888888888888888888888888888888888888888888888899999111119999998888888888888888888888888888889999999988888888888888888888888888888888888888888888888888888888888888999999111111111999999999888888888888888888888888889
8888888888888888888888888888888888888888888888888888888888888888888888888888888888888888899999111119999998888888888888888888888888888888899999998888888888888888888888888888888888888888888888888888888888888899999111111111999999999998888888888888888888888889
8888888888888888888888888888888888888888888888888888888888888888888888888888888888888888899991111199988888888888888888888888888888888888899999999988888888888888888888888888888888888888888888888888888888888899999111111199999999999999888888888888888888888889
8888888888888888888888888888888888888888888888888888888888888888888888888888888888888888999911199999888888888888888888888888888888888888888899999998888888888888888888888888888888888888888888888888888888888999999111199999999888888999988888888888888888888889
8888888888888888888888888888888888888888888888888888888888888888888888888888888888888889999111999998888888888888888888888888888888888888888899999999888888888888888888888888888888888888888888888888888888888999999999999999998888888899988888888888888888888889
8888888888888888888888888888888888888888888888888888888888888888888888888888888888888899911111999988888888888888888888888888888888888888888899999999988888888888888888888888888888888888888888888888888888888999111999999999988888888889998888888888888888888889
8888888888888888888888888888888888888888888888888888888888888888888888888888888888888888889999991999888888888888888888888888888888888888888899999999999988888888888888888888888888888888888888888888888888888999111999999999988888888888888888888888888888888888
