9988888888888888888888888888888888888888888888888888998988888888888888888888888888888888888888888888888888888888888888888888888888888888999991119888888888888888888888888888898888888888888888888888888888888888888888888888888888888888888899999999999888888888
8888888888888888888888888889998888888888888888888888888999999998888888888888888888888888888888888888888888888888888888888888888888888888999991199888888888888888888888888888888888888888888888888888888888888888888888888888888888888888888889999999999998888888
8888888888888888888888888889998888888888888888888888888999999998888888888888888888888888888888888888888888888888888888888888888888888888999999999888888888888888888888888888888888888888888888888888888888888888888888888888888888888888888888999911199999888888
8888888888888888888888888899988888888888888888888888888999999888888888888888888888888888888888888888888888888888888888888888888888888888999999998888888888888888888888888888888888888888888888888888888888888888888888888888888888888888888888889911111199999888
8888888888888888888888889988888888888888888888888888888888899988888888888888888888888888888888888888888888888888888888888888888888888888999999998888888888888888888888888888888888888888888888888888888888888888888888888888888888888888888888888991111119999888
9998888888888888888888999888888888888888888888888888888888888998888888888888888888888888888888888888888888888888888888888888888888888889911999988888888888888888888888888888888888888888888888888888888888888888888888888888888888888888888888888899911111111999
1999998888888888881999999888888888888888888888888888888888888888888888888888888888888888888888888888888888888888888888888888888888888889919999888888888888888888888888888888888888888888888888888888888888888888888888888888888888888888888888888899911111111199
1119999999999999911199999888888888888888888888888888888888888888988888888888888888888888888888888888888888888888888888888888888888888899999998888888888888888888888888888888888888888888888888888888888888888888888888888888888888888888888888888889991111111111
1111111999911119991998888888888888888888888888888888888888888888899988888888888888888888888888888888888888888888888888888888888888888999999988888888888888888888888888888888888888888888888888888888888888888888888888888888888888888888888888888889991111111111
1111111111111119999988888888888888888888888888888888888888888888899999888888888888888888888888888888888888888888888888888888888888889999999888888888888888888888888888888888888888888888888888888888888888888888888888888888888888888888888888888889999111111111
1111111111111199998888888888888888888888888888888888888888888888888999998888888888888888888888888888888888888888888888888888888888899999988888888888888888888888888888888888888888888888888888888888888888888888888888888888888888888888888888888889999999999111
1111111111111999988888888888888888888888888888888888888888888888888899999988888888888888888888888888888888888888888888888888888888899999888888888888888888888888888888888888888888888888888888888888888888888888888888888888888888888888888888888889999998888999
1111111111199999888888888888888888888888888888888888888888888888888888889988888888888888888888888888888888888888888888888888888899999998888888888888888888888888888888888888888888888888888988888888888888888888888888888888888888888888888888888888888888888899
1111111111999999888888888888888888888888888888888888888888888888888888888998888888888888888888888888888888888888888888888888888999999998888888888888888888888888888888888888888888888888889988888888888888888888888888888888888888888888888888888888888888888888
1111111119999988888888888888888888888888888888888888888888888888888888888999988888888888888888888888888888888888888888888888889999999998888888888888888888888888888888888888888888888888889999998888888888888888888888888888888888888888888888888888888888888888
1111111199998888888888888888888888888888888888888888888888888888888888888889998888888888888888888888888888888888888888888888899911199998888888888888888888888888888888888888888888888888889999998888888888888888888888888888888888888888888988888888888888888888
1111111999988888888888888888888888888888888888888888888888888888888888888888899888888888888888888888888888888888888888888899991111199998888888888888888888888888888888888888888888888888889999988888888888888888888888888888888888888888889888888888888888888888
1111111999988888888888888888888888888888888888888888888888888888888888888888899998888888888888888888888888888888888888888899911111199998888888888888888888888888888888888888888888888888899999888888888888888888888888888888888888888899998888888888888888888888
9111111999988888888888888888888888888888888888888888888888888888888888888888888998888888888888888888888888888888888888888999111111199998888888888888888888888888888888888888888888888888899998888888888888888888888888888888888888888999998888888888888888888888
9911111199998888888888888888888888888888888888888888888888888888888888888888888889999888888888888888888888888888888888999911111111999998888888888888888888888888888888888888888888888888998888888888888888888888888888888888888888888999888888888888888888888888
9991111119999888888888888888888888888888888888888888888888888888888888888888888888899888888888888888888888888888888889999911119999999998888888888888888888888888888888888888888888888889988888888888888888888888888888888888888888889999888888888888888888888888
9999911111999888888888888888888888888888888888888888888888888888888888888888888888899888888888888888888888888888888899999999999999999999888888888888888888888888888888888888888888888888888888888888888888888888888888888888888888889999888888888888888888888888
8899991111199988888888888888888888888888888888888888888888888888888888888888888888888998888888888888888888888888899999999999999999999988888888888888888888888888888888888888888888888888888888888888888888888888888888888888888888888999888888888888888888888888
8888999111199998888888888888888888888888888888888888888888888888888888888888888888888889998888888888888888888888999999999998888888888888888888888888888888888888888888888888888888899988888888888888888888888888888888888888888888888898888888888888888888888888
8888999911111999888888888888888888888888888888888888888888888888888888888888888888888889999988888888888888888999111199999888888888888888888888888888888888888888888888888888888888988888888888888888888888888888888888888888888888888888888888888888888888888888
8888999999111998888888888888888888888888888888888888888888888888888888888888888888888888999999999998888888999911111199999888888888888888888888888888888888888888888888888888889999988888888888888888888888888888888888888888888888888888888888888888888888888888
8888888899911999888888888888888888888888888888888888888888888888888888888888888888888888899999999999999999111111111998888888888888888888888888888888888888888888888888888888899999988888888888888888888888888888888888888888888888888888888888888888888888888888
8888888888999999988888888888888888888888888888888888888888888888888888888888888888888888888999999999999991111111999998888888888888888888888888888888889888888888888888888888999999988888888888888888888888888888888888888888888888888888888888888888888888888888
8888888888999999998888888888888888888888888888888888888888888888888888888888888888888888888999111119991111111199999888888888888888888888888888888888899888888888888888888889999999888888888888888888888888888888888888888888888888888888888888888888888888888888
8888888888899999988888888888888888888888888888888888888888888888888888888888888888888888888899111111111111111999998888888888888888888888888888888888899988888888888888888999999998888888888888888888888888888888888888888888888888888888888888888888888888888888
8888888888889999988888888888888888888888888888888888888888888888888888888888888888888888888889911111111111199999888888888888888888888888888888888888889998888888888888999999999998888888888888888888888888888888888888888888888888888888888888888888888888888888
8888888888888999998888888888888888888888888888888888888888888888888888888888888888888888888889999111111111999988888888888888888888888888888888888888888999888888888888999999999999888888888888888888888888888888888888888888888888888888888898888888888888888888
8888888888888899999888888888888888888888888888888888888888888888888888888888888888888888888889999111111111999988888888888888888888888888888888888888888889888899999999999999999999888888888888888888888888888888888888888888888888888888888899888888888888888889
8888888888888899999988888888888888888888888888888888888888888888888888888888888888888888888899999111111111999888888888888888888888888888888888888888888888888899999999999119999999888888888888888888888888888888888888888888888888888888888999988888888888888899
8888888888888899999988888888888888888888888888888888888888888888888888888888888888888888888899999111111119998888888888888888888888888888888888888888888888888889991111111111999999988888888888888888888888888888888888888888888888888888889988888888888888889111
8888888888888899999988888888888888888888888888888888888888888888888888888888888888888888888899911111111199998888888888888888888888888888888888888888888888888889991111111111199999999888888888888888888888888888888888888888888888888888888888888888888888889111
8888888888888899999988888888888888888888888888888888888888888888888888888888888888888888888899111111111999998888888888888888888888888888888888888888888888888888899911111111111999999998888888888888888888888888888888888888888888888888888888888888888888888111
8888888888888899991988888888888888888888888888888888888888888888888888888888888888888888888999911111111999998888888888888888888888888888888888888888888888888888889999111111111119999999988888888888888888888888888888888888888888888888888888888888888888888999
8888888888888899911119988888888888888888888888888888888888888888888888888888888888888888889999111111111999998888888888888888888888888888888888888888888888888888889999911111111111999999998888888888888888888888888888888888888888988888888888888888888888888889
8888888888888999911119998888888888888888888888888888888888888888888888888888888888888888999999111111111999999888888888888888888888888888888888888888888888888888888999991111111111111199999998888888888888888888888888888888888888998888888888888888888888888888
8888888888888999111119998888888888888888888888888888888888888888888888888888888888888888999991111111111199999888888888888888888888888888888888888888888888888888888889999111111111111199999999888888888888888888888888888888888888888888888888888888888888888888
8888888888899999111119999888888888888888888888888888888888888888888888888888888888888889999911111111111199999988888888888888888888888888888888888888888888888888888889999111111111199999999999999888888888888888888888888888888888888888888888888888888888888888
8888888888899991111111999888888888888888888888888888888888888888888888888888888888888889999111111111111999999998888888888888888888888888888888888888888888888888888889999111111111999999999999999988888888888888888888888888888888888888888888888888888888888888
8888888889999911111111199998888888888888888888888888888888888888888888888888888888888999991111111119999999999999988888888888888888888888888888888888888888888888888889999111111999999999999999999999988888888888899999988888888888888888888888888888888888888888
8888888899911111111111111999988888888888888888888888888888888888888888888888888888888991111111111199999999999999998888888888888888888888888888888888888888888888888889999111119999999999999999999999998888989889999999988888888888888888888888888888888888888888
8888889991111111111111111199988888888888888888888888888888888888888888888888888888899911111199999999999999999999999888888888888888888888888888888888888888888888888889991111999999999998888999999999999999999999999999988888888888888888888888888888888888888888
9999999991111111111111111119998888888888888888888888888888888888888888888888888899999111111999999999888888888899999998888888888888888888888888888888888888888888888899911199999999888888888888999999999199999111999999988888888888888888888888888888888888888888
8999999991111199999911111191119988888888888888888888888888888888888888888888899999119111119999999998888888888888899998888888888888888888888888888888888888888888888899991999999998888888888888888888899119911111999999988888888888888888888888888888888888888888
8899999999999999999999999991111998888888888888888888888888888888888888888899999991199911199999998888888888888888888888888888888888888888888888888888888888888888888899999999988888888888888888888888889991111111999999988888888888888888888888888888888888888888
8899999999998888888888999999111999998888888888888888888888888888888888888999119999999999999999888888888888888888888888888888888888888888888888888888888888888888888999999999888888888888888888888888889999111111999988888888888888888888888888888888888888888888
8889999999988888888888888999999999999988888888888888888888888888888888889991119999999999999888888888888888888888888888888888888888888888888888888888888888888888888999999999888888888888888888888888888999991111999998888888888888888888888888888888888888888888
8889999998888888888888888888999999991999998888888888888888888888888899999999999999999999998888888888888888888888888888888899888888888888888888888888888888888888889999999998888888888888888888888888888889999119999998888888888888888888888888888888888888888888
8889999988888888888888888888889999911119999988888888888888888888889999199999998888999999998888888888888888888888888888888889988888888888888888888888888888888888899999999888888888888888888888888888888888999999999998888888888888888888888888888888888888888888
8888999888888888888888888888888899999199999999999999999999998888999991999999988888888889998888888888888888888888888888888888888888888888888888888888888888888888999999998888888888888888888888888888888888999999999998888888888888888888888888888888888888888888
8888988888888888888888888888888888999999991111119999999999991111119999999999888888888888998888888888888888888888888888888888889888898888888888888888888888888899911999888888888888888888888888888888888888889999999998888888888888888888888888888888888888888888
8888888888888888888888888888888888889999911111111119999999911111111999988888888888888888888888888888888888888888888888888888888899998888888888888888888888889999919998888888888888888888888888888888888888888899999999988888888888888888888888888888888888888888
8888888888888888888888888888888888888899991111111111111111111111199999888888888888888888888888888888888888888888888888888888888888998888888888888888888888999999999988888888888888888888888888888888888888888889999999988888888888888888888888888888888888888888
8888888888888888888888888888888888888889999911111111111111111119999998888888888888888888888888888888888888888888888888888888888888999988888888888888888889999911999988888888888888888888888888888888888888888888899999999888888888888888888888888888888888888888
8888888888888888888888888888888888888888999991111111111111111199999988888888888888888888888888888888888888888888888888888888888888899998888888888888888899999911999888888888888888888888888888888888888888888888888999999988888888888888888888888888888888888888
8888888888888888888888888888888888888888889999911111111111199999988888888888888888888888888888888888888888888888888888888888888888889998888888988888889999991119999888888888888888888888888888888888888888888888888888999999888888888888888888888888888888888888
8888888888888888888888888888888888888888889999991111111111999999888888888888888888888888888888888888888888888888888888888888888888888888888888999889999991111199998888888888888888888888888888888888888888888888888888899999988888888888888888888888888888888888
8888888888888888888888888888888888888888888999999111111119999998888888888888888888888888888888888888888888888888888888888888888888888888888888899999999911111199998888888888888888888888888888888888888888888888888888888999988888888888888888888888888888888888
8888888888888888888888888888888888888888888899999911111119999988888888888888888888888888888888888888888888888888888888888888888888888888888888888889999991111199998888888888888888888888888888888888888888888888888888888999999998888888888888888888888888888888
8888888888888888888888888888888888888888888888999991111119999988888888888888888888888888888888888888888888888888888888888888888888888888888888888888899999111199998888888888888888888888888888888888888888888888888888888999999999888888888888888888888888888888
8888888888888888888888888888888888888888888888999999111119999988888888888888888888888888888888888888888888888888888888888888888888888888888888888888889999911199998888888888888888888888888888888888888888888888888888888888999999998888888888888888888888888888
8888888888888888888888888888888888888888888888889999911119999988888888888888888888888888888888888888888888888888888888888888888888888888888888888888888999991199988888888888888888888888888888888888888888888888888888888888889999999888888888888888888888888888
8888888888888888888888888888888888888888888888888999991119999988888888888888888888888888888888888888888888888888888888888888888888888888888888888888888889999999888888888888888888888888888888888888888888888888888888888888888899999988888888888888888888888888
8888888888888888888888888888888888888888888888888899991119999998888888888888888888888888888888888888888888888888888888888888888888888888888888888888888888999999888888888888888888888888888888888888888888888888888888888888888888999998888888888888888888888888
8888888888888888888888888888888888888888888888888888999199999998888888888888888888888888888888888888888888888888888888888888888888888888888888888888888888899999888888888888888888888888888888888888888888888888888888888888888888999999988888888888888888888888
8888888888888888888888888888888888888888888888888888999991199999888888888888888888888888888888888888888888888888888888888888888888888888888888888888888888888999888888888888888888888888888888888888888888888888888888888888888888899999998888888888888888888888
8888888888888888888888888888888888888888888888888888999991111999998888888888888888888888888888888888888888888888888888888888888888888888888888888888888888888999988888888888888888888888888888888888888888888888888888888888888888889999999998888888888888888888
8888888888888888888888888888888888888888888888888888999991111199999888888888888888888888888888888888888888888888888888888888888888888888888888888888888888888999999888888888888888888888888888888888888888888888888888888888888888888899999999988888888888888888
8888888888888888888888888888888888888888888888888888899991111119999888888888888888888888888888888888888888888888888888888888888888888888888888888888888888888999999888888888888888888888888888888888888888888888888888888888888888888889999999998888888888888888
8888888888888888888888888888888888888888888888888888899991111111999988888888888888888888888888888888888888888888888888888888888888888888888888888888888888888999999988888888888888888888888888888888888888888888888888888888888888888888899999999998888888888888
8888888888888888888888888888888888888888888888888888999991111111999998888888888888888888888888888888888888888888888888888888888888888888888888888888888888889999999999888888888888888888888888888888888888888888888888888888888888888888889999999999999998888888
8888888888888888888888888888888888888888888888888889999991111111199999988888888888888888888888888888888888888888888888888888888888888888888888888888888888889999999999888888888888888888888888888888888888888888888888888888888888888888888999999999999999998888
8888888888888888888888888888888888888888888888888899999911111111111999999988888888888888888888888888888888888888888888888888888888888888888888888888888888889999999998888888888888888888888888888888888888888888888888888888888888888888888899999991999999999888
8888888888888888888888888888888888888888888888888999999111111111111119999999888888888888888888888888888888888888888888888888888888888888888888888888888888899999999988888888888888888888888888888888888888888888888888888888888888888888888888999991199999999999
8888888888888888888888888888888888888888888888889999991111111111111111999999998888888888888888888888888888888888888888888888888888888888888888888888888888899999999888888888888888888888888888888888888888888888888888888888888888888888888888899999911119999999
8888888888888888888888888888888888888888888888999999911111111111111111999999999888888888888888888888888888888888888888888888888888888888888888888888888888899999998888888888888888888888888888888888888888888888888888888888888888888888888888889999911111199999
8888888888888888888888888888898888888888888889999991111111111111111111119999999988888888888888888888888888888888888888888888888888888888888888888888888888999999988888888888888888888888888888888888888888888888888888888888888888888888888888889999991111111119
8888888888888888888888888888999888888888888899991111111111111111111111111999999988888888888888888888888888888888888888888888888888888888888888888888888889999999988888888888888888888888888888888888888888888888888888888888888888888888888888888999999111111111
8888888888888888888888888888899998888888899999991111111111111111111111111199999998888888888888888888888888888888888888888888888888888888888888888888888899999998888888888888888888888888888888888888888888888888888888888888888888888888888888888999999911111111
8888888888888888888888888888999999999999991111911111111111199111111111111111999999888888888888888888888888888888888888888888888888888888888888888888888999999998888888888888888888888888888888888888888888888888888888888888888888888888888888888999999911111111
8888888888888888888888888899999999999999991111999111119999999911111111111111111999999888888888888888888888888888888888888888888888888888888888888888889999999998888888888888888888888888888888888888888888888888888888888888888888888888888888888999999911111111
8888888888888888888888889999999991199999999999999999999999999999111111111111111199999999988888888888888888888888888888888888888888888888888888888888899999999998888888888888888888888888888888888888888888888888888888888888888888888888888888889999991111111111
8888888888888888888888899911999991199999999999999999999999999999991111111199999999999999998888888888888888888888888888888888888888888888888888888888999999999998888888888888888888888888888888888888888888888888888888888888888888888888888888889999111111111111
8888888888888888888888111111199999999999999999999999999999999999991111999999999999999999999888888888888888888888888888888888888888888888888888888889999999999988888888888888888888888888888888888888888888888888888888888888888888888888888888899999111111111111
8888888888888888888988111111999999888888888888999999888999999999991119999999999999999999999999888888888888888888888888888888888888888888888888889999919999999888888888888888888888888888888888888888888888888888888888888888888888888888888889999991111111111111
8888888888888888899991199998888888888888888888888888888888889999999999999999999988888888889999988888888888888888888888888888888888888888888888889999111999999888888888888888888888888888888888888888888888888888888888888888888888888888888899911119111111111111
8888888888888889999999999998888888888888888888888888888888888999999999999999888888888888888999999988888888888888888888888888888888888888888889999991119999998888888888888888888888888888888888888888888888888888888888888888888888888888899999911119111111111111
8888888888888999999999888888888888888888888888888888888888888999999999999988888888888888888889999999988888888888888888888888888888888888888999999111119999988888888888888888888888888888888888888888888888888888888888888888888888888888999999911119999999999911
8888888888991199999988888888888888888888888888888888888888888899999999998888888888888888888888999999999998888888888888888888888888888888899999991111199999988888888888888888888888888888888888888888888888888888888888888888888888888899111999999999999999999991
8888888999911199888888888888888888888888888888888888888888888888999998888888888888888888888888889999999999888888888888888888888888888888999999111111199998888888888888888888888888888888888888888888888888888888888888888888888889999911111999999999999999999999
8888999999999998888888888888888888888888888888888888888888888888898888888888888888888888888888888889999999988888888888888888888888889999999991111119999988888888888888888888888888888888888888888888888888888888888888888888899999999911111199999999998888899999
8999999199998888888888888888888888888888888888888888888888888888888888888888888888888888888888888888899999999988888888888888888889999999999911111199988888888888888888888888888888888888888888888888888888888888888888888888899999991111111999999999988888888999
8999111199998888888888888888888888888888888888888888888888888888888888888888888888888888888888888888888999999999888888888888899999999999911111199999888888888888888888888888888888888888888888888888888888888888888888888889999999991111119999999999998888889999
9999111998888888888888888888888888888888888888888888888888888888888888888888888888888888888888888888888899999999999999999999999999999991111111999998888888888888888888888888888888888888888888888888888888888888888888889999999999999919999999998888888888888899
9999999888888888888888888888888888888888888888888888888888888888888888888888888888888888888888888888888888999999999999999999999999999111111119998888888888888888888888888888888888888888888888888888888888888888888888899999999999999999999999888888888888888889
1999998888888888888888888888888888888888888888888888888888888888888888888888888888888888888888888888888888888999999999999999999911111111111199998888888888888888888888888888888888888888888888888888888888888888899999999999999999999999999988888888888888888888
1999988888888888888888888888888888888888888888888888888888888888888888888888888888888888888888888888888888888899999111999999991111111111111999998888888888888888888888888888888888888888888888888888888888888888999999998988999999999999999988888888888888888888
9999888888888888888888888888888888888888888888888888888888888888888888888888888888888888888888888888888888888889999111999911111111111111199999988888888888888888888888888888888888899888888888888888888888888899999998888888888899999999999988888888888888888888
9998888888888888888888888888888888888888888888888888888888888888888888888888888888888888888888888888888888888888999911991111111111111111999998888888888888888888888888888888888888899999999888888888888888888999999988888888888888888999999988888888888888888888
9988888888888888888888888888888888888888888888888888888888888888888988888888888888888888888888888888888888888888899999999111111111111119999998888888888888888888888888888888888888889999999988888888888888989989999888888888888888888888899988888888888888888888
8888888888888888888888888888888888888888888888888888888888888888888899888888888888888888888888888888888888888888889999999111111111111119999998888888888888888888888888888888888888889999999999999999988989999888888888888888888888888888889988888888888888888888
8888888888888888888888888888888888888888888888888888888888888888888889998888888888888888888888888888888888888888888899999111111111111199999998888888888888888888888888888888888888888999999999999999999999998888888888888888888888888888888888888888888888888888
8888888888888888888888888888888888888888888888888888888888888888888888999888888888888888888888888888888888888888888889999911111111111999999998888888888888888888888888888888888888888899999999999999999999998888888888888888888888888888888888888888888888888888
8888888888888888888888888888888888888888888888888888888888888888888888889888888888888888888888888888888888888888888889999991111111111199999998888888888888888888888888888888888888888889999999999999999999988888888888888888888888888888888888888888888888888888
8888888888888888888888888888888888888888888888888888888888888888888888888888888888888888888888888888888888888888888889999999111111111111999998888888888888888888888888888888888888888889999999991119999999888888888888888888888888888888888888888888888888888888
8888888888888888888888888888888888888888888888888888888888888888888888888888888888888888888888888888888888888888888889999991111111111111199999888888888888888888888888888888888888888889999999111119999999888888888888888888888888888888888888888988888888888888
8888888888888888888888888888888888888888888888888888888888888888888888888888988888888888888888888888888888888888888899999991111199111111119999998888888888888888888888888888888888888999999991111199999888888888888888888888888888888888888888888998888888888888
8888888888888888888888888888888888888888888888888888888888888888888888888888888888888888888888888888888888888888888899999991111999991111111999998888888888888888888888888888888888889999999991119999998888888888888888888888888888888888888888888898888888888888
8888888888888888888888888888888888888888888888888888888888888888888888888888888888888888888888888888888888888888888999999999999999999991111199999888888888888888888888888888888888899999999999999999998888888888888888888888888888888888888888888998888888888888
8888888888888888888888888888888888888888888888888888888888888888888888888888888888888888888888888888888888888888889999119999999999999999911199999988888888888888888888888888888899999991119999999998888888888888888888888888888888888888888888888888889999888888
8888888888888888888888888888888888888888888888888888888888888888888888888888888888888888888888888888888888888888899999119999888888888899999999999999888888888888888888888888888999999991119999999988888888888888888888888888888888888888888888888888899999988888
8888888888888888888888888888888888888888888888888888888888888888888888888888888888888888888888888888888888888888999999999888888888888888889999999999988888888888888888888888889999999111199999999888888888888888888888888888888888888888888888888888899999988888
8888888888888888888888888888888888888888888888888888888888888888888888888888888888888888888888888888888888888899999998888888888888888888888999999999999988888888888888888888999999911119999998888888888888888888888888888888888888888888888888888888999999988888
8888888888888888888888888888888888888888888888888888888888888888888888888888888888888888888888888888888888899999999998888888888888888888888899999999999999888888888888888999999991111199999888888888888888888888888888888888888888888888888888888888999999998888
8888888888888888888888888888888888888888888888888888888888888888888888888888888888888888888888888888888888899999999988888888888888888888888888899999999999999999999999999999999111111999999888888888888888888888888888888888888888888888888888888888999999998888
8888888888888888888888888888888888888888888888888888888888888888888888888888888888888888999998888888888999999999999988888888888888888888888888889999999999999999999999999999911111199999998888888888888888888888888888888888888888888888888888888889991119998888
8888888888888888888888888888888888888888888888888888888888888888888888888888888888888888999998888888888911199999998888888888888888888888888888888899999999999999999999999911111111999999988888888888888888888888888888888888888888888888888888888889911111199888
8888888888888888888888888888888888888888888888888888888888888888888888888888888888888888999999999999881111199999988888888888888888888888888888888888999999999999999999911111111119999998888888888888888888888888888888888888888888888888888888888889911111119988
8888888888888888888888888888888888888888888888888888888888888888888888888888888888888888999999999999991111999999988888888888888888888888888888888888899999999999999111111111111199999988888888888888888888888888888888888888888888888888888888888999111111119999
8888888888888888888888888888888888888888888888888888888888888888888888888888888888888888999999999999999999999999988888888888888888888888888888888888888889999999111111111111111999998888888888888888888888888888888888888888888888888888888888889999999999999999
8888888888888888888888888888888888888888888888888888888888888888888888888888888888888888999999999999999999999999988888888888888888888888888888888888888888889999111111111111119999988888888888888888888888888888888888888888888888888888888888889999999988888888
8888888888888888888888888888888889988888888888888888888888888888888888888888888888888889999988888888888999999999988888888888888888888888888888888888888888888999911111111111199999988888888888888888888888888888888888888888888888888888888888889999888888888888
8888888888888888888888888888888888998888888888888888888888888888888888888888888888888899999988888888888999999999988888888888888888888888888888888888888888888899999111111111199999998888888888888888888888888888888888888888888888888888888888888998888888888888
8888888888888888888888888888888888888888888888888888888888888888888888888888888888888988888888888888888888888999999888888888888888888888888888888888888888888888999991111111199999998888888888888888888888888888888888888888888888888888888888888888888888888888
8888888888888888888888888888888888888888888888888888888888888888888888888888888888889888888888888888888888888888898888888888888888888888888888888888888888888888899999911111119999998888888888888888888888888888888888888888888888888888999888888888888888888888
8888888888888888888888888888888888888888888888888888888888888888888888888888888899998888888888888888888888888888888888888888888888888888888888888888888888888888889999991111111199999888888888888888888888888888888888888888888888888888998888888888888888888888
8888888888888888888888888888888888888888888888888888888888888888888888888888889998888888888888888888888888888888888889998888888888888888888888888888888888888888888999991111111119999988888888888888888888888888888888888888888888889999988888888888888888888888
8888888888888888888888888888888888888888888888888888888888888888888888888888888888888888888888888888888888888888888888898888888888888888888888888888888888888888888999999911111119999998888888888888888888888888888888888888888888899988888888888888888888888888
8888888888888888888888888888888888888888888888888888888888888888888888888888888888888888888888888888888888888888888888888888888888888888888888888888888888888888888899999991111111199999888888888888888888888888888888888888888888888888888888888888888888888888
8888888888888888888888888888888888888888888888888888888888888888888888888888888888888888888888888888888888888888888888888888888888888888888888888888888888888888888889999991111111119999988888888888888888888888888888888888888888888888888888888888888888888888
8888888888888888888888888888888888888888888888888888888888888888888888888888888888888888888888888888888888888888888888888888888888888888888888888888888888888888888889999991111111119999999888888888888888888888888888888888888888888888888888888888888888888888
9888888888888888888888888888888888888888888888888888888888888888888888888888888888888888888888888888888888888888888888888888888888888888888888888888888888888888888888999991111111111199999888888888888888888888888888888888888888888888888888888888888888888888
8998888888888888888888888888888888888888888888888888888888888888888888888888888888888888888888888888888888888888888888888888888888888888888888888888888888888888888889999911111119199999999999988888888888888888888899888888888888888888888888888888888888888888
8998888888888888888888888888888888888888999988888888888888888888888888888888888888888888888888888888888888888888888888888888988888888888888888888888888888888888888889999911111199999999999999998888888888888888888999888888888888888888888888888888888888888888
8899888888888888888888888888888888888889999999888888888888888888888888888888888888888888888888888888888888888888888888888888888888888888888888888888888888888888888889999911119999999999999999999999999998888889999998888888888888888888888888888888888888888888
8889998888888888888888888888888888888899999999999988888888888888888888888888888888888888888888888888888888888888888888888888888888888888888888888888888888888888888899999999999999999999999999999999999999998899988888888888888888888888888888888888888888888888
8888999988888888888888888888888888888999999999991198888888888888888888888888888888888888888888888888888888888888888888888888888888888888888888888888888888888888888899999999999988888888888888999911111111999888888888888888888888888888888888888888888888888888
8888999991888888888888888888888888999999999991111199988888888888888888888888888888888888888888888888888888888888888888888888888888888888888888888888888888888888888899999999998888888888888888899999111111119888888888888888888888888888888888888888888888888888
8888999991118888888888888888888889999999911111111999988888888888888888888888888888888888888888888888888888888888888888888888888888888888888888888888888888888888888999999998888888888888888888888999911111199888888888888888888888888888888888888888888888888888
8888991111111888888888888888888899991111111111119999988888888888888888888888888888888888888888888888888888888888888888888888888888888888888888888888888888888888889999999888888888888888888888888889991111999888888888888888888888888888888888888888888888888888
8888991111111111888888889999999999111111111111999998888888888888888888888888888888888888888888888888888888888888888888888888888888888888888888888888888888888888899999998888888888888888888888888888999999999888888888888888888888888888888888888888888888888888
8889991111111111111199999999999911111111111119999988888888888888888888888888888888888888888888888888888888888888888888888888888888888998888888888888888888888889999999988888888888888888888888888888889999999888888888888888888888888888888888888888888888888888
8899911111111111111119999999991111111111111999999888888888888888888888888888888888888888888888888888888888888888888888888888888888888999988888888888888888888899999998888888888888888888888888888888888899999888888888888888888888888888888888888888888888888888
8999911111111111111999999111111111111111119999998888888888888888888888888888888888888888888888888888888888888888888888888888888888888999999888888888888888899999999988888888888888888888888888888888888889999988888888888888888888888888888888888888888888888888
9911911111111111199999991111111111111111199999988888888888888888888888888888888888888888888888888888888888888888888888888888888888888899999988888888888888999999999988888888888888888888888888888888888889999999888888888888888888888888888888888888888888888888
9999999999999999999999911111111111111111199999888888888888888888888888888888888888888888888888888888888888888888888888888888888888888888899999988888889999991199999888888888888888888888888888888888888888999999888888888888888888888888888888888888888888888888
9999999999999999999999111111111111111111199998888888888888888888888888888888888888888888888888888888888888888888888888888888888888888888888899999999999999999999988888888888888888888888888888888888888888899999988888888888888888888888888888888888888888888888
9998888888888888888999911111111111111111119998888888888888888888888888888888888888888888888888888888888888888888888888888888888888888888888899999999999999999998888888888888888888888888888888888888888888888999998888888888888888888888888888888888888888888888
8888888888888888888899991111111111111111111999888888888888888888888888888888888888888888888888888888888888888888888888888888888888888888888899999999991119999998888888888888888888888888888888888888888888888899998888888888888888888888888888888888888888888888
8888888888888888888888889911111111111111111199888888888888888888888888888888888888888888888888888888888888888888888888888888888888888888888899999999911119999998888888888888888888888888888888888888888888888899999888888888888888888888888888888888888888888888
8888888888888888888888888999911111111111111111988888888888888888888888888888888888888888888888888888888888888888888888888888888888888888888899999999911199999998888888888888888888888888888888888888888888888889999998888888888888888888888888888888888888888888
8888888888888888888888888899999111111111111111118888888888888888888888888888888888888888888888888888888888888888888888888888888888888888888899999119999999999888888888888888888888888888888888888888888888888888889999888888888888888888888888888888888888888888
8888888888888888888888888889999991111111111111111988888888888888888888888888888888888888888888888888888888888888888888888888888888888888888999991119999999998888888888888888888888888888888888888888888888888888889999998888888888888888888888888888888888888888
8888888888888888888888888888899999911111111111111118888888888888888888888888888888888888888888888888888888888888888888888888888888888888888999911119999998888888888888888888888888888888888888888888888888888888888999999888888888888888888888888888888888888888
8888888888888888888888888888888999999111111111911111888888888888888888888888888888888888888888888888888888888888888888888888888888888888999999111199999888888888888888888888888888888888888888888888888888888888888889999998888888888888888888888888888888888888
8888888888888888888888888888888899999999111111119999999888888888888888888888888888888888888888888888888888888888888888888888888888888889999991111999999888888888888888888888888888888888888888888888888888888888888888899999998888888888888888888888888888888888
8888888888888888888888888888888889999999999991111119999999888888888888888888888888888888888888888888888888888888888888888888888888888899999911119999888888888888888888888888888888888888888888888888888888888888888888889999999888888888888888888888888888888888
8888888888888888888888888888888888999999999999999999999999999998888888888888888888888888888888888888888888888888888888888888888888888999999111199988888888888888888888888888888888888888888888888888888888888888888888888999999888888888888888888888888888888888
8888888888888888888888888888888888999999999888888888999999999999888888888888888888888888888888888888888888888888888888888888888888889999991119999888888888888888888888888888888888888888888888888888888888888888888888888889999998888888888888888888888888888888
8888888888888888888888888888888888999999888888888888888999999999998888888888888888888888888888888888888888888888888888888888888888899999991199998888888888888888888888888888888888888888888888888888888888888888888888888889999999888888888888888888888888888888
8888888888888888888888888888888889999999888888888888888889999999999888888888888888888888888888888888888888888888888888888888888889999999119999998888888888888888888888888888888888888888888888888888888888888888888888888888999999998888888888888888888888888888
8888888888888888888888888888888889999988888888888888888888888899999999888888888888888888888888888888888888888888888888888888889999999911119999998888888888888888888888888888888888888888888888888888888888888888888888888888889999999888888888888888888888888888
8888888888888888888888888888888899999988888888888888888888888889999999999988888888888888888888888888888888888888888888888888899999991111119999998888888888888888888888888888888888888888888888888888888888888888888888888888888999999999888888888888888888888888
8888888888888888888888888888888899999988888888888888888888888888889999999999988888888888888888888888888888888888888888888889999999111111119999998888888888888888888888888888888888888888888888888888888888888888888888888888888899999999988888888888888888888888
8888888888888888888888888888888899999988888888888888888888888888889999999999999888888888888888888888888888888888888888888999999911111111111999998888888888888888888888888888888888888888888888888888888888888888888888888888888899999999999988888888888888888888
8888888888888888888888888888888888899988888888888888888888888888888888899999999998888888888888888888888888888888899999999999999111111111111199999988888888888888888888888888888888888888888888888888888888888888888888888888888889991119999999998888888888888888
8888888888888888888888888888888888889998888888888888888888888888888888889999999999999999999999888899998888888889999999999999111111111111111119999999888888888888888888888888888888888888888888888888888888888888888888888888888889999111199999999888888888888888
8888888888888888888888888888888888888988888888888888888888888888888888888888889999999999999999999999999888899999999999999991111111111111111111999999988888888888888888888888888888888888888888888888888888888888888888888888888889999111111999999999999888888899
8888888888888888888888888888888888888988888888888888888888888888888888888888888889999999999999999999999999999999999999999111111111199999999111999999999888888888888888888888888888888888888888888888888888888888888888888888888889999111111111119999999999999999
8888888888888888888888888888888888888888888888888888888888888888888888888888888888999999919999999999999999999999991111111111111119999999999999999999999988888888888888888888888888888888888888888888888888888888888888888888888889999111111111111999999999999999
8888888888888888888888888888888888888888888888888888888888888888888888888888888888889999999999991199999999999999911111111111111999999999999999999999999988888888888888888888888888888888888888888888888888888888888888888888888889999111111111111199999999999911
8888888888888888888888888888888888888888888888888888888888888888888888888888888888888999999999911111999999999999111111111111119999999999999999999999999998888889988888888888888888888888888888888888888888888888888888888888888899991111111111111111111111111111
8888888888888888888888888888888888888888888888888888888888888888888888888888888888888889999999991111111111111111111111111111999999999999999999999999999999999999999888888888888888888888888888888888888888888888888888888888888999111111111111111111111111111111
8888888888888888888888888888888888888888888888888888888888888888888888888888888888888888899999991111111111111111111111111999999988888888888888888888888899999999999888888888888888888888888888888888888888888888888888888888999991111111199999999111111111111111
8888888888888888888888888888888888888888888888888888888888888888888888888888888888888888888999999111111111111111111111119999998888888888888888888888888889999999999888888888888888888888888888888888888888888888888888888889999911111119999999999991111111111111
8888888888888888888888888888888888888888888888888888888888888888888888888888888888888888888899999911111111111111111199999999988888888888888888888888888888899999999988888888888888888888888888888888888888888888888888888889999111119999999999999999911111111119
8888888888888888888888888888888888888888888888888888888888888888888888888888888888888888888889999911111111111111111999999988888888888888888888888888888888889999999988888888888888888888888888888888888889988888888888899999111111999998888888889999999111111119
8888888888888888888888888888888888888888888888888888888888888888888888888888888888888888888889999991111111111111999999999888888888888888888888888888888888888899999998888888888888888888888888888888888889998888888899999991111999999988888888888899999991111119
8888998888888888888888888888888888888888888888888888888888888888888888888888888888888888888889999991111111111119999999998888888888888888888888888888888888888888899999888888888888888888888888888888888888898999999999991111119999998888888888888888999999911119
9999888888888888888888888888888888888888888888888888888888888888888888888888888888888888888889999991111111111199999999888888888888888888888888888888888888888888889999998888888888888888888888888888888888889999999999911111199988888888888888888888889999991111
9999888888888888888888888888888888888888888888888888888888888888888888888888888888888888888889999911111111119999999988888888888888888888888888888888888888888888888999999888888888888888888888888888888888888999999911111199999888888888888888888888888999999111
9998888888888888888888888888888888888888888888888888888888888888888888888888888888888888888889991111111111199999999888888888888888888888888888888888888888888888888899999988888888888888888888888888888888888999991111119999998888888888888888888888888889999991
9998888888888888888888888888888888888888888888888888888888888888888888888888888888888888888999991111111999999999998888888888888888888888888888888888888888888888888888999999888888888888888888888888888888888999991111999998888888888888888888888888888888899999
9998888888888888888888888888888888888888888888888888888888888888888888888888888888888888899999911111119999999998888888888888888888888888888888888888888888888888888888899999988888888888888888888888888888888999991199998888888888888888888888888888888888888999
9998888888888888888888888888888888888888888888888888888888888888888888888888888888888889999991111111199999999888888888888888888888888888888888888888888888888888888888889999998888888888888888888888888888888999999999988888888888888888888888888888888888888999
9999888888888888888888888888888888888888888888888888888888888888888888888888888888888899999991111111199999999888888888888888888888888888888888888888888888888888888888888999999998888888888888888888888888888999999998888888888888888888888888888888888888888899
9899999888888888888888888888888888888888888888888888888888888888888888888888888888888999999911111111999999988888888888888888888888888888888888888888888888888888888888888889999998888888888888888888888888889999999988888888888888888888888888888888888888888888
8889999888888888888888888888888888888888888888888888888888888888888888888888888888899999999991111199999999888888888888888888888888888888888888888888888888888888888888888888899999998888888888888888888888899999998888888888888888888888888888888888888888888888
8888888888888888888888888888888888888888888888888888888888888888889998888888899999999999999991119999999999888888888888888888888888888888888888888888888888888888888888888888889999999988888888888888899999999999988888888888888888888888888888888888888888888888
8888888889999998888888888888888888888888888888888888888888888888889999999999999999999911119999999999999999888888888888888888888888888888888888888888888888888888888888888888888999999999888888888888899999999999888888888888888888888888888888888888888888888888
8888888889999999888888888888888888888888888888888888888888888888889999999999999999991111111999999999999999888888888888888888888888888888888888888888888888888888888888888888888899999999988888888888999999999998888888888888888888888888888888888888888888888888
8888888888999999999888888888888888888888888888888888888888888888899999999999999991111111111999999999999999998888888888888888888888888888888888888888888888888888888888888888888889999999999999999999991111999988888888888888888888888888888888888888888888888888
8888888888899999999888888888888888888888888888888888888888888888899999999999999911111111119999999988899999998888888888888888888888888888888888888888888888888888888888888888888888899999999999999999911119999888888888888888888888888888888888888888888888888888
8888888888889999999999988888888888888888888888888888888888888888999999999999911111111111199999999888889999999888888888888888888888888888888888888888888888888888888888888888888888889999999999999111111119998888888888888888888888888888888888888888888888888888
8888888888888899999999999888888888888888888888888888888888888899999999991111111111111119999999988888888888999988888888888888888888888888888888888888888888888888888888888888888888888999999999991111111999888888888888888888888888888888888888888888888888888888
8888888888888889999999999999888888888888888888888888888888888999999999111111111111111999988888888888888888899988888888888888888888888888888888888888888888888888888888888888888888888999999111111111119999888888888888888888888888888888888888888888888888888888
8888888888888888999999999999988888888888888888888888888888888999999999911111111111119999988888888888888888899999999888888888888888888888888888888888888888888888888888888888888888888999999111111111199999888888888888888888888888888888888888888888888888888888
8888888888888888899999911999999999888888888888888888888888888999999999911111111111999999888888888888888888888999999988888888888888888888888888888888888888888888888888888888888888888999991111111111999999888888888888888888888888888888888888888888888888888888
8888888888888888888999911119999999998888888888888888888888888899999999999111111119999998888888888888888888888889999999888888888888888888888888888888888888888888888888888888888888888889999111111111999999888888888888888888888888888888888888888888888888888888
8888888888888888888999991111111199999888888888888888888888888888899999999911111119999998888888888888888888888888999999888888888888888888888888888888888888888888888888888888888888888888999911111111999999888888888888888888888888888888888888888888888888888888
8888888888888888888899999111111199999888888888888888888888888888889999999991111119999988888888888888888888888888899999988888888888888888888888888888888888888888888888888888888888888888899991111111999999888888888888888888888888888888888888888888888888888888
8888888888888888888889999111111999999888888888888888888888888888888999999991111199998888888888888888888888888888888889988888888888888888888888888888888888888888888888888888888888888888889999111111199998888888888888888888888888888888888888888888888888888888
8888888888888888888889999111119999999888888888888888888888888888888899999991199999988888888888888888888888888888888888888888888888888888888888888888888888888888888888888888888888888888888999911111119999888888888888888888888888888888888888888888888888888888
8888888888888888888889999111999999998888888888888888888888888888888888999991199998888888888888888888888888888888888888888888888888888888888888888888888888888888888888888888888888888888888899911111111999988888888888888888888888888888888888888888888888888888
8888888888888888888889999919999998888888888888888888888888888888888888899999999888888888888888888888888888888888888888888888888888888888888888888888888888888888888888888888888888888888888899991111111199998888888888888888888888888888888888888888888888888889
8888888888888888888899999999999888888888888888888888888888888888888888889999998888888888888888888888888888888888888888888888888888888888888888888888888888888888888888888888888888888888888899999111111199999888888888888888888888888888888888888888888888888889
8888888888888888888899999999988888888888888888888888888888888888888888899999998888888888888888888888888888888888888888888899888888888888888888888888888888888888888888888888888888888888888999999111111119999988888888888888888888888888888888888888888888888891
8888888888888888888991999999888888888888888888888888888888888888888888899999988888888888888888888888888888888888888888888899888888888888888888888888888888888888888888888888888888888888888999999111111111999998888888888888888888888888888888888888888888889991
8888888888888888889911999998888888888888888888888888888888888888888888999999988888888888888888888888888888888888888888888888888888888888888888888888888888888888888888888888888888888888889999991111111111199999888888888888888888888888888888888888888888899999
8888888888888888999119999998888888888888888888888888888888888888888899999999888888888888888888888888888888888888888888888888888998888888888888888888888888888888888888888888888888888888899999911111111111111999988888888888888888888888888888888888888888999998
8888888888888889991199999998888888888888888888888888888888888888889999999998888888888888888888888888888888888888888888888888888999888888888888888888888888888888888888888888888888888889999999111111111111111111119888888888888888888888888888888888888888999888
8888888888888899911199999998888888888888888888888888888888888888889999999998888888888888888888888888888888888888888888888888888999988888888888888888888888888888888888888888888888888899999991111111111111111111111999998888888888888888888888888999999999999888
9888888888899999911199999888888888888888888888888888888888888888999999999888888888888888888888888888888888888888888888888888888889999988888888888888888888888888888888888888888888889999999911111111111111111111111199999888888888888888888889999999991998888888
9999988888999999911199998888888888888888888888888888888888888999999999999888888888888888888888888888888888888888888888888888888888999999888888888888888888888888888888888888888888889999991111111111111111111111111199999988888888888888899999999999999988888888
9999999999999999999999998888888888888888888888888888888888889999999999999888888888888888888888888888888888888888888888888888888888899999988888888888888888888888888888888888888888999999911111111111199999999989999999999888888888899999999911111119999988888888
9999999999999911999999998888888888888888888888889999998888899999991999999888888888888888888888888888888888888888888888888888888888899999998888888888888888888888888888888888888889999999111111199999999999998888888888888888888888889999991111111119998888888888
8999999999991111999999988888888888888888888888889999998888999999911199999888888888888888888888888888888888888888888888888888888888899999999998888888888888888888888888888889988999991191111111999999999999888888888888888888888888888911111111111199998888888888
8899999999111111999999988888888888888888888888888888888888999999911119999888888888888888888888888888888888888888888888888888888888889999999999888888888888888888888888889999999999911119911119999999988888888888888888888888888888888811111111119999888888888888
8899999991111119999999988888888888888888888888888888888888899999911119999888888888888888888888888888888888888888888888888888888888888899999999998888888888888888888888999999999111111999999999999998888888888888888888888888888888888888811111119999888888888888
8899999911111999999998888888888888888888888888888888888888899999999119999988888888888888888888888888888888888888888888888888888888888888999999999998888888888888888889999999999111119999999999888888888888888888888888888888888888888888881111119999888888888888
8899999911119999999988888888888888888888888888888888888888888988899999999999888888888888888888888888888888888888888888888888888888888888899999999999999999999998888999999999999911199999999888888888888888888888888888888888888888888888888811119999888888888888
8899999911999999999998888888888888888888888888888888888888888888888899999999988888888888888888888888888888888888888888888888888888888888889999999999999999999999999999111119999999999988888888888888888888888888888888888888888888888888888888111999888888888888
8999991119999999899888888888888888888888888888888888888888888888888899999999999888888888888888888888888888888888888888888888888888888888888899999999999999999999999991111119999999998888888888888888888888888888888888888888888888888888888888811199988888888888
9999911199999999888888888888888888888888888888888888888888888888888889999999999988888888888888888888888888888888888888888888888888888888888889999919999999999999999911111199999988888888888888888888888888888888888888888888888888888888888888881119998888888888
9999111199999998888888888888888888888888888888888888888888888888888888888999999998888888888888888888888888888888888888888888888888888888888888999911111119999111111111111999998888888888888888888888888888888888888888888888888888888888888888888819999888888888
9911119999999988888888888888888888888888888888888888888888888888888888888899999999998888888888888888888888888888888888888888888888888888888888899911111111991111111111199999998888888888888888888888888888888888888888888888888888888888888888888889999988888888
9111199999999888888888888888888888888888888888888888888888888888888888888899999999999888888888888888888888888888888888888888888888888888888888899991111111111111111111999999888888888888888888888888888888888888888888888888888888888888888888888888119999888888
1999999999888888888888888888888888888888888888888888888888888888888888888889999999999888888888888888888888888888888888888888888888888888888888899999111111111111111199999998888888888888888888888888888888888888888888888888888888888888888888888888811999888888
9999999888888888888888888888888888888888888888888888888888888888888888888888889999999999888888888888888888888888888888888888888888888888888888899999111111111111111999998888888888888888888888888888888888888888888888888888888888888888888888888888881199988888
9999888888888888888888888888888888888888888888888888888888888888888888888888888999999999988888888888888888888888888888888888888888888888888888899999111111111111199999988888888888888888888888888888888888888888888888888888888888888888888888888888881119998888
9998888888888888888888888888888888888888888888888888888888888888888888888888888899999999999988888888888888888888888888888888888888888888888888899999111111111111199999988888888888888888888888888888888888888888888888888888888888888888888888888888881111999988
9988888888888888888888888888888888888888888888888888888888888888888888888888888899999991999998888888888888888888888888888888888888888888888888999991111111111111199999988888888888888888888888888888888888888888888888888888888888888888888888888888889111999988
8888888888888888888888888888888888888888888888888888888888888888888888888888888899999911111999888888888888888888888888888888888888888888888889999911111111111111199999988888888888888888888888888888888888888888888888888888888888888888888888888888889111999988
8888888888888888888888888888888888888888888888888888888888888888888888888888888899999911111119998888888888888888888888888888888888888888888899999111111111111111119999988888888888888888888888888888888888888888888888888888888888888888888888888888889911119998
8888888888888888888888888888888888888888888888888888888888888888888888888888888899999911111111999988888888888888888888888888888888888888889999991111111111111111111999988888888888888888888888888888888888888888888888888888888888888888888888888888889991119999
8888888888888888888888888888888888888888888888888888888888888888888888888888888899999991111119999999999988888888888888888888888888888888999999111111111111119111111199988888888888888888888888888888888888888888888888888888888888888888888888888888889991119999
8888888888888888888888888888888888888888888888888888888888888888888888888888888899999999999999999899999999999988888888888888888888888999999111111111111111999991111119988888888888888888888888888888888888888888888888888888888888888888888888888888999911119999
8888888888888888888888888888888888888888888888888888888888888888888888888888888889999999999999998888899999999998888888888888888888899999911111111111199999999999911111999988888888888888888888888888888888888888888888888888888888888888888888888889999911111999
8888888888888888888888888888888888888888888888888888888888888888888888888888888888999999999988888888888888888888889999999999889999999911111111111999999999999999991111199988888888888888888888888888888888888888888888888888888888888888888888888899999111111199
8888888888888888888888888888888888888888888888888888888888888888888888888888888888888888888888888888888888888888889911999999999999991111111111199999999988888888899911119988888888888888888888888888888888888888888888888888888888888888888888888999991111111119
8888888888888888888888888888888888888888888888888888888888888888888888888888888888888888888888888888888888888888889911999999999999111111111199999889998888888888899999111988888888888888888888888888888888888888888888888888888888888888888888899999911111111119
8888888888888888888888888888888888888888888888888888888888888888888888888888888888888888888888888888888888888888888999999999991111111111111999998888888888888888888888999988888888888888888888888888888888888888888888888888888888888888888888999999111111111111
8888888888888888888888888888888888888888888888888888888888888888888888888888888888888888888888888888888888888888888889999999911111111111119999888888888888888888888888889988888888888888888888888888888888888888888888888888888888888888888888999911111111111111
8888888888888888888888888888888888888888888888888888888888888888888888888888888888888888888888888888888888888888888888899999911111111111999988888888888888888888888888888888888888888888888888888888888888888888888888888888888888888888888899999911111111111111
8888888888888888888888888888888888888888888888888888888888888888888888888888888888888888888888888888888888888888888888889999991111111199999988888888888888888888888888888888888888888888888888888888888888888888888888888888888888888888888999999911111111111111
8888888888888888888888888888888888888888888888888888888888888889899988888888888888888888888888888888888888888888888888888999999911111199999888888888888888888888888888888888888898888888888888888888888888888888888888888888888888888888999999999999999999991111
8888888888888888888888888888888888888888888888888888888888888899999888888888888888888888888888888888888888888888888888888899999911111999998888888888888888888888888888888888888999988888888888888888888888888888888888888888888888888888888888888888888888999911
8888888888888888888888888888888888888888888888888888888888899999998888888888888888888888888888888888888888888888888888888889999991119998888888888888888888888888888888888888888991118888888888888888888888888888888888888888888888888888888888888888888888888899
9888888888888888888888888888888888888888888888888888888888999999988888888888888888888888888888888888888888888888888888888888999999999998888888888888888888888888888888888888888891111988888888888888888888888888888888888888888888888888888888888888888888888889
9998888888888888888888888888888888888888888888888888888889999999888888888888888888888888888888888888888888888888888888888888899999998888888888888888888888888888888888888888888891111119998888888888888888888888888888888888888888888888888888888888888888888888
9999988888888888888888888888888888888888888888888888889999999998888888888888888888888888888888888888888888888888888888888888899999998888888888888888888888888888888888888888888899111111999888888888888888888888888888888888888888888888888888888888888888888888
9999988888888888888888888888888888888888888888888889999999999988888888888888888888888888888888888888888888888888888888888888899999998888888888888888888888888888888888888888888899111111199888888888888888888888888888888888888888888888888888888888888888888888
