6666688888888888888888888888888888888888888888888886666666666888888888888888888888888888888888888888888888888888888888888888888666668888888888888888888888888888888888888888888866677777766668888888888888888888866888888888888888888888888888888888888888888888
7666668888888888888888888888888888888888888888886666666666668888888888888888888888888888888888888888888888888888888888888888888666668888888888888888888888888888888888888888888866677776666688888888888888888866666688888888888888888888888888888888888888888888
7766666888888888888888888888888888888888888886666666667766688888888888888888888888888888888888888888888888888888888888888888866666668888888888888888888888888888888888888888888866677666668888888888888888866666666668888888888888888888888888888888888888888888
7766666666888888888888888888888888888888888666666666667766688888888888888888888888888888888888888888888888888888888888888888866666666888888888888888888888888888888888888888888666666666888888888888888888886666666688888888888888888888888888888888888888888888
6666666666688888888888888888888888888886666666666677777666888888888888888888888888888888888888888888888888888888888888888888666666666688888888888888888888888888888888888888888666668888888888888888888888888666666888888888888888888888888888888888888888888888
6667777766666888888888888888888888666666666666667777776668888888888888888888888888888888888888888888888888888888888888888886666666666668888888888888888888888888888888888888888668888888888888888888888888888666666888888888888888888888888888888888888888888888
6666777777666666688888888888888866666666666666777777766688888888888888888888888888888888888888888888888888888888888888888666666666666668888888888888888888888888888888888888888688888888888888888888888888888886666888888888888888888888888888888888888888888888
8666677777776666666688888888888666666666666667777777666688888888888888888888888888888888888888888888888888888888888888886666666666688888888888888888888888888888888888888888668888888888888888888888888888888886666888888888888888888888888888888888888888888888
8866667777777766666668888888888666666666666777777776666688888888888888888888888888888888888888888888888888888888888886666666666888888888888888888888888888888888888888888886688888888888888888888888888888888886666888888888888888888888888888888888888888888888
8866667777777777766666666666666666666666677777777766666688888888888888888888888888888888888888888888888888888888888866666666888888888888888888888888888888888888888888888866688888888888888888888888888888888888668888888888888888888888888888888888888888888888
8866667777777777666666666666666677777777777777777766666668888888888888888888888888888888888888888888888888888888888866666668888888888888888888888888888888888888888888888668888888888888888888888888888888888888888888888888888888888888888888888888888888888888
8866677777777666666666666666666677777777777777777776666666888888888888888888888888888888888888888888888888888888886666666688888888888888888888888888888888888888888888866668888888888888888888888888888888888888888888888888888888888888888888888888888888888888
8866677777766666888888888888666666777777777777777777666666688888888888888888888888888888888888888888888888888888866666666888888888888888888888888888888888888888888886666668888888888888888888888888888888888888888888888888888888888888888888888888888888888888
8666777776666668888888888888888666667777777777777777766666666888888888888888888888888888888888888888888888888888666666688888888888888888888888888888888888888888867777766688888888888888888888888888888888888888888888888888888888888888888888888888888888888888
8666777766666888888888888888888886666667777777777777777666666668888888888888888888888888888888888888888888888866666666888888888888888888888888888888888888888888677777766688888888888888888888888888888888888888888886888888888888888888888888888888888888888888
6666777666668888888888888888888886666666777777777777777777766668888888888888888888888888888888888888888888886666666688888888888888888888888888888888888888888888877777766688888888888888888888888888888888888888888886668888888888888888888888888888888888888888
6666666668888888888888888888888888866666667777777777777777776666888888888888888888888888888888888888888888866666666888888888888888888888888888888888888888888888887777766688888888888888888888888888888888888888888888688888888888888888888888888888888888888888
7666666668888888888888888888888888886666666777777777777777776666688888888888888888888888888888888888888888666666668888888888888888888888888888888888888888888888888777766668888888888888888888888888888888888888888888668888888888888888888888888888888888888888
7666668888888888888888888888888888888666666777777776666667766666666888888888888888888888888888888888888666666666688888888888888888888888888888888888888888888888888667666668888888888888888888888888888888888888888888888888888888888888888888888888888888888888
6666688888888888888888888888888888888666666777776666666666666666666666688888888888888888888888888888888666666666688888888888888888888888888888888888888888888888888866666668888888888888888888888888888888888888888888888888888888888888888888888888888888888888
6668888888888888888888888888888888888666667777766666666666666666666666666888888888888888888888888888866666666666888888888888888888888888888888888888888888888888888866666668888888888888888888888888888888888888888888888888888888888888888888888888888888888888
6888888888888888888888888888888888888666677777666666666666688888888886666666668888888888888888888886666777666668888888888888888888888888888888888888888888888888888866666666888888888888888888888888888888888888888888888888888888888888888888888888888888888888
8888888888888888888888888888888888888666777776666666688888888888888888886666668888888888888888888866667777666688888888888888888888888888888888888888888888888888888886666777688888888888888888888888888888888888888888888888888888888888888888888888888888888888
8888888888888888888888888888888888888666777766666668888888888888888888888888888888888888888888886666677776666888888888888888888888888888888888888888888888888888888866666777766888888888888888888888888888888888888888888888888888888888888888888888888888888888
8888888888888888888888888888888888888666666666688888888888888888888888888888888888888888888886666667777766668888888888888888888888888888888888888888888888888888888866666777776688888888888888888888888888888888888888888888888888888888888888888888888888888886
8888888888888888888888888888888888886666666668888888888888888888888888888888888888886666666666666677777666668888888888888888888888888888888888888888888888888888888866666666776666888888888888888888888866668888888888888888888888888888888888888888888888888886
8888888888888888888888888888888888886666666688888888888888888888888888888888888888886666676666677777777666668888888888888888888888888888888888888888888888888888888866666668666666666888888888888888886666668888888888888888888888888888888888888888888888888888
8888888888888888888888888888888888866666688888888888888888888888888888888888888888886666677766777777776666666888888888888888888888888888888888888888888888888888888886668888888888666688888888888886666666688888888888888888888888888888888888888888888888888888
8888888888888888888888888888888888666668888888888888888888888888888888888888888888888666667777777777777666666888888888888888888888888888888888888888888888888888888866888888888888886668888888688866666666888888888888888888888888888888888888888888888888888888
8888888888888888888888888888888886666688888888888888888888888888888888888888888888888888666777777777777666666688888888888888888888888888888888888888888888888888888666888888888888888666666666666666666668888888888888888888888888888888888888888888888888888888
8888888888888888888888888888888866666688888888888888888888888888888888888888888888888888666677777777777766666688888888888888888888888888888888888888888888888888866668888888888888888866666666677776666688888888888888888888888888888888888888888888888888888888
8888888888888888888888888888888866668888888888888888888888888888888888888888888888888888866667777777777776666666888888888888888888888888888888888888888888888888688888888888888888888888866777777776666888888888888888888888888888888888888888888888888888888888
8888888888888888888888888888888866688888888888888888888888888888888888888888888888888888886666667777777777776666688888888888888888888888888888888888888888888888888888888888888888888888888777777776668888888888888888888888888888888888888888888888888888888888
8888888888888888888888888888888866688888888888888888888888888888888888888888888888888888888666666777777777777766666688888888888888888888888888888888888888888888888888888888888888888888888877777766688888888888888888888888888888888888888888888888888888888888
8888888888888888888888888888888866888888888888888888888888888888888888888888888888888888888866666677777777777776666668888888888888888888888888888888888888888888888888888888888888888888888887777666688888888888888888888888888888888888888888888888888888888888
8888888888888888888888888888886688888888888888888888888888888888888888888888888888888888888866666677777777777777777766888888888888888888888888888888888888888888888888888888888888888888888888777666688888888888888888888888888888888888888888888888888888888888
8888888888888888888888888888866688888888888888888888888888888888888888888888888888888888888886666677777777777777777766688888888888888888888888888888888888888888888888888888888888888888888888886666688888888888888888888888888888888888888888888888888888888888
8888888888888888888888888888866688888888888888888888888888888888888888888888888888888888888886666777777777766666666666666888888888888888888888888888888888888888888888888888888888888888888888888666688888888888888888888888888888888888888888888888888888888888
8888888888888888888888888888666688888888888888888888888888888888888888888888888888888888888886666777777666666666666666666666888888888888888888888888888888888888888888888888888888888888888888888866668888888888888888888888888888888888888888888888888888888888
8888888888888888888888888886666888888888888888888888888888888888888888888888888888888888888866667777766666666668888888888666888888888888888888888888888888888888888888888888888888888888888888888888668888888888888888888888888888888888888888888888888888888888
8888888888888888888888888866666888888888888888888888888888888888888888888888888888888888888666677777666666666888888888888888888668888888888888888888888888888888888888888888888888888888888888888888866888888888888888888888888888888888888888888888888888888888
8888888888888888888888886666666888888888888888888888888888888888888888888888888888888888886666677766666666688888888888888888888866666688888888888888888888888888888888888888888888888888888888888888866688888888888888888888888888888888888888888888888888888888
8888888888888888888888886666668888888888888888888888888888888888888888888888888888888888866666776666666888888888888888888888888888886666666688888888888888888888888888888888888888888888888888888888886668888888888888888888888888888888888888888888888888888888
8888888888888888888888866666668888888888888888888888888888888888888888888888888888888888666666666666668888888888888888888888888888888666666666888888888888888888888888888888888888888888888888888888888866888888888888888888888888888888888888888888888888888888
8888888888888888888888866666888888888888888888888888888888888888888888888888888888888888666666666668888888888888888888888888888888888867766666888888888888888888888888888888888888888888888888888888888866888888888888888888888888888888888888888888888888888888
8888888888888888888888866668888888888888888888888888888888888888888888888888888888888866666666666688888888888888888888888888888888888888776666888888888888888888888888888888888888888888888888888888888886688888888888888888888888888888888888888888888888888888
8888888888888888888888666688888888888888888888888888888888888888888888888888888888886666667666666888888888888888888888888888888888888888888666688888888888888888888888888888888888888888888888888888888888668888888888888888888888888888888888888888888888888888
8888888888888888888666666888888888888888888888888888888888888888888888888888888888666666666666666888888888888888888888888888888888888888888866688888888888888888888888888888888888888888888888888888888888666668888888888888888888888888888888888888888888888866
8888888888888888666666668888888888888888888888888888888888888888888888888888888886666667666666668888888888888888888888888888888888888888888888768888888888888888888888888888888888888888888888888888888888666666688888888888888888888888888888888888888888888666
8888888888888866666666668888888888888888888888888888888888888888888888888888888866666666666668888888888888888888888888888888888888888888888888776688888888888888888888888888888888888888888888888888888888666666668888888888888888888888888888888888888888886666
8888888888886666666666668888888888888888888888888888888888888888888888888888886666666666666888888888888888888888888888888888888888888888888888886668888888888888888888888888888888888888888888888888888888666777766666888888888888888888888888888888888666666777
8888888886666666777766666888888888888888888888888888888888888888888888888888666666666666688888888888888888888888888888888888888888888888888888888666888888888888888888888888888888888888888888888888888888866777776666666688888888888888888888888886666666677777
8888888888666667777766666888888888888888888888888888888888888888888888888866666666666666888888888888888888888888888888888888888888888888888888888867666888888888888888888888888888888888888888888888888888666777777776666666666888888888888888888866666677777777
8888888888866666777666666888888888888888888888888888888888888888888888888866666666666666888888888888888888888888888888888888888888888888888888888867766668888888888888888888888888888888888888888888888888666667777777776666666668888888888886666666667777777777
8888888888886666666666666888888888888888888888888888888888888888888888886666666666888888888888888888888888888888888888888888888888888888888888888886776677788888888888888888888888888888888888888888888886666667777777777777666666666666666666666666666777777766
8888888888888886666666666688888888888888888888888888888888888888888888866667766668888888888888888888888888888888888888888888888888888888888888888888877767777788888888888888888888888888888888888888888866666677777777777777776666666688666666666666666666677666
8888888888888888666666666668888888888888888888888888888888888888888866666666666688888888888888888888888888888888888888888888888888888888888888888888887777777778888888888888888888888888888888888888886666666777777777777777776666666888888888888888866666666666
8888888888888888866666666666888888888888888888888888888888888888888666666666666888888888888888888888888888888888888888888888888888888888888888888888886777777777766888888888888888888888888888888888866666667777777777777777776666688888888888888888886666666666
8888888888888888886666666666688888888888888888888888888888888888866677776666668888888888888888888888888888888888888888888888888888888888888888888888886677777777777888888888888888888888888888888888867777777777777777777777666666888888888888888888888866666666
8888888888888888888666666666666888888888888888888888888888888666666677776666668888888888888888888888888888888888888888888888888888888888888888888888886667777777777788888888888888888888888888888666667777777777777777776666666888888888888888888888888886666666
8888888888888888888866666666666688888888888888888888888888886666666677666688888888888888888888888888888888888888888888888888888888888888888888888888886667777777777788888888888888888888888888886666677777777777777777766666688888888888888888888888888888888666
8888888888888888888888666666666666668888888888888888888888866666666666668888888888888888888888888888888888888888888888888888888888888888888888888888886667777777777668888888888888888888888888866667777777777777777776666666888888888888888888888888888888888886
8888888888888888888888866666666666666888888888888888888866666667776666688888888888888888888888888888888888888888888888888888888888888888888888888888886667777777777666888888888888888888888888866666777777777777777666666668888888888888888888888888888888888888
8888888888888888888888866666666666666668888888888888666666666777766666888888888888888888888888888888888888888888888888888888888888888888888888888888886667777777766668888888888888888888888888886666667777777777777766666888888888888888888888888888888888888888
8888888888888888888888866666666666666666688888888886666666677777666688888888888888888888888888888888888888888888888888888888888888888888888888888888866677777777666688888888888888888888888888888888666677777777777766666888888888888888888888888888888888888888
8888888888888888888888888666666666666666666666666666666667777776666888888888888888888888888888888888888888888888888888888888888888888888888888888888666777777666668888888888888888888888888888888888886666677777777776688888888888888888888888888888888888888888
8888888888888888888888888886666666777776666666666666667777777766668888888888888888888888888888888888888888888888888888888888888888888888888888888886677777766666688888888888888888888888888888888888888866667777777777668888888888888888888888888888888888888888
8888888888888888888888888888666666677777777776666667777777776666668888888888888888888888888888888888888888888888888888888888888888888888888888888866777766666688888888888888888888888888888888888888888888666677777777668888888888888888888888888888888888888888
8888888888888888888888888888666666667777777777777777777777766666688888888888888888888888888888888888888888888888888888888888888888888888888888888667777766668888888888888888888888888888888888888888888888866667777777768888888888888888888888888888888888888888
8888888888888888888888888888866666666677777777777777777777666666888888888888888888888888888888888888888888888888888888888888888888888888888888866667777666888888888888888888888888888888888888888888888888888866677766768888888888888888888888888888888888888888
8888888888888888888888888888888666666677777777777777777776666666888888888888888888888888888888888888888888888888888888888888888888888888888886666777776668888888888888888888888888888888888888888888888888888886667776668888888888888888888888888888888888888888
8888888888888888888888888888888666666667777777777777777776666666888888888888888888888888888888888888888888888888888888888888888888888888888866667777766668888888888888888888888888888888888888888888888888888886666776666888888888888888888888888888888888888888
8888888888888888888888888888888666666666777777777777777766666666888888888888888888888888888888888888888888888888888888888888888888888888888666677776666888888888888888888888888888888888888888888888888888888888666666666688888888888888888888888888888888888888
8888888888888888888888888888888866666666677777777777777766666666888888888888888888888888888888888888888888888888888888888888888888888888886666777776668888888888888888888888888888888888888888888888888888888888666666666668888888888888888888888888888888888888
8888888888888888888888888888888866666666667777777777777776666666888888888888888888888888888888888888888888888888888888888888888888888888666667777766668888888888888888888888888888888888888888888888888888888888666666666666888888888888888888888888888888888888
8888888888888888888888888888888866666666666667777777777777766666688888888888888888888888888888888888888888888888888888888888888888888886666777777766668888888888888888888888888888888888888888888888888888888888886666666666688888888888888888888888888888888888
8888888888888888888888888888888888888866666666777777777777776666668888888888888888888888888888888888888888888888888888888888888888888666667777777766666888888888888888888888888888888888888888888888888888888888888888888666668888888888888888888888888888888888
8888888888888888888888888888888888888886666666677777777777777666666888888888888888888888888888888888888888888888888888888888888888888666677777777766666888888888888888888888888888888888888888888888888888888888888888888666666688888888888888888888888888888888
8888888888888888888888888888888888888888666666667777777777777766666668888888888888888888888888888888888888888888888888888888888888886667777777777776666888888888888888888888888888888888888888888888888888888888888888888888666688888888888888888888888888888888
8888888888888888888888888888888888888888888666666677777777777777666666688888888888888888888888888888888888888888888888888888888888867777777777777777788888888888888888888888888888888888888888888888888888888888888888888888866666688888888888888888888888888888
8888888888888888888888888888888888888888888886666666677777777777776666666888888888888888888888888888888888888888888888888888888886777777777777777777776888888888888888888888888888888888888888888888888888888888888888888888888866688888888888888888888888888888
8888888888888888888888888888888888888888888888666666667777777777777766666666888888888888888888888888888888888888888888888888888666777777777777777777777688888888888888888888888888888888888888888888888888888888888888888888888886666888888888888888888888888888
8888888888888888888888888888888888888888888888866666667777777777777766666666688888888888888888888888888888888888888888888888886666777777766667777777777768888888888888888888888888888888888888888888888888888888888888888888888888666688888888888888888888888888
8888888888888888888888888888888888888888888888866666777777666666666677776666666688888888888888888888888888888888888888888888866677777777666666677777777766688888888888888888888888888888888888888888888888888888888888888888888888886666888888888888888888888888
8888888888888888888888888888888888888888888888866667777766666666666667777766666668888888888888888888888888888888888888888868666777766666666666666677777666668888888888888888888888888888888888888888888888888888888888888888888888886666688888888888888888888888
8888888888888888888888888888888888888888888888866777766666666666666666667777766666888888888888888888888888888888888888886666666666666666666666666666777666666888888888888888888888888888888888888888888888888888888888888888888888888666668888888888888888888888
8888888888888888888888888888888888888888888886666676666666666666666666666777777666666666888888888888888888888888888888866666666666688888888888886666666666666666688888888888888888888888888888888888888888888888888888888888888888888666666688888888888888888888
8888888888888888888888888888888888888888888866666666666888888888888866666666677777776666666688888888888888888888888866666668888888888888888888888888888866666666666688888888888888888888888888888888888888888888888888888888888888888866666666666888888888888888
8888888888888888888888888888888888888888888866666666666888888888888888666666667777777666666666668888888888888866688666666888888888888888888888888888888886666666666688888888888888888888888888888888888888888888888888888888888888888886666677666688888888888888
8888888888888888888888888888888888888888888666666668888888888888888888888666666777777777766666666666688666688866666666668888888888888888888888888888888888866666666668888888888888888888888888888888888888888888888888888888888888888888866777666688888888888888
8888888888888888888888888888888888888888886666668868888888888888888888888888666666677777777666666666666666666677766666888888888888888888888888888888888888888666666668888888888888888888888888888888888888888888888888888888888888888888866777766668888888888888
8888888888888888888888888888888888888888866666888888888888888888888888888888866666667777777777766666666666667777666668888888888888888888888888888888888888888666666668888888888888888888888888888888888888888888888888888888888888888888866677666668888888888888
8888888888888888888888888888888888888886666668888888888888888888888888888888888866666677777777777666666677777766666666888888888888888888888888888888888888888866666668888888888888888888888888888888888888888888888888888888888888888888866677766666888888888888
8888888888888888888888888888888888888666666688888888888888888888888888888888888866666666777777777777777777777666668888888888888888888888888888888888888888888866666688888888888888888888888888888888888888888888888888888888888888888888866667766666688888888888
8888888888888888888888888888888888666666668888888888888888888888888888888888888888666666677777777777777777666666688888888888888888888888888888888888888888888666688888888888888888888888888888888888888888888888888888888888888888888888666667776666668888888888
8888888888888888888888888888888866666666888888888888888888888888888888888888888888666666667777777777777776666668888888888888888888888888888888888888888888888666888888888888888888888888888888888888888888888888888888888888888888888888666667777766666888888888
8888888888888888888888888888866666666668888888888888888888888888888888888888888888886666666677777777777766666688888888888888888888888888888888888888888888888668888888888888888888888888868888888888888888888888888888888888888888888886666667777776666668888888
8888888888888888888888888888666666666688888888888888888888888888888888888888888888888666666667777777777666666888888888888888888888888888888888888888888888888888888888888888888888888888866688888888888888888888888888888888888888888866666677777777666666688888
8888888888888888888888888888666666666888888888888888888888888888888888888888888888888866666666777777776666668888888888888888888888888888888888888888888888888888888888888888888888888888886668668888888888888888888888888888888888888666666777777777766666666888
8888888888888888888888888866666776668888888888888888888888888888888888888888888888888886666666677777776666668888888888888888888888888888888888888888888888888888888888888888888888888888888888666688888888888888888888888888888888866666667777777777776666666666
8888888888888888888888866666666666668888888888888888888888888888888888888888888888888888666666677777776666668888888888888888888888888888888888888888888888888888888888888888888888888888888888866666888888888888888888888888888888666667777777777777777776666666
8666666666688888888886666666666666688888888888888888888888888888888888888888888888888888666666677777777666666688888888888888888888888888888888888888888888888888888888888888888888888888888888866666776666668888888888888888888888666667777777777777777777666666
6666666666666688888666667776666666888888888888888888888888888888888888888888888888888886666666777777777776666668888888888888888888888888888888888888888888888888888888888888888888888888888888866667777666668888888888888888888888866666666666777777777777766666
7777766666666666666666777776666688888888888888888888888888888888888888888888888888888886666666777777777776666668888888888888888888888888888888888888888668888888888888888888888888888888888888866677776666668888888888888888888888866666666666667777777777777766
7777777666666666666677777776668888888888888888888888888888888888888888888888888888888886666667777776666666666668888888888888888888888888888888888888888668888888888888888888888888888888888888666667766666688888888888888888888888886666666666666677777777777776
6777777776666666677777777666888888888888888888888888888888888888888888888888888888888886666677777666666666666668888888888888888888888888888888888888888888888888888888888888888888888888888886666666666666888888888888888888888888888886666666666666777777777777
6667777777766667777777766666888888888888888888888888888888888888888888888888888888888886667777776666666666666688888888888888888888888888888888888888888888888888888888888888888888888888888866666666888888888888888888888888888888888888888866666666677777777777
6666777777777777777776666668888888888888888888888888888888888888888888888888888888888866667777666666666888888888888888888888888888888888888888888888888888888888888888888888888888888888886666666888888888888888888888888888888888888888888888866666666677777777
6666677777777777777766666888888888888888888888888888888888888888888888888888888888888666677776666666688888888888888888888888888888888888888888888888888888888888888888888888888888888888666666666888888888888888888888888888888888888888888888886666666666777777
8866666777777777777766666888888888888888888888888888888888888888888888888888888888886666777766666668888888888888888888888888888888888888888888888888888888888888888888888888888888888888666666888888888888888888888888888888888888888888888888888866666666677777
8886666677777777777666688888888888888888888888888888888888888888888888888888888888666666776666666888888888888888888888888888888888888888888888888888888888888888888888888888888888888866666668888888888888888888888888888888888888888888888888888888666666667777
8886666667777777776666688888888888888888888888888888888888888888888888888888888866666666766666888888888888888888888888888888888888888888888888888888888888888888888888888888888888886666666668888888888888888888888888888888888888888888888888888888886666666777
8886666667777777766666688888888888888888888888888888888888888888888888888888888666666666666666888888888888888888888888888888886688888888888888888888888888888888888888888888886666666666666688888888888888888888888888888888888888888888888888888888888666666677
8886666667777777666666688888888888888888888888888888888888888888888888888888888666677766666666888888888888888888888888888888866666688888688888888888888888888888888888888888888666666666666888888888888888888888888888888888888888888888888888888888888666666667
8886666677777777666666688888888888888888888888888888888888888888888888888888886666677766666666888888888888888888888888888888886666688886668888888888888888888888888888888888888666666666668888888888888888888888888888888888888888888888888888888888888886666667
8886666677777777666666688888888888888888888888888888888888888888888888888888866666777766666668888888888888888888888888888888888888888886668888888888888888888888888888888888888666667666668888888888888888888888888888888888888888888888888888888888888886666667
8866666777777777666666688888888888888888888888888888888888888888888888888888866667777666668888888888888888888888888888888888888888888886666888888888888888888888888888888888886666666666668888888888888888888888888888888888888888888888888888888888888888666667
8666667777777777766666688888888888888888888888888888888888888888888888888888666677766666688888888888888888888888888888888888888888888888666888888888888888888888888888888888886666666666668888888888888888888888888888888888888888888888888888888888888888866677
6666677777777777776666688888888888888888888888888888888888888888888888888886666777666668888888888888888888888888888888888888888888888888666888888888888888888888888888888888866777666666668888888888888888888888888888888888888888888888888888888888888888886677
6666677777667777777666668888888888888888888888888888888888888888888888888866666776666688888888888888888888888888888888888888888888888888666888888888888888888888888888888888677777776666668888888888888888888888888888888888888888888888888888888888888888886667
6666777766666677777666666888888888888888888888888888888888888888888888888666666666668888888888888888888888888888888888888888888888888888888888888888888888888888888888888866777777777666668888888888888888888888888888888888888888888888888888888888888888886666
6676666666666667776666666888888888888888888888888888888888888888888888886666666666688888888888888888888888888888888888888888888888888888888888886668888888888888888888888666777777776666668888888888888888888888888888888888888888888888888888888888888888886666
7776666666666666666666666888888888888888888888888888888888888888888888866666666666888888888888888888888888888888888888888888888888888888888888866668888888888888888888866666666666666666666888888888888888888888888888888888888888888888888888888888888888886666
7776666666666666666666666666888888888888888888888888888888888888888888666666666688888888888888888888888888888888888888888888888888888888888888866666668888888888888888668666666666666666666688888888888888888888888888888888888888888888888888888888888888866666
6666666888888888866666666666668888888888888888888888888888888888888886666766666888888888888888888888888888888888888888888888888888888888888888886666666666666666668888888888886666666666666666888888888888888888888888888888888888888888888888888888888888666666
6666688888888888888886666666668888888888888888888888888888888888888866677766668888888888888888888888888888888888888888888888888888888888888888886666666666666666668888888888888888888886666666688888888888888888888888888888888888888888888888888888888886666668
6688888888888888888888866666666888888888888888888888888888888888888866677766688888888888888888888888888888888888888888888888888888888888888888886666666666666666668888888888888888888888886666668888888888888888888888888888888888888888888888888888888866776688
6888888888888888888888866666666666888888888888888888888888888888886666677666888888888888888888888888888888888888888888888888888888888888888888886666666777766666688888888888888888888888888866666888888888888888888888888888888888888888888888888888888666666888
8888888888888888888888888866666666888888888888888888888888888888666666666688888888888888888888888888888888888888888888888888888888888888888888886666677777776666888888888888888888888888888866666666888888888888888888888888888888888888888888888888888666668888
8888888888888888888888888888866666666888888888888888888888888886666677666888888888888888888888888888888888888888888888888888888888888888888888866666777777766668888888888888888888888888888888666666688888888888888888888888888888888888888888888888888666668888
8888888888888888888888888888886666666668888888888888888888888866666777668888888888888888888888888888888888888888888888888888888888888888888888866677777776668888888888888888888888888888888888886666688888888888888888888888888888888888888888888888886666688888
8888888888888888888888888888888666666666688888888888888888888666667776688888888888888888888888888888888888888888888888888888888888888888888888666677777666668888888888888888888888888888888888888666666688888888888888888888888888888888888888888888866666688888
8888888888888888888888888888886666666666688888888888888886666666677766688888888888888888888888888888888888888888888888888888888888888888888886666777776666888888888888888888888888888888888888888886666666888888888888888888888888888888888888888888666668888888
8888888888888888888888888888888886666666666688888888888666666666777766688888888888888888888888888888888888888888888888888888888888888888888666667777766668888888888888888888888888888888888888888888866766668888888888888888888888888888888888888866666688888888
8888888888888888888888888888888888886666666666668866666666666677777666888888888888888888888888888888888888888888888888888888888888888888886666777666668888888888888888888888888888888888888888888888886666666888888888888888888888888888888888888666666688888888
8888888888888888888888888888888888888866666666666666666666666777777666888888888888888888888888888888888888888888888888888888888888888888666667776666668888888888888888888888888888888888888888888888888866666666668888888888888888888888888888866666666888888888
8888888888888888888888888888888888888866666666666666666666667777776666888888888888888888888888888888888888888888888888888888888888888888666677776666888888888888888888888888888888888888888888888888888886666666666888888888888888888888888886666776666888888888
8888888888888888888888888888888888888886666666666666666666777777766666888888888888888888888888888888888888888888888888888888888888888866666777766688888888888888888888888888888888888888888888888888888888666666666688888888888888888888888886667776666888888888
8888888888888888888888888888888888888888866666667776666677777777766666888888888888888888888888888888888888888888888888888888888888888666667777666888888888888888888888888888888888888888888888888888888888866666666668888888888888888888888866677766666688888888
8888888888888888888888888888888888888888886666667777777777777777666666888888888888888888888888888888888888888888888888888888888888886666677776668888888888888888888888888888888888888888888888888888888888866666667766688888888888888888886667777766666668888888
8888888888888888888888888888888888888888888666667777777777777777666666888888888888888888888888888888888888888888888888888888888886666666777766668888888888888888888888888888888888888888888888888888888888886666667777666668888888888888667777777666666666688888
8888888888888888888888888888888888888888888666667777777777777777766666688888888888888888888888888888888888888888888888888888888666666677777766688888888888888888888888888888888888888888888888888888888888888666667777766666666666666666777777776666666666666688
8888888888888888888888888888888888888888888666666777777777777777766666666688888888888888888888888888888888888888888888888888886666666777777766688888888888888888888888888888888888888888888888888888888888888666666777776666666666666677777777766666666688866668
8888888888888888888888888888888888888888888666666677777777777777776666666688888888888888888888888888888888888888888888888888886666677777777766668888888888888888888888888888888888888888888888888888888888888666666677777777666666667777777776666666888888888888
8888888888888888888888888888888888888888888666666667777777777777776666666668888888888888888888888888888888888888888888888888886667777777777666668888888888888888888888888888888888888888888888888888888888888866666667777777777777777777776666668888888888888888
8888888888888888888888888888888888888888888666666667777777777777777666666666688888888888888888888888888888888888888888888888886677777776666666666888888888888888888888888888888888888888888888888888888888888866666667777777777777777777666668868888888888888888
8888888888888888888888888888888888888888886666666677777777777777777776666666668888888888888888888888888888888888888888888888666777777766666666666688888888888888888888888888888888888888888888888888888888888866666677777777777777777766668888888888888888888888
8888888888888888888888888888888888888888866666666777777777777777777777766666666888888888888888888888888888888888888888888866677777766666666666666668888888888888888888888888888888888888888888888888888888888666666777777777777777777666688888888888888888888888
8888888888888888888888888888888888888888866666667777777777777777777777776666666888888888888888888888888888888888888888886666777776666888888888886666888888888888888888888888888888888888888888888888888888888666677777777777777777776666888888888888888888888888
8888888888888888888888888888888888888888666666677777777777777777777777777777666668888888888888888888888888888888888888866666776666668888888888886666688888888888888888888888888888888888888888888888888888866666777777777777777777666668888888888888888888888888
8888888888888888888888888888888888888886666667777777777777666666666666677777766666888888888888888888888888888888888888666777766668888888888888888866668888888888888888888888888888888888888888888888886666666666677777777777777776666668888888888888888888888888
8888888888888888888888888888888888888666667777777777777776666666666666666777777666666666888888888888888888888888888888677777666688888888888888888888886668888888888888888888888888888888888888888888886666686666666666777777777766666888888888888888888888888888
8888888888888888888888888888888888866666777777777777777766666666666666666667777776666666888888888888888888888888888886777776666888888888888888888888886666668888888888888888888888888888888888888888886668888886666666667777777766666888888888888888888888888888
8888888888888888888888888888888866666666777777777777776666666666666666666666666766666666688888888888888888888888888677777766668888888888888888888888888866666888888888888888888888888888888888888888888888888888866666666677777666666888888888888888888888888888
8888888888888888888888888888886666666666777777777777666666666666666666666666666666666666666688888888888888888888666777777766688888888888888888888888888886666688888888888888888888888888888888888888888888888888888866666667777666666888888888888888888888888888
8888888888888888888888888886666666666666666666666666666666666666668888888888866666666666666666888888888888888886677777777666888888888888888888888888888888666668888888888888888888888888888888888888888888888888888888666666677666666888888888888888888888888888
8888888888888888888888888866666666666666666666666666668666668888888888888888888666666666666666666688888688886677777777766688888888888888888888888888888888666666888888888888888888888888888888888888888888888888888888866666667766666888888888888888888888888888
8888888888888888888888886666666666888888888888666666688888888888888888888888888888888666666666667668886666667777777777666888888888888888888888888888888888666668888888888888888888888888888888888888888888888888888888888666666776668888888888888888888888888888
8888888888888888888888886668888888888888888888866666668888888888888888888888888888888888866666667666666667777777777776688888888888888888888888888888888888866668888888888888888888888888888888888888888888888888888888888866666777668888888888888888888888888888
8888888888888888888888886688888888888888888888886666666688888888888888888888888888888888866666666666677777777777777666888888888888888888888888888888888888866668888888888888888888888888888888888888888888888888888888888866666777766688888888888888888888888888
8888888888888888888888886888888888888888888888888886666688888888888888888888888888888888888886666666777777777777776666888888888888888888888888888888888888866888888888888888888888888888888888888888888888888888888888888886666777666668888888888888888888888888
8888888888888888888888888888888888888888888888888886666688888888888888888888888888888888888888666666777777777777766668888888888888888888888888888888888888866888888888888888888888888888888888888888888888888888888888888886666777666668888888888888888888888888
8888888888888888888888888888888888888888888888888886666688888888888888888888888888888888888888886666667777777777766668888888888888888888888888888888888888888888888888888888888888888888888888888888888888888888888888888886666666666666666888888888888888888888
8888666666666668888888888888888888888888888888888886666688888888888888888888888888888888888888888666666677777777766668888888888888888888888888888888888888888888888888888888888888888888888888888888888888888888888888888886666666666666666688888888888888888888
8888666666666666888888888888888888888888888888888888666688888888888888888888888888888888888888888666666667777777766668888888888888888888888888888888888868888888888888888888888888888888888888888888888888888888888888888886666666668888888888888888888888888888
8888666666666666888888888888888888888888888888888888666688888888888888888888888888888888888888888888666666677777776668888888888888888888888888888888886668888888888888888888888888888888888888888888888888888888888888888886666666688888888888888888888888888888
8888866666666666688888888888888888888888888888888888866888888888888888888888888888888888888888888888866666667777777668888888888888888888888888888888886668888888888888888888888888888888888888888888888888888888888888888886666666888888888888888888888888888888
8888866666666668888888888888888888888888888888888888888888888888888888888888888888888888888888888888888666666777777766888888888888888888888888888888666668888888888888888888888888888888888888888888888888888888888888888886666668888888888888888888888888888888
8888866666666888888888888888888888888888888888888888888888888888888888888888888888888888888888888888888886666667777777888888888888888888888888888866666668888888888888888888888888888888888888888888888888888888888888888866666688888888888888888888888888888888
8888866666668888888888888888888888888888888888888888888888888888888888888888888888888888888888888888888888666666777777768888888888888888888888888866666666888888888888888888888888888888888888888888888888888888888888888866666688888888888888888888888888888888
8888866666668888888888888888888888888888888888888888888888888888888888888888888888888888888888888888888888866666777777776888888888888888888888888666666666888888888888888888888888888888888888888888888888888888888888888866668888888888888888888888888888888888
8888866666668888888888888888888888888888888888888888888888888888888888888888888888888888888888888888888888886666677777777666888888888888888888888886666688888888888888888888888888888888888888888888888888888888888888888866688888888888888888888888888888888888
8888866666688888888888888888888888888888888888888888888888888888888888888888888888888888888888888888888888886666667777777776688888888888888888888888888888888888888888888888888888888888888888888888888888888888888888888666688888888888888888888888888888888668
8888866666688888888888888888888888888888888888888888888888888888888888888888888888888888888888888888888888888866666777777777777766666666688888888888888888888888888888888888888888888888888888888888888888888888888888888666888888888888888888888888888888888886
8888666666688888888888888888888888888888888888888888888888888888888888888888888888888888888888888888888888888886666677777777777777766666688888888888888888888888888888888888888888888888888888888888888888888888888888886688888888888888888888888888888888888886
8888666666688888888888888888888888888888888888888888888888888888888888888888888888888888888888888888888888888886666677777777777777766666688888888888888888888888888888888866668888888888888888888888888888888888888888666888888888888888888888888888888888888886
8866666666668888888888888888888888888888888888888888888888888888888888888888888888888888888888888888888888888886666677777777777777666666888888888888888888888888888888888888668888888888888888888888888888888888888888666888888888888888888888888888888888888886
8666666666666888888888888888888888888888888888888888888888888888888888888888888888888888888888888888888888888866666777777777777776666666888888888888888888888888888888888888886666668888888888888888888888888888888886668888888888888888888888888888888888888886
8666666666666888888888888888888888888888888888888888888888888888888888888888888888888888888888888888888888888666667777777777777766666688888888888888888888888888888888888888888666666688888888888888888888888888888866668888888888888888888888888888888888888886
8866866666666888888888888888888888888888888888888888888888888888888888888888888888888888888888888888888888886666677777777777777666666888888888888888888888888888888888888888888886666668888888888888888888888888886666688888888888888888888888888888888888888886
8888888888666888868888888888888888888888888888888888888888888888888888888888888888888888888888888888888888866666777777777777776666668888888888888888888888888888888888888888888886666666688888888888888888888888886666888888888888888888888888888888888888888866
8888888888886688866688888888888888888888888888888888888888888888888888888888888888888888888888888888888888866667777777777777666666888888888888888888888888888888888888888888888888888866666688888888888888888888666668888888888888888888888888888888888888888866
8888888888888688886668888888888888886668888888888888888888888888888888888888888888888888888888888888888888666677777777777766666688888888888888888888888888888888888888888888888888888886666666668888888888886666676688888888888888888888888888888888888888886666
8888888888888888888666666888888888666668888888888888888888888888888888888888888888888888888888888888888886666777777777777666666888888888888888888888888888888888888888888888888888888888866666666666666666666666666688888888888888888888888888888888888888866666
8888888888888888888866666888888888866668888888888888888888888888888888888888888888888888888888888888888866667777777777776666668888888888888888888888888888888888888888888888888888888888888866666666666666666666666688888888888888888888888888888888888886666888
8888888888888888888866666666888866886688888888888888888888888888888888888888888888888888888888888888888666677777777777766666668888888888888888888888888888888888888888888888888888888888888888886666666666667777666688888888888888888888888888888888888866688888
8888888888888888888866666666666666888888888888888888888888888888888888888888888888888888888888888888886666777777777777666666668888888888888888888888888888888888888888888888888888888888888888888866666677777777666688888888888888888888888888888888886666888888
8888888888888888888888666666666666888888888888888888888888888888888888888888888888888888888888888888866677777766666666666666666888888888888888888888888888888888888888888888888888888888888888888886666677777777766668888888888888888888888888888888866668888888
8888888888888888888888886666666666688888888888888888888888888888888888888888888888888888888888888886666777777666666666666666666688888888888888888888888888888888888888888888888888888888888888888888866667777777776666688888888888888888888888888886666688888888
8888888888888888888888888666666666688888888888888888888888888888888888888888888888888888888888888866677777666666666666666666666666888888888888888888888888888888888888888888888888888888888888888888866666677777777766666888888888888888888888888866668888888888
8888888888888888888888888666666666688888888888888888888888888888888888888888888888888888888888886666777776666666666666666666666666668888888888888888888888888888888888888888888888888888888888888888888866667777777776666668888888888888888888866666688888888888
8888888888888888888888888886666666688888888888888888888888888888888888888888888888888888888888866667776666666688888888888886666666668888888888888888888888888888888888888888888888888888888888888888888888666677777777666666888888888888888866666888888888888888
8888888888888888888888888886666666688888888888888888888888888888888888888888888888888888888866666667766666666888888888888888886666666888888888888888888888888888888888888888888888888888888888888888888888886667777777777766666666666886666666668888888888888888
8888888888888888888888888888866666668888888888888888888888888888888888888888888888888888888866677666666666888888888888888888888888866668888888888888888888888888888888888888888888888888888888888888888888886666677777777777666666666666666668888888888888888888
8888888888888888888888888888886666666688888888888888888888888888888888888888888888888888866666776666666888888888888888888888888888866668888888888888888888888888888888888888888888888888888888888888888888886666667777777777766666666777666688888888888888888888
8888888888888888888888888888888666666668888888888888888888888888888888888888888888888888666666766668888888888888888888888888888888886666888888888888888888888888888888888888888888888888888888888888888888886666666777777777777777667777666688888888888888888888
8888888888888888888888888888888666666666888888888888888888888888888888888888888888888886666666666668888888888888888888888888888888888866666666888888888888888888888888888888888888888888888888888888888888886666666777777777777777777766666888888888888888888888
8888888888888888888888888888888666666666688888888888888888888888888888888888888888886666666666668888888888888888888888888888888888888886666666688888888888888888888888888888888888888888888888888888888888886666666777777777777777777666668888888888888888888888
8888888888888888888888888888888866666666668888888888888888888888888888888888888888866666666666688888888888888888888888888888888888888888666666668888888888888888888888888888888888888888888888888888888888886666666777777777777777776666668888888888888888888888
8888888888888888888888888888888866666666666888888888888888888888888888888888888866666777666666888888888888888888888888888888888888888888886666668888888888888888888888888888888888888888888888888888888888886666667777777777777777766666688888888888888888888888
8888888888888888888888888888888666677766666688888888888888888888888888888888666666667776666688888888888888888888888888888888888888888888888666666668888888888888888888888888888888888888888888888888888888866666677777777777777777666666888888888888888888888888
8888888888888888888888888888888666677776666666668888888888888888888888866666666667777666668888888888888888888888888888888888888888888888888866666666666688888888888888888888888888888888888888888888888886666666777777777777777777666666888888888888888888888888
8888888888888888888888888888888666677777666666666888888888888888888888666666666677776666688888888888888888888888888888888888888888888888888886666666666668888888888888888888888888888888888888888888888866666667777777777777777777766666888888888888888888888888
8888888888888888888888888888886666667777776666666668888888888888888886666666667777666688888888888888888888888888888888888888888888888888888888888666666666666688888888888888888888888888888888888888866666666677777777777777777777776666688888888888888888888888
8888888888888888888888888888886666677777777777666666666668886666686666666677777766668888888888888888888888888888888888888888888888888888888888888666666666666888888888888888888888888888888888888888866666666777777666666666666777777666688888888888888888888888
8888888888888888888888888888866666677777777777777666666666666666666666677777777666688888888888888888888888888888888888888888888888888888888888888666666666668888888888888888888888888888888888666666666667777777666666666666666677777766668888888888888888888888
8888888888888888888888888888666666777777777777776666666666666666666667777777776666688888888888888888888888888888888888888888888888888888888888888866666666668888888888888888888888888888888886666666666677776666666666666666666666677776666888888888888888888888
8888888888888888888888888886666667777777777666666666666666666667777777777777666666888888888888888888888888888888888888888888888888888888888888888866666666666888888888888888888888888888888886666666666777776666666666666666666666666677776668888888888888888888
8888888888888888888888888866666677777777766666666666666666666667777777777776666688888888888888888888888888888888888888888888888888888888888888888666666666666888888888888888888888888888888888666666677777766666688888888888888886666667777766888888888888888888
8888888888888888888888888666667777777766666668888888888866666667777777777766666688888888888888888888888888888888888888888888888888888888888888888888888886666688888888888888888888888888888888666666777776666668888888888888888888886666677776668888888888888888
8888888888888888888888666666677777766666666888888888888886666666777777777766666688888888888888888888888888888888888888888888888888888888888888888888888888666688888888888888888888888888888888666667777666666688888888888888888888888888666766666668888888888888
8888888888888888888886666666677776666666888888888888888888886666667777777776666688888888888888888888888888888888888888888888888888888888888888888888888888666688888888888888888888888888888886666677776666888888888888888888888888888888866666666666888888888888
8888888888888888888666666777666666666668888888888888888888888866666677777777666688888888888888888888888888888888888888888888888888888888888888888888888888666668888888888888888888888888888886666677766666888888888888888888888888888888886666666666668888888888
8888888888888888666666667777666666668888888888888888888888888888866667777777766688888888888888888888888888888888888888888888888888888888888888888888888886666668888888888888888888888888888866666777666888888888888888888888888888888888888866666666666888888888
8888888888886666666666777776666666888888888888888888888888888888886666677777766668888888888888888888888888888888888888888888888888888888888888888888888888888888888888888888888888888888888666677766668888888888888888888888888888888888888886666666666668888888
8888888888866666666777777766666888888888888888888888888888888888888666667777766666888888888888888888888888888888888888888888888888888888888888888888888888888888888888888888888888888866666667777766668888888888888888888888888888888888888886666666666666688888
6666666666666666667777777666668888888888888888888888888888888888888886666677766666668888888888888888888888888888888888888888888888888888888888888888888888888888888888888888888888888666666677777666668888888888888888888888888888888888888888866666666666676888
6666666666666667777777776666888888888888888888888888888888888888888888666666777666666888888888888888888888888888888888888888888888888888888888888888888888888888888888888888666666666666667777777668888888888888888888888888888888888888888888888886666666766688
6666666666666777777777666668888888888888888888888888888888888888888886666666777777666688888888888888888888888888888888888888888888888888888888888888888888888888888888888888666666666667777777776668888888888888888888888888888888888888888888888888888666666668
7777777777777777777766666688888888888888888888888888888888888888888886666666677777766666688888888888888888888888888888888888888888888888888888888888888888888888888888888888888666666677777777666688888888888888888888888888888888888888888888888888888888888677
7777777777777777777666666888888888888888888888888888888888888888888886666666666777766666668888888888888888888888888888888888888888888888888888888888888888888888888888888888888886666677777776688888888888888888888888888888888888888888888888888888888888888867
7777777777777777766666666888888888888888888888888888888888888888888886666666666666666666666888888888888888888888888888888888888888888888888888888888888888888888888888888888888886666667777766688888888888888888888888888888888888888888888888888888888888888888
7777777777777777766666668888888888888888888888888888888888888888888886666666666666666666666666888888888888888888888888888888888888888888888888888888888888888888888888888888888888866666777766888888888888888888888888888888888888888888888888888888888888888888
7777777777777777766666668888888888888888888888888888888888888888888886666666666666666666666666668888888888888888888888888888888888888888888888888888888888888888888888888888888888888666666666888888888888888888888888888888888888888888888888888888888888888888
6666666777777777766666668888888888888888888888888888888888888888888866666666668888888888866866666666888888888888888888888888888888888888888888888888888888888888888888888888888888888666666666888888888888888888888888888888888888888888888888888888888888888888
6666666666777777766666668888888888888888888888888888888888888888888666666688688888888888888886666666688888888888888888888888888888888888888888888888888888888888888888888888888888888666666666888888888888888888888888888888888888888888888888888888888888888888
8866666666666666666666668888888888888888888888888888888888888888888666666688888888888888888886666666666668888888888888888888888888888888888888888888888888888888888888888888888888888666666688888888888888888888888888888888888888888888888888888888888888888888
8888666666666666666666666688888888888888888888888888888888888888888666666888888888888888888888666666666666888888888888888888888888888888888888888888888888888888888888888888888888888666666888888888888888888888888888888888888888888888888888888888888888888888
8888888886666666666666766668888888888888888888888888888888888888666666688888888888888888888888886666666666666888888866688888888888888888888888888888888888888888888888888888888888888666666888888888888888888888888888888888888888888888888888888888888888888888
8888888888866666666666766666688888888888888888888888888888888888666666888888888888888888888888888888666777766666666666668888888888888888888888888888888888888888888888888888888888888666668888888888888888888888888888888888888888888888888888888888888888888888
8888888888888888666666666666668888888888888888888888888888888886666668888888888888888888888888888888866677777666666666688888888888888888888888888888888888888888888888888888888888888666668888888888888888888888888888888888888888888888888888888888888888888888
8888888888888888866666666666666888888888888888888888888888888866666888888888888888888888888888888888886667777777666666688888888888888888888888888888888888888888888888888888888888888666668888888888888888888888888888888888888888888888888888888888888888888888
8888888888888888888888666666666668888888888888888888888888886666668888888888888888888888888888888888886666777777766666688888888888888888888888888888888888888888888888888888888888888666668888888888888888888888888888888888888888888888888888888888888888888888
8888888888888888888888886666666666888888888888888888888888866666668888888888888888888888888888888888888666677777776666688888888888888888888888888888888888888888888888888888888888886666668888888888888888888888888888888888888888888888888888888888888888888888
8888888888888888888888886666666666888888888888888888888886666666688888888888888888888888888888888888888666667777777766668888888888888888888888888888888888888888888888888888888888866666666888888888888888888888888888888888888888888888888888888888888888888888
8888888888888888888888886666666688888888888888888888888666666666888888888888888888888888888888888888888666677777777776666688888888888888888888888888888888888888888888888888888886666666666888888888888888888888888888888888888888888888888888888888888888888888
8888888888888888888888886666668888888888888888888666666666677666888888888888888888888888888888888888888666677777777777766666888888888888888888888888888888888888888888888888888866768888888888888888888888888888888888888888888888888888888888888888888888888888
8888888888888888888888886666688888888888888888886666666666777666688888888888888888888888888888888888886666777777777777777766668888888888888888888888888888888888888888888888886666688888888888888888888888888888888888888888888888888888888888888888888888888888
8888888888888888888888886666888888888888888888866666667777777666688888888888888888888888888888888888886666666666666777777776666888888888888888888888888888888888888888888888866666888888888888888888888888888888888888888888888888888888888888888888888888888888
8888888888888888888888888888888888888888888888886666677777776666688888888888888888888888888888888888666666666666666666777776666688888888888888888888888888888888888888888888666668888888888888888888888888888888888888888888888888888888888888888888888888888888
8888888888888888888888888888888888888888888888886666677777777666668888888888888888888888888888888886666666666668888666666667776668888888888888888888888888888888888888888886666688888888888888888888888888888888888888888888888888888888888888888888888888888888
8888888888888888888888888888888888888888888888886666667777777666666888888888888888888888888888888666666666688888888888866666777666688888888888888888888888888888888888888866666888888888888888888888888888888888888888888888888888888888888888886888888888888888
8888888888888888888888888888888888888888888888888866666777777666666688888888888888888888888888886666666668888888888888888666666666666888888888888888888888888888888888888666688888888888888888888888888888888888888888888888888888888888888888688888888888888888
8888888888888888888888888888888888888888888888888886666677776666666688888888888888888888888888666668888888888888888888888888666666666668888888888888888888888888888888866888888888888888888888888888888888888888888888888888888888888888888888888888888888888888
8888888888888888888888888888888888888888888888888886666677766666666688888888888888888888888888666888888888888888888888888888866666677666688888888888888888888888866668668888888888888888888888888888888888888888888888888888888888888888888888888888888888888888
8888888888888888888888888888888888888888888888888886666667666666666888888888888888888888888666668888888888888888888888888888888866677766666688888888888888888888666666688888888888888888888888888888888888888888888888888888888888888888888888888888888888888888
8888888888888888888888888888888888888888888888888886666666666888888888888888888888888888666666688888888888888888888888888888888888667777766666888888888888888666666668888888888888888888888888888888888888888888888688888888888886668888888888888888888888888888
8888888888888888888888888888888888888888888888888886666666688888888888888888888888888866666688888888888888888888888888888888888888866667777666666688888888886666666888888888888888888888888888888888888888888888888888888888888866688888888888888888888888888888
8888888888888888888888888888888888888888888888888866666666888888888888888888888888888866666688888888888888888888888888888888888888888666777776666666666666666666668888888888888888888888888888888888888888888888888888888866666666688888888888888888888888888888
8888888888888888888888888888888888888888888888888666666888888888888888888888888888888866688888888888888888888888888888888888888888888888677777777666666666666668888888888888888888888888888888888888888888888888888888886666666668888888888888888888888888888888
8888888888888888888888888888888888888888888888886666668888888888888888888888888888886666888888888888888888888888888888888888888888888888666777777776666666668888888888888888888888888888888888888888888888888888888888886666666666888888888888888888888888888888
8888888888888888888888888888888888888888888888886666688888888888888888888888888888886666888888888888888888888888888888888888888888888888866677777776666666688888888888888888888888888888888888888888888888888888888888866666666666888888888888888888888888888888
8888888888888888888888888888888888888888888888886666688888888888888888888888888888886688888888888888888888888888888888888888888888888888866677777766666666688888888888888888888888888888888888888888888888888888888888866666666666688888888888888888888888888888
6888888888888888888888888888888888888888888888866666668888888888888888888888888888666888888888888888888888888888888888888888888888888888866677777666666666888888888888888888888888888888888888888888888888888888888888888888888888888888888888888888888888888888
6688888888888888888888888888888888888888888888666666668888888888888888888888888888666888888888888888888888888888888888888888888888888886666677768888888888888888888888888888666888888888888888888888888888888888888888888888888888888888886666666667666666688888
6688888888888888888888888888888888888888888866666666668888888888888888888888888886666888888888888888888888888888888888888888888888888886666677768888888888888888888888888888866888888888888888888888888888888888888888888888888888888888888866666667666666688888
