8888888888888888888888888888888888888888888888888899999999999999888888888888899888888888888888888888888888888888888888888888888888888888889999988888888888888888888888889999111999999888888888888888888888888888888888888888888888888888888889999999998888888888
8888888888888888888888888888999999998888888888888888888998999991119999888888888888888888899988888888888888888888888888888888888888888888888888888888888888888888888888889999111999999888888888888888888888888888888888888888888888888888888889999999998888888888
8888888888888888888888888888999999998888888888888888888998999991119999888888888888888888899988888888888888888888888888888888888888888888888888888888888888888888888888889999111999999988888888888888888888888888888888888888888888888888888889999999988888888888
8888888888888888888888888888999999888888888888888888888888889991119999888888888888888888888888888888888888888888888888888888888888888888888888888888888888888888888888889999911199999988888888888888888888888888888888888888888888888888888889999999998888888888
8888888888888888888888888889999988888888888888888888888888889999111999988888888888888888888888888888888888888888888888888888888888888888888888888888888888888888888888889999991199999998888888888888888888888888888888888888888888888888888889999999999988888888
8888888888888888888888888889999988888888888888888888888888888899111999999888888888888888888888888888888888888888888888888888888888888888888888888888888888888888888888889999999999999999988888888888888888888888888888888888888888888888888888888889999998888888
8888888888888888888888888899988888888888888888888888888888888889999911199988888888888888888888888888888888888888888888888888888888888888888888888888888888888888888888889999999999911199999988888888888888888888888888888888888888888888888888888888999999988888
8888888888888888888888888899888888888888888888888888888888888888999911119998888888888888888888888888888888888888888888888888888888888888888888888888888888888888888888889999999999999999999999999888888888888888888888888888888888888888888888888888899999988888
9988888888888888888889888888888888888888888888888888888888888888899991111999999999988888888888888888888888888888888888888888888888888888888888888888888888888888888888889999999999999999111999999988888888888888888888888888888888888888888888888888889999988888
1999888888888888899999888888888888888888888888888888888888888888899999111199999999988888888888888888888888888888888888888888888888888888888888888888888888888888888888888888888888999999991119999998888888888888888888888888888888888888888888888888889999998888
1119999998888899999998888888888888888888888888888888888888888888889999911111999999988888888888888888888888888888888888888888888888888888888888888888888888888888888888888888888888889999999111999998888888888888888888888888888888888888888888888888889999999888
1111199999999999999998888888888888888888888888888888888888888888889999991111119999988888888888888888888888888888888888888888888888888888888888888888888888888888888888888888888888888888999991999999988888888888888888888888888888888888888888888888888889999988
1111111199999199919998888888888888888888888888888888888888888888889999991111119999988888888888888888888888888888888888888888888888888888888888888888888888888888888888888888888888888888889999999999999988888888888888888888888888888888888888888888888888999998
1111111111111111111198888888888888888888888888888888888888888888899999991111111999988888888888888888888888888888888888888888888888888888888888888888888888888888888888888888888888888888888999999999999999998888888888888888888888888888888888888888888888899999
1111111111111111111998888888888888888888888888888888888888888888999999911111111999998888888888888888888888888888888888888888888888888888888888888888888888888888888888888888888888888888888888899999999999999999998888888888888888888888888888888888888888899999
9911111111111111999998888888888888888888888888888888888888888889999999111111111199999888888888888888888888888888888888888888888888888888888888888888888888888888888888888888888888888888888888888999999999999999998888888888888888888888888888888888888888899999
9999111111111119999988888888888888888888888888888888888888888899999991111111111119999988888888888888888888888888888888888888888888888888888888888888888888888888888888888888888888888888888888888888999999911119998888888888888888888888888888888888888888899999
9999911111111999999888888888888888888888888888888888888888888999999999111111111111199999888888888888888888888888888888888888888888888888888888888888888888888888888888888888888888888888888888888888889999911111999888888888888888888888888888888888888888899999
8899991111111999998888888888888888888888888888888888888888888999999999999111111111119999998888888888888888888888888888888888888888888888888888888888888888888888888888888888888888888888888888888888888889999119999998888888888888888888888888888888888889999999
8888999111119999988888888888888888888888888888888888888888888899999999999991111111111119999988888888888888888888888888888888888888888888888888888888888888888888888888888888888888888888888888888888888888899999999999988888888888888888888888888888888899999999
8888899911119999888888888888888888888888888888888888888888888888999999999999991111111111199999998888888888888888888888888888888888888888888888888888888888888888888888888888888888888888888888888888888888889999999999998888888888888888888888888888889999999991
8888889999119999888888888888888888888888888888888888888888888888999999999999999111111111119999999888888888888888888888888888888888888888888888888888888888888888888888888888888888888888888888888888888888888899999999999888888888888888888888888888899999999911
8888889999999998888888888888888888888888888888888888888888888888899888888899999999111111111999999988888888888888888888888888888888888888888888888888888888888888888888888888888888888888888888888888888888888889999999999998888888888888888888888888999999999111
8888888999999988888888888888888888888888888888888888888888888888888888888888888899991111111111999999988888888888888888888888888888888888888888888888888888888888888888888888888888888888888888888888888888888888899999999998888888888888888888888888999999991111
8888888999999888888888888888888888888888888888888888888888888888888888888888888889999911111111119999999988888888888888888888888888888888888888888888888888888888888888888888888888888888888888888888888888888888888888999999888888888888888888888888999999111111
8888888999999888888888888888888888888888888888888888888888888888888888888888888888899999999111111999999999998888888888888888888888888888888888888888888888888888888888888888888888888888888888888888888888888888888888899999888888888888888888888888999999111111
8888889999998888888888888888888888888888888888888888888888888888888888888888888888888999999911111111999999999999888888888888888888888888888888888888888888888888888888888888888888888888888888888888888888888888888888889999888888888888888888888888889999911111
8888889999988888888888888888888888888888888888888888888888888888888888888888888888888889999991111111111119999999999999999999999999988888888888888888888888888888888888888888888888888888888888888888888888888888888888888999888888888888888888888888888999991111
8889999998888888888888888888888888888888888888888888888888888888888888888888888888888888889999111111111111999999999999999999999999998888888888888888888888888888888888888888888888888888888888888888888888888888888888888888888888888888888888888888888899999911
8889999998888888888888888888888888888888888888888888888888888888888888888888888888888888888999991111111111199999999999999999999999998888888888888888888888888888888888888888888888888888888888888888888888888888888888888888888888888888888888888888888889999991
8899998888888888888888888888888888888888888888888888888888888888888888888888888888888888888889999111111111111119999999991111999999988888888888888888888888888888888888888888888888888888888888888888888888888888888888888888888888888888888888888888888889999999
9999888888888888888888888888888888888888888888888888888888888888888888888888888888888888888888999991111111111111111999911111999999988888888888888888888888888888888888888888888888888888888888888888888888888888888888888888888888888888888888888888888889999991
9999888888888888888888888888888888888888888888888888888888888888888888888888888888888888888888899999111111111111111111111111999999888888888888888888888888888888888888888888888888888888888888888888888888888888888888888888888888888888888888888888888888999911
9988888888888888888888888888888888888888888888888888888888888888888888888888888888888888888888899999911111111111111111111119999999888888888888888888888888888888888888888888888888888888888888888888888888888888888888888888888888888888888888888888888888999911
9988888888888888888888888888888888888888888888888888888888888888888888888888888888888888888888899999991111111111111111111999999998888888888888888888888888888888888888888888888888888888888888888888888888888888888888888888888888888888888888888888888888999111
9888888888888888888888888888888888888888888888888888888888888888888888888888888888888888888888888999999911111111111111199999999988888888888888888888888888888888888888888888888888888888888888888888888888888888888888888888888888888888888888888888888889991111
9888888888888888888888888888888888888888888888888888888888888888888888888888888888888888888888888899999991111111111111999999999888888888888888888888888888888888888888888888888888888888888888888888888888888888888888888888888888888888888888888888888899911119
8888888888888888888888888888888888888888888888888888888888888888888888888888888888888888888888888899999991111111111119999999998888888888888888888888888888888888888888888888888888888888888888888888888888888888888888888888888888888888888888888888888999911999
9888888888888888888888888888888888888888888888888888888888888888888888888888888888888888888888888899999991111111111119999999988888888888888888888888888888888888888888888888888888888888888888888888888888888888888888888888888888888888888888888888889999199999
9988888888888888888888888888888888888888888888888888888888888888888888888888888888888888888888888899999911111111111119999999988888888888888888888888888888888888888888888888888888888888888888888888888888888888888888888888888888888888888888888888899911999999
9998888888888888888888888888888888888888888888888888888888888888888888888888888888888888888888888899999111111111111119999999988888888888888888888888888888888888888888888888888888888888888888888888888888888888888888888888888888888888888888888888999111999998
9999888888888888888888888888888888888888888888888888888888888888888888888888888888888888888888888999999111111111111111999999988888888888888888888888888888888888888888888888888888888888888888888888888888888888888888888888888888888888888888888888999199999998
9199998888888888888888888888888888888888888888888888888888888888888888888888888888888888888888889999991111111111111111199999988888888888888888888888888888888888888888888888888888888888888888888888888888888888888888888888888888888888888888888899999999998888
9919999888888888888888888888888888888888888888888888888888888888888888888888888888888888888888889999911111111111111111119999998888888888888888888888888888888888888888888888888888888888888888888888888888888888899988888888888888888888888888888999999999998888
8899999988888888888888888888888888888888888888888888888888888888888888888888888888888888888888999991111111111111111111111199999988888888888888888888888888888888888888888888888888888888888888888888888888888888999988888888888888888888888888889911199999888888
8889999998888888888888888888888888888888888888888888888888888888888888888888888888888888888889999911111111999999991111111119999999888888888888888888888888888888888888888888888888888888888888888888888888888889999988888888888888888888888889999119999998888888
8888899999999988888888888888888888888888888888888888888888888888888888888888888888888888888889999111111119999999999911111111999999988888888888888888888888888888888888888888888888888888888888888888888888888899999998888888888888888888888999991199999988888888
8888889999999998888888888888888888888888888888888888888888888888888888888888888888888888999999911111111999999999999999911111999999998888888888888888888888888888888888888888888888888888888888888888888888888999999999988888888888888888899999999999999888888888
8888888899911999988888888888888888888888888888888888888888888888888888888888888888888888999999111199999999999999999999991111111999999988888888888888888888888888888888888888888888888888888888888888888888889999999999999888888888888889999999999999988888888888
8888888888911199999998888888888888888888888888888888888888888888888888888888888888888889999111111999999999888888888899999911111119999998888888888888888888888888888888888888888888888888888888888888888888899999119999999999888888889999999111999999998888888888
8888888888991199999999888888888998888888888888888888888888888888888888888888888888888999991111999999888888888888888888899999991111999999988888888888888888888888888888888888888888888888888888888888888889999991111999999999999999999999991111999999988888888888
8888888888899999999999999888889999888888888888888888888888888888888888888888888888999999999199999988888888888888888888889999999111119999998888888888888888888888888888888888888888888888888888888888889999999911111999999999999999999999911119999999988888888888
8888888888888999991111199999999999988888888888888888888888888888888888888888888889991119999999988888888888888888888888888999999911111199999988888888888888888888888888888888888888888888888888888899999999999911111999911111999999991111111999999999988888888888
8888888888888899991111111999999999998888888888888888888888888888888888888888889999111111999999888888888888888888888888888999999991111119999998888888888888888888888888888888888888888888888888888899999999999999999999911111111111111111199999999999998888888888
8888888888888889999911111119999999999888888888888888888888888888888888888888889111111199999998888888888888888888888888888888999999911111999999988888888888888888888888888888888888888888888889999999991199999999999999991111111111111111999999999999998888888888
8888888888888888899991111111111999999998888888888888888888888888888888888999991111119999999988888888888888888888888888888888889999999111999999999888888888888888888888888888888888888888888889999999911199999999999999999991111111111999999999999999998888888888
8888888888888888889999111111111199999999999988888888888888888888888899991111111119999999888888888888888888888888888888888888888899999999111199999999998888888888888888888888888888888888889999999919999999999888888888999999911111111999999888888888888888888888
8888888888888888888999991111111111111111999999888889998888888888889991111111119999999988888888888888888888888888888888888888888889999999911119999999998888888888888888888888888888888888899999991119999999888888888888889999999111119999988888888888888888888888
8888888888888888888889991111111111111111199999999888888888888889999991111111999999888888888888888888888888888888888888888888888888888999991119999999999888888888888888888888888888888888999991111199999998888888888888888999999111999999888888888888888888888888
8888888888888888888888999111111111111111199999999999999998888899999999111199999998888888888888888888888888888888888888888888888888888889999919999999999999988888888888888888888888889999999991119999988888888888888888888889999919999988888888888888888888888888
8888888888888888888888999111111111111999999988888888888888888888888899999999999988888888888888888888888888888888888888888888888888888888999999991111999999999998888888888888888888899999111199999999888888888888888888888888999999999998888888888888888888888888
8888888888888888888888991111111199999999988888888888888888888888888888989999999988888888888888888888888888888888888888888888888888888888899999991111199999999999988888888888888999999991111199999998888888888888888888888888999999999888888888888888888888888888
8888888888888888888888991111111999999988888888888888888888888888888888888899999888888888888888888888888888888888888888888888888888888888889999999111111199999999998888888889999999999991111999999888888888888888888888888888999999988888888888888888888888888889
8888888888888888888889911111199999998888888888888888888888888888888888888888888888888888888888888888888888888888888888888888888888888888888999999911111111999999999999999999999999111111199999988888888888888888888888888888999999988888888888888888888888888888
8888888888888888888889911111999998888888888888888888888888888888888888888888888888888888888888888888888888888888888888888888888888888888888899999999111111199999999999999999999911111111999999888888888888888888888888888888999998888888888888888888888888888888
8888888888888888888899911199999988888888888888888888888888888888888888888888888888888888888888888888888888888888888888888888888888888888888888999999911111111111999999999991111111111119999998888888888888888888888888888888999988888888888888888888888888888888
8888888888888888889999111999998888888888888888888888888888888888888888888888888888998888888888888888888888888888888888888888888888888888888888888999991111111111199999999911111111111199999988888888888888888888888888888888999888888888888888888888888888888888
8888888888888888899999999999998888888888888888888888888888888888888888888888888888899888888888888888888888888888888888888888888888888888888888888899999991111111111999991111111111199999998888888888888888888888888888888888898888888888888888888888888888888888
8888888888888888899999999999998888888888888888888888888888888888888888888888888888899998888888888888888888888888888888888888888888888888888888888889999999111111111111111111111111999999988888888888888888888888888888888888888888888888888888888888888888888888
8888888888888888999999999999998888888888888888888888888888888888888888888888888888899998888888888888888888888888888888888888888888888888888888888888899999991111111111111111111199999998888888888888888888888888888888888888888888888888888888888888888888888888
8888888888888888999999999999988888888888888888888888888888888888888888888888888888888998888888888888888888888888888888888888888888888888888888888888899999999111111111111111111999999988888888888888888888888888888888888888888888888888888888888888888888888888
8888888888888889999999999999888888888888888888888888888888888888888888888888888888888888888888888888888888888888888888888888888888888888888888888888889999999911111111111111119999999988888888888888888888888888888888888888888888888888888888888888888888888888
8888888888888899999988888888888888888888888888888888888888888888888888888888888888888888888888888888888888888888888888888888888888888888888888888888889999999911111111111111199999999888888888888888888888888888888888888888888888888888888888888888888888888888
8888888888888888888888888888888888888888888888888888888888888888888888888888888888888888888888888888888888888888888888888888888888888888888888888888889999999111111111111111199999999888888888888888888888888888888888888888888888888888888888888888888888888888
8888899999999888888888888888888888888888888888888888888888888888888888888888888888888888899888888888888888888888888888888888888888888888888888888888889999991111111111111111119999999888888888888888888888888888888899888888888888888888888888888888888888888888
8889999999998888888888888888888888888888888888888888888888888888888888888888888888888888899888888888888888888888888888888888888888888888888888888888889999911111111111111111119999999888888888888888888888888888899998888888888888888888888888888888888888888888
9999999111998888888888888888888888888888888888888888888888888888888888888888888888888888888888888888888888888888888888888888888888888888888888888888899999111111111111111111111999999988888888888888888888888888999988888888888888888888888888888888888888888888
9999999119888888888888888888888888888888888888888888888888888888888888888888888888888888888888888888888888888888888888888888888888888888888888888888999911111111111111111111111199999988888888888888888888888888999888888888888888888888888888888888888888888888
9999999999888888888888888888888888888888888888888888888888888888888888888888888888888888888888888888888888888888888888888888888888888888888888888888999111111111111111111111111111999998888888888888888888888888888888888888888888888888888888888888888888888888
1111199998888888888888888888888888888888888888888888888888888888888888888888888888888888888888888888888888888888888888888888888888888888888888889999911111111111111111999999911111199999888888888888888888888888888888888888888888888888888888888888888888888888
1111199998888888888888888888888888888888888888888888888888888888888888888888888888888888888888888888888888888888888888888888888888888888888888899999111111111111119999999999999999999999999888888888888888888998888888888888888888888888888888888888888888888888
1111999999888888888888888888888888888888888888888888888888888888888888888888888888888888888888888888998888888888888888888888888888888888888888899991111111111111199999999999999999999999999998888888888888989998888888888888888888888888888888888888888888888888
1111999999888888888888888888888888888888888888888888888888888888888888888888888888888888888888888888888888888888888888888888888888888888888888999111111111111999999999999999999999999999999998888888888889999998888888888888888888888888888888888888888888888888
1111999999888888888888888888888888888888888888888888888888888888888888888888888888888888888888888888888888888888888888888888888888888888888999911111111111119999999999999999999999999999999999888888889999999998888888888888888888888888888888888888888888888888
1111119999988888888888888888888888888888888888888888888888888888888888888888888888888888888888888888888888888999888888888888888888888888899999991119999111199999999999999999999999999999999999999899999999999998888888888888888888888888888888888888888888888888
1111111999998888888888888888888888888888888888888888888888888888888888888888888888888888888888888888888888888889988888888888888888888889999999999999999999999999999999999999888888888888999999999999999999999998888888888888888888888888888888888888888888888888
1111111199999988888888888888888888888888888888888888888888888888888888888888888888888888888888888888888888888899999888888888888888889999999999999999999999999999999999999888888888888888888999999999911111999998888888888888888888888888888888888888888888888888
1111111119999999888888888888888888888888888888888888888888888888888888888888888888888888888888888888888888888889999988888889999989999999999999888889999999999999999999988888888888888888888888889999111111199998888888888888888888888888888888888888888888888888
1111111111199999988888888888888888888888888888888899999888888888888888888888888888888888888888888888888888888888999999999999999999999999998888888888888888899999999998888888888888888888888888888999911111119999888888888888888888888888888888888888888888888888
1199999911999999998888888888888888888888888888888999999888888888888888888888888888888888888888888888888888888888899999999999999999999999988888888888888888888999998888888888888888888888888888888899999111111999998888888888888888888888888888888888888888888888
1199999999999999999998888888888888888888888888888998898888888888888888888888888888888888888888888888888888888888888999999999999911199998888888888888888888888988888888888888888888888888888888888888999991111199999888888888888888888888888888888888888888888899
9999999999988999999999998888888888888888888888899998888888888888888888888888888888888888888888888888888888888888888999999991111111998888888888888888888888888888888888888888888888888888888888888888889999991119999999988888888888888888888888888888888888999999
9999998888888888999999999999988888888888888889999888888888888888888888888888888888888888888888888888888888888888888888999991111199988888888888888888888888888888888888888888888888888888888888888888889999999919999999998888888888888888888888888888888889911199
9998888888888888889999999999988888888888888889998888888888888888888888888888888888888888888888888888888888888888888888888991111999988888888888888888888888888888888888888888888888888888888888888888888999999999911119998888888888888888888888888888888899111119
9988888888888888888999999999999999888888888889988888888888888888888888888888888888888888888888888888888888888888888888888899999998888888888888888888888888888888888888888888888888888888888888888888888888999999991111999888888888888888888888888888899991111199
8888888888888888888888899999999999999999988888888888888888888888888888888888888888888888888888888888888888888888888888888899999988888888888888888888888888888888888888888888888888888888888888888888888888889999999111111199998888888888888888888999999911111999
8888888888888888888888888899999999999999888888888888888888888888888888888888888888888888888888888888888888888888888888888899998888888888888888888888888888888888888888888888888888888888888888888888888888888889999911111111999998899998889999999999991111119999
8888888888888888888888888889999999999999888888888888888888888888888888888888888888888888888888888888888888888888888888888999998888888888888888888888888888888888888888888888888888888888888888888888888888888889999991111111999999999998899999999999111111199999
8888888888888888888888888889999991999999988888888888888888888888888888888888888888888888888888888888888888888888888888889999998888888888888888888888888888888888888888888888888888888888888888888888888888888888999991111111999999999999999999999991111111999999
8888888888888888888888888888899999991999998888888888888888888888888888888888888888888888888888888888888888888888888888899999999888888888888888888888888888888888888888888888888888888888888888888888888888888888999999999999999999999999999911111111111111199999
8888888888888888888888888888888999991111999988888888888888888888888888888888888888888888888888888888888888888888888888999999999888888888888888888888888888888888888888888888888888888888888888888888888888888889999999999999888888888888889911111111111111119999
8888888888888888888888888888888889999111199998888888888888888888888888888888888888888888888888888888888888888888888889919999999888888888888888888888888888888888888888888888888888888888888888888888888888888889999999999988888888888888888999991111111111111999
8888888888888888888888888888888888889991111999888888888888888888888888888888888888888888888888888888888888888888888999111999999888888888888888888888889999888888888888888888888888888888888888888888888888888999999999988888888888888888888999999999111111111119
8888888888888888888888888888888888888999111999988888888888888888888888888888888888888888888888888888888888888888899999111999999988888888888888888888899999988888888888888888888888888888888888888888888888889999999888888888888888888888888889999999911111111111
8888888888888888888888888888888888888999999999998888888888888888888888888888888888888888888888888888888888888888999991111999999999888888888888888888991199998888888888888888888888888888888888888888888888889999888888888888888888888888888888899999999911111111
8888888888888888888888888888888888888899999999999988888888888888888888888888888888888888888888888888888888888888999111119999999999988888888888888888991199999888888888888888888888888888888888888888888888889988888888888888888888888888888888888999999991111111
8888888888888888888888888888888888888888899999999999988888888888888888888888888888888888888888888888888888888889991119999999999899888888888888888888999999999988888888888888888888888888888888888888888888888888888888888888888888888888888888888889999999111111
8888888888888888888888888888888888888888899999999999998888888888888888888888888888888888888888888888888888888999111199999999988888888888888888888888889999999998888888888888888888888888888888888888888888888888888888888888888888888888888888888888899999911111
8888888888888888888888888888888888888888889999999999998888888888888888888888888888888888888888888888888888999991119999999999888888888888888888888888888999999999888888888888888888888888888888888888888888888888888888888888888888888888888888888888899999991111
8888888888888888888888888888888888888888888899999999999988888888888888888888888888888888888888888888888889999111199999999988888888888888888888888888888899999999998888888888888888888888888888888888888888888888888888888888888888888888888888888888888999999111
8888888888888888888888888888888888888888888888999991999999988888888888888888888888888888888888888888888899991111999999998888888888888888888888888888888888888999999888888888888888888888888888888888999888888888888888888888888888888888888888888888888999999111
8888888888888888888888888888888888888888888888888999999999998888888888888888888888888888888888888888889999911199999998888888888888888888888888888888888888888999999999888888888888888888888888888888999888888888888888888888888888888888888888888888888889999911
8888888888888888888888888888888888888888888888888899999999999998888888888888888888888888888888899999999999911999999988888888888888888888888888888888888888888888999999988888888888888888888888888888888888888888888888888888888888888888888888888888888888999911
8888888888888888888888888888888888888888888888888889999999999999999888888888888888888888888888999999999911999999998888888888888888888888888888888888888888888888899999999888888888888888888888888888888888888888888888888888888888888888888888888888888888899911
8888888888888888888888888888888888888888888888888888899999999999999988888888888888888888888899999999991111999999888888888888888888888888888888888888888888888888888999999999888888888888888889999888888888888888888888888888888888888888888888888888888888889999
8888888888888888888888888888888888888888888888888888889999999999999999888888888888888888899999999991111199999988888888888888888888888888888888888888888888888888888899999999999988888888888899999888888888888888888888888888888888888888888888888888888888888999
8888888888888888888888888888888888888888888888888888888999999999999999999998888888888888999999999111111999999888888888888888888888888888888888888888888888888888888889999999999998888888889999999888888888888888888888888888888888888888888888888888888888888999
8888888888888888888888888888888888888888888888888888888889999999911999999999999888899999999999911111119999998888888888888888888888888888888888888888888888888888888888999999999999998888899999999888888888888888888888888888888888888888888888888888888888888999
8888888888888888888888888888888888888888888888888888888888899999991119999999999999999999999991111111999999988888888888888888888888888888888888888888888888888888888888999999111199999999999999999888888888888888888888888888888888888888888888888888888888888999
9998888888888888888888888888888888888888888888888888888888888999999111119999999999999999911111111111999999988888888888888888888888888888888888888888888888888888888888899999111111111999999999999888888888888888888888888888888888888888888888888888888888889999
9999888888888888888888888888888888888888888888888888888888888899999111111111999999999111111111111111999999988888888888888888888888888888888888888888888888888888888888899999111111119999999999999888888888888888888888888888888888888888888888888888888888889991
9999988888888888888888888888888888888888888888888888888888888889999991111111111991111111111111111111999999988888888888888888888888888888888888888888888888888888888888899999911111999999999999999988888888888888888888888888888888888888888888888888888888889991
8999998888888888888888888888888888888888888888888888888888888888999999111111111111111111111111111111999999988888888888888888888888888888888888888888888888888888888888899999999999999999999999999999888888888888888888888888888888888888888888888888888888999911
8889998988888888888888888888888888888888888888888888888888888888999999911111111111111111111111199999999999998888888888888888888888888888888888888888888888888888888888899999999999999888888889999999888888888888888888888888888888888888888888888888888889991111
8888889999888888888888888888888888888888888888888888888888888888999999999111111111111111111111999999999999998888888888888888888888888888888888888888888888888888888888889999999999998888888888888999999888888888888888888888888888888888888888888888888999911111
8888888999999888888888888888888888888888888888888888888888888888899999999911111111111111119999999999999999999888888888888888888888888888888888888888888888888888888888899999999988888888888888888889999988888888888888888888888888888888888888888888889999911111
8888888899988888888888888888888888888888888888888888888888888888899999999911111111111111999999999999999999999988888888888888888888888888888888888888888888888888888888899999999888888888888888888888999998888888888888888888888888888888888888888888899911111991
8888888889988888888888888888888888888888888888888888888888888888899999999911111111111119999999999999999999999999998888888888888888888888888888888888888888888888888888999999888888888888888888888888899999888888888888888888888888888888888888888888999911199999
8888888888888999888888888888888888888888888888888888888888888888899999999111111111111199999999999999999999888889999998888888888888888888888888888888888888888888888889999988888888888888888888888888888888988888888888888888888888888888888888888888999999999999
8888888888888899998888888888888888888888888888888888888888888888999999911111111111199999999999999999988888888889999999988888888888888888888888888888888888888888888899999888888888888888888888888888888888998888888888888888888888888888888888888888999999999999
8888888888888889998888888888888888888888888888888888888888888889999999111111111199999999999999888888888888888888899999999988888888888888888888888888888888888888888999999888888888888888888888888888888888899999988888888888888888888888888888888888999999999999
8888888888888888999988888888888888888888888888888888888888888899999991111111111999999999999888888888888888888888888899999999888888888888888888888888888888888888889999988888888888888888888888888888888888889999988888888888888888888888888888888888888888888899
8888888888888888888888888888888888888888888888888888888888888999999911111111119999999999998888888888888888888888888889999999888888888888888888888888888888888888899998888888888888888888888888888888888888888889999998888888888888888888888888888888888888888888
8888888888888888888888888888888888888888888888888888888888899999999111111111199999999999888888888888888888888888888888899888888888888888888888888888888888888888899998888888888888888888888888888888888888888888889999999988888888888888888888888888888888888888
8888888888888888888888888888888888888888888888888888888889999999999111111199999999999988888888888888888888888888888888888888888888888888888888888888888888888888889888888888888888888888888888888888888888888888889999999999999999999888888888888888888888888888
8888888888888888888888888888888888888888888888888888888889999999991111111199999999999888888888888888888888888888888888888888899998888888888888888888888888888898888888888888888888888888888888888888888888888888888899999991999999999888888888888888888888888888
8888888888888888888888888899888888888888888888888888888899999999111111111999999999998888888888888888888888888888888888888888889998888888888888888888888889999998888888888888888888888888888888888888888888888888888899999911199999999888888888888888888888888888
8888888888888888888888888999988888888888888888888888889999999911111119999999999999988888888888888888888888888888888888888888888999988888888888888888888999999998888888888888888888888888888888888888888888888888888888999911199999888888888888888888888888888888
8888888888888888888888888899999988888888888888888888999999991111111999999999999999988888888888888888888888888888888888888888888899999998888888888888889999999998888888888888888888888888888888888888888888888888888888999991199999888888888888888888888888888888
8888888888888888888888888889999998888888888888888999999999911111119999999999999999888888888888888888888888888888888888888888888899999999998888888888889999999998888888888888888888888888888888888888888888888888888888899999999998888888888888888888888888888888
8888888888888888888888888888999999988999999999999999999999111111199999999999899988888888888888888888888888888888888888888888888888899999999888888899999999999999888888888888888888888888888888888888888888888888888888899999999888888888888888888888888888888888
8888888888888888888888888888999999999999999999999999999111111119999999888888888888888888888888888888888888888888888888888888888888889999999999999999999999999998888888888888888888888888888888888888888888888888888888888999999888888888888888888888888888888888
8888888888888888888888888888999999999999999999999999991111111999999998888888888888888888888888888888888888888888888888888888888888888999999999999999999888888888888888888888888888888888888888888888888888888888888888888999999888888888888888888888888888888888
8888888888888888888888888888888999999999999999999991111111199999999988888888888888888888888888888888888888888888888888888888888888888899999999999999998888888888888888888888888888888888888888888888888888888888888888888899998888888888888888888888888888888888
8888888888888888888888888888888889999999999999999911111111999999998888888888888888888888888888888888888888888888888888888888888888888899999999999999888888888888888888888888888888888888888888888888888888888888888888888899998888888888888888888888888888888888
8888888888888888888888888888888888999999991111111111111199999999888888888888888888888888888888888888888888888888888888888888888888888889999999999998888888888888888888888888888888888888888888888888888888888888888888888899998888888888888888888888888888888888
8888888888888888888888888888888888999999911111111111111999999998888888888888888888888888888888888888888888888888888888888888888888888889999999999998888888888888888888888888888888888888888888888888888888888888888888888899999888888888888888888888888888888888
8888888888888888888888888888888888999999911111111111119999999888888888888888888888888888888888888888888888888888888888888888888888888889999119999988888888888888888888888888888888888888888888888888888888888888888888888899999988888888888888888888888888888888
8888888888888888888888888888888888899999911111111111199999988888888888888888888888888888888888888888888888888888888888888888888888888889999999999988888888888888888888888888888888888888888888888888888888888888888888888888889998888888888888888888888888888888
8888888888888888888888888888888888899999911111111111999999888888888888888888888888888888888888888888888888888888888888888888888888888888999999988888888888888888888888888888888888888888888888888888888888888888888888888888888888888888888888888888888888888888
8888888888888888888888888888888888899999911111111119999998888888888888888888888888888888888888888888888888888888888888888888888888888888999999888888888888888888888888888888888888888888888888888888888888888888888888888888888888888888888888888888888888888888
8888888888888888888888888888888888999999111111111199999998888888888888888888888888888888888888888888888888888888888888888888888888888888999999888888888888888888888888888888888888888888888888888888888888888888888888888888888888888888888888888888888888888888
8888888888888888888888888888888889999991111111111199999988888888888888888888888888888888888888888889988888888888888888888888888888888889999999888888888888888888888888888888888888888888888888888888888888888888888888888888888888888888888888888888888888888888
8888888888888888888888888888888899999911111111111999999888888888888888888888888888888888888888888889998888888888888888888888888888888889999999888888888888888888888888888888888888888888888888888888888888888888888888888888888888888888888888888888888888888888
8888888888888888888888888888888899999111111111119999999888888888888888888888888888888888888888888889988888888888888888888888888888888889999999888888888888888888888888888888888888888888888888888888888888888888888888888888888888888888888888888888888888888888
8888888888888888888888888888888999999111991111119999999888888888888888888888888888888888888888888888888888888888888888888888888888888889999999888888888888888888888888888888888888888888888888888888888888988888888888888888888888888888899888888888888888888888
8888888888888888888888888888888999999199999111111999999888888888888888888888888888888888888888888888888888888888888888888888888888888899999999988888888888888888888888888888888888888888888888888888888888999998888888888888888888888888889988888888888888888888
8888888888888888888888888888889999999999999911111999999888888888888888888888888888888888888888888888888888888888888888888888888888889999999999999888888888888888888888888888888888888899998888888888888889999998888888888888888888888888889998888888888888888888
8888888888888888888888888899999999999999999999111199999888888888888888888888888888888888888888888888888888888888888888888888888888889999999999999888888888888888888888888888888888888899999888888888888899999998888888888888888888888888889998888888888888888888
8888888888888888888888888889999999888888899999991199999888888888888888888888888888888888888888888888888888888888888888888888888888899999911199999988888888888888888888888888888888888999998888888888888889919999888888888888888888888888889999998888888888888888
8888888888888888888888888999998888888888888889999119999888888888888888888888888888888888888888888888888888888888888888888888888888899999111119999998888888888888888888888888888889888999998888888888888889999999999988888888888888888888889999999988888888888888
8888888888888888888888889999998888888888888889999919999888888888888888888888888888888888888888888888888888888888888888888888888888999999111119999999988888888888888888888888888889988999998888888888888888889999999998888888888888888888889999999911119999988888
8888888888888888888899999999888888888888888888999999999988888888888888888888888888888888888888888888888888888888888888888888888888999991111111999999998888888888888888888888899998888888888888888888888888888999911199998888888888888888899999991111119999988888
8888888888888888999999999988888888888888888888899999999998888888888888888888888888888888888888888888888888888888888888888888888899999991111111119999999998888888888888888888899988888888888888888888888888888899999911199988888888888888999991111111199999988888
8888888888888888999999999988888888888888888888889999999999888888888888888888888888888888888888888888888888888888888888888888999999999991111111111999999999999998888888888888888888888888888888888888888888888888999991199999888888888889999911111119999999888888
8888888888888888999999998888888888888888888888888999999999888888888888888888888888888888888888888888888888888888888888888899999999999911111111111119999999999999888888888888888888888888888888888888888888888888889999991111999999999999111111119999998888888888
8888888888899999999999888888888888888888888888888899999999888888888888888888888888888888888888888888888888888888888888888999999999999111111111111111119999999999888888888888888888888888888888888888888888888888889999991111199999999911111111999999888888888888
8888888999999999999888888888888888888888888888888889999999998888888888888888888888888888888888888888888888888888888888888999999999911111111111111111111999999999888888888888888888888888888888888888888888888888888999999111111111111111111119999998888888888888
8888889999999999998888888888888888888888888888888888999119998888888888888888888888888888888888888888888888888888888888889999999991111111111111111999999999999988888888888888888888888888888888888888888888888888888888999991111111111111111199999988888888888888
8888999999119999988888888888888888888888888888888888999111999988888888888888888888888888888888888888888888888888888888889999999991111111111111199999999999998888888888888888888888888888888888888888888888888888888888999999111111111111119999998888888888888888
8999999999119999988888888888888888888888888888888888999111999988888888888888888888888888888888888888888888888888888888899999999911111111199999999999998888888888888888888888888888888888888888888888888888888888888888899999111111111111199999988888888888888888
9991119999199999888888888888888888888888888888888888999911199999888888888888888888888888888888888888888888888888888888999999911111111111999999999999888888888888888888888888888888888888888888888888888888888888888888889999111111111111999999988888888888888888
9911111999999988888888888888888888888888888888888888999911119999888888888888888888888888888888888888888888888888888999999999111111111119999999999988888888888888888888888888888888888888888888888888888888888888888888889999911111111111999999988888888888888888
1111111999999888888888888888888888888888888888888888999911111999988888888888888888888888888888888888888888888888889999999991111111111999999999999988888888888888888888888888888888888888888888888888888888888888888888889999991111111111999999988888888888888888
1111111999998888888888888888888888888888888888888888999911111199998888888888888888888888888888888888888888888888999999999111111111119999999999888888888888888888888888888888888888888888888888888888888888888888888888889999991111111111199999988888888888888888
1111119999888888888888888888888888888888888888888888999911111199999888888888888888888888888888888888888888888889999999991111111111999999999888888888888888888888888888888888888888888888888888888888888888888888888888889999911111111111111999988888888888888888
1119999988888888888888888888888888888888888888888888999111199999999999988888888888888888888888888888888889999999999999911111111199999999888888888888888888888888888888888888888888888888888888888888888888888888888888889999111111111111111199998888888888888888
1199999988888888888888888888888888888888888888888889999111999999999999988888888888888888888888888888888889999999999111111111119999999998888888888888888888888888888888888888888888888888888888888888888888888888888888889991111111119111111119999988888888888888
1199999888888888888888888888888888888888888888888889999999999999999999998888888888888888888888888888888999999999991111111111199999998888888888888888888888888888888888888888888888888888888888888888888888888888888888889991111111999999911111999988888888888888
1999988888888888888888888888888888888888888888888899999999998888889999999888888888888888888888888888899999999999111111111111999999988888888888888888888888888888888888888888888888888888888888888888888888888888888888899991111119999999999911999998888888888888
9999988888888888888888888888888888888888888888888999999998888888888888999888888888888888888888888889999999999911111111111111999999888888888888888888888888888888888888888888888888888888888888888888888888888888888888999911111999999999999999999999888888888888
9999988888888888888888888888888888888888888888889999999988888888888888888888888888888888888888888999999999991111111111111119999999888888888888888888888888888888888888888888888888888888888888888888888888888888888888999911111999999888899999999991998888888888
9999988888888888888888888888888888888888888888899999998888888888888888888888888899888888888999999999999999111111111111111199999999888888888888888888888888888888888888888888888888888888888888888888888888888888888889999111119999988888888899999999998888888888
1999988888888888888888888888888888888888888888999999888888888888888888888888888999999999999999999999999911111111111111111199999998888888888888888888888888888888888888888888888888888888888888888888888888888888888899911111999999988888888888889999999999888888
1199888888888888888888888888888888888888888888999998888888888888888888888888889999999999999991199999111111111111111111111999999988888888888888888888888888888888888888888888888888888888888888888888888888888888888991111199999998888888888888888999999999999988
1119888888888888888888888888888888888888888889888888888888888888888888888888888888999999999911111111111111111111111111199999999988888888888888888888888888888888888888888888888888888888888888888888888888888888889911111999998888888888888888888888899999999999
1119888888888888888888888888888888888888888899888888888888888888888888888888888888888889999991111111111111111111111111999999999888888888888888888888888888888888888888888888888888888888888888888888888888888888999911119988888888888888888888888888889999999999
9199988888888888888888888888888888888888888888888888888888888888888888888888888888888888999999911111111111111111111111999999999888888888888888888888888888888888888888888888888888888888888888888888888888888889999999999888888888888888888888888888889999988888
9999998888888888888888888888888888888888888888888888888888888888888888888888888888888888889999999111111111111111111111999999999888888888888888888888888888888888888888888888888888888888888888888888888888888899999988888888888888888888888888888888888999988888
9999998888888888888888888888888888888888888888888888888888888888888888888888888888888888888899999991111111111111111111119999999988888888888888888888888888888888888888888888888888888888888888888888888888888999999988888888888888888888888888888888888889888888
9999999888888888888888888888888888888899888888888888888888888888888888888888888888888888888889999999111111111111111111111999999998888888888888888888888888888888888888888888888888888888888888888888888888888999998888888888888888888888888888888888888888888888
8899999988888888888888888888888888888999888888888888888888888888888888888888888888888888888889999999111111111111111111111199999998888888888888888888888888888888888888888888888888888888888888888888888888899988888888888888888888888888888888888888888888888888
8889911998888888888888888888888888888998888888888888888888888888888888888888888888888888888889999999111111111111111111111119999998888888888888888888888888888888888888888888888888888888888888888988888888998888888888888888888888888888888888888888888888888888
8889991999888888888888888888888888899998888888888888888888888888888888888888888888888888888889999991111111111111111111111111999999988888888888888888888888888888888888888888888888888888888899999999998899998888888888888888888888888888888888888888888888888888
8888899199988888888888888888888888999998888888888888888888888888888888888888888888888888888889999911111111111999111111111111199999999888888888888888888888888888888888888888888888888888888899999999999999888888888888888888888888888888888888888888888888888888
8888899111199999888888888888888889999988888888888888888888888888888888888888888888888888888899999111111111199999999991111111119999999988888888888888888888888888888888888888888888888888888899999999199999888888888888888888888888888888888888888888888888888888
8888899911111999998888888888998999999988888888888888888888888888888888888888888888888888888899991111111199999999999999911111111199999988888888888888888888888888888888888888888888888888888999999199999998888888888888888888888888888888888888888888888888888888
8888899911111119998888888888999888889998888888888888888888888888888888888888888888888888888899991111119999999999999999999999111119999999988888888888888888888888888888888888888888888888889999911119999988888888888888888888888888888888888888888888888888888888
8888899991111111199988888888888888888888888888888888888888888888888888888888888888888888888999911199999999999999999999999999111111199999998888888888888888888888888888888888888888888888899999911199998888888888888888888888888888888888888888888888888888888888
8888899911111111119988888888888888888888888888888888888888888888888888888888888888888888889999999999999999999999999999999999911111119999998888888888888888888888888888888888888888888899991111111999988888888888888888888888888888888888888888888889888888888888
8888899911111111119988888888888888888888888888888888888888888888888888888888888888888888991119999999999999999999999999999999999999111119999888888888888888888888888888888888888888888899991111119999988888888888888888888888888888888888888888888889888888888888
8888899111111119999888888888888888888888888888888888888888888888888888888888888888888899111199999999999999999999999999999999999999911111199998888888888888888888888888888888888888888899999999999999988888888888888888888888888888888888888888888888888888888888
8888891111111999998888888888888888888888888888888888888888888888888888888888888888889999119999999999988888888888888888889999999999991111119999999888888888888888888888888888888888888899999999999999988888888888888888888888888888888888888888888888888888888888
8888911111119999888888888888888888888888888888888888888888888888888888888888888888999999999999999888888888888888888888888888889999999111111999999998888888888888888888888888888888888889999999999999988888888888888888888888888888888888888888888888888888888888
8889111111199888888888888888888888888888888888888889988888888888888888888888888889999999999888888888888888888888888888888888888888888999999999999999998888888888888888888888888888888888888888999999988888888888888888888888888888888888888888888888888888888888
8991111111888888888888888888888888888888888888888889999989988888888888888888889999999999998888888888888888888888888888888888888888888899999999999999999888888888888888888888888888888888888888888889998888888888888888888888888888888888888888888888888888888888
9911119998888888888888888888888888888888888888888888899999999888888888888888899999999999988888888888888888888888888888888888888888888888999999111999999999888888888988888888888888888888888888888889999888888888888888888888888888888888888888888888888888888888
9111999998888888888888888888888888888888888888888888889999999988888888888999999999999988888888888888888888888888888888888888888888888888899999111111999999999888888888888888888888888888888888888888889998888888888888888888888888888888888888888888888888888888
1119999998888888888888888888888888888888888888888888889999999119999999911111999999998888888888888888888888888888888888888888888888888888889999991111111111111999888888888888888888888888888888888888888889888888888888888888888888888888888888888888888888888888
1199999999888888888888888888888888888888888888888888889999999111999999111111999998888888888888888888888888888888888888888888888888888888888999999111111111111999888888888888888888888888888888888888888888999888888888888888888888888888888888888888888888888888
9999999999888888888888888888888888888888888888888888888899999991111111111111999888888888888888888888888888888888888888888888888888888888888889999911111111119999888888888888888888888888888888888888888888889988888888888888888888888888888888888888888888888888
8888888888888888888888888888888888888888888888888888888889999999911111111119998888888888888888888888888888888888888888888888888888888888888888899991111111199998888888888888888888888888888888888888888888888998888888888888888888888888888888888888888888888888
8888888888888888888888888888888888888888888888888888888889999999999111111199998888888888888888888888888888888888888888888888888888888888888888889991111111999998888888888888888888888888888888888888888888888999888888888888888888888888888888888888888888888888
8888888888888888888888888888888888888888888888888888888889999999999911119999988888888888888888888888888888888888888888888888888888888888888888888899111119999988888888888888888888888888888888888888888888888899998888888888888888888888888888888888888888888888
8888888888888888888888888888888888888888888888888888888889999999999999999999988888888888888888888888888888888888888888888888888888888888888888888888991199998888888888888888888888888888888888888888888888888888999888888888888888888888888888888888888888888888
8888888888888888888888888888888888888888888888888889888888888888899999999999988888888888888888888888888888888888888888888888888888888888888888888888999999998888888888888888888888888888888888888888888888888888899988888888888888888888888888888888888888888888
8888888888888888888888888888888888888888888888888888888888888888888888999999998888888888888888888888888888888888888888888888888888888888888888888888999999998888888888888888888888888888888888888888888888888888889999988888888888888888888888888888888888888888
8888888888888888888888888888888888888888888888888888888888888888888888899999998888888888888888888888888888888888888888888888888888888888888888888888999999998888888888888888888888888888888888888888888888888888889999999888888888888888888888888888888888888888
8888888888888888888888888888888888888888888888888888888888888888888888889999999888888888888888888888888888888888888888888888888888888888888888888888999999988888888888888888888888888888888888888888888888888888888889999988888888888888888888888888888888888888
8888888888888888888888888888888888888888888888888888888888888888888888888899999888888888888888888888888888888888888888888888888888888888888888888888999999998888888888888888888888888888888888888888888888888888888889999999888888888888888888888888888888888888
8888888888888888888888888888888888888888888888888888888888888888888888888889999988888888888888888888888888888888888888888888888888888888888888888888999999999888888888888888888888888888888888888888888888888888888888999999988888888888888888888888888888888888
8888888888888888888888888888888888888888888888888888888888888888888888888888999998888888888888888888888888888888888888888888888888888888888888888888888899999988888888888888888888888888888888888888888888888888888888999999998888888888888888888888888888888888
8888888888888888888888888888888888888888888888888888888888888888888888888888899999888888888888888888888888888888888888888888888888888888888888888888888888899988888888888888888888888888888888888888888888888888888888899999999988888888888888888888888888888888
8888888888888888888888888888888888888888888888888888888888888888888888888888888999988888888888888888888888888888888888888888888888888888888888888888888888889998888888888888888888888888888888888888888888888888888888899999999999888888888888888888888888888888
8888888888888888888888888888888888888888888888888888888888888888888888888888888899988888888888888888888888888888888888888888888888888888888888888888888888888999988888888888888888888888888888888888888888888888888888889999111999988888888888888888888888888888
8888888888888888888888888888888888888888888888888888888888888888888888888888888889999888888888888888888888888888888888888888888888888888888888888888888888888889988888888888888888888888888888888888888888888888888888889991111119999888888888888888888888888888
8888888888888888888888888888888888888888888888888888888888888888888888888888888888999999888888888888888888888888888888888888888888888888888888888888888888888889999888888888888888888888888888888888888888888888888888889991111111999988888888888888888888888888
8888888888888888888888888888888888888888888888888888888888888888888888888888888888999999998888888888888888888888888888888888888888888888888888888888888888888888999998888888888888888888888888888888888888888888888888999911111111119998888888888888888888888888
8888888888888888888888888888888888888888888888888888888888888888888888888888888888999999998888888888888888888888888888888888888888888888888888888888888888888888889998888888888888888888888888888888888888888888888888999111111111119999999888888888888888888888
8888888888888888888888888888888888888888888888888888888888888888888888888888888888999911111999999888888888888888888888888888888888888888888888888888888888888888888999998888888888888888888888888888888888888888888889991111111111111999999988888888888888888888
8888888888888888888888888888888888888888888888888888888888888888888888888888888889999911111119999988888888888888888888888888888888888888888888888888888888888888888889999888888888888888888888888888888888888888888999111111111111111111111198888888888888888888
8888888888888888888888888888888888888888888888888888888888888888888888888888888889999991111111199999988888888888888888888888888888888888888888888888888888888888888888999998888888888888888888888888888888888888899991111199999999999111111119999998899999999999
8888888888888888888888888888888888888888888888888888888888888888888888888888888889999999999911199999998888888888888888888888888888888888888888888888888888888888888888899999988888888888888888888888888888888899999911111999999999999911111111111199999999999999
8888888888888888888888888888888888888888888888888888888888888888888888888888888889988888888889999999999988888888888888888888888888888888888888888888888888888888888888888999999988888888888888888888888888888999999911119999888888888888991111111119999999999991
8888888888888888888888888888888888888888888888888888888888888888888888888888888899888888888888888889999998888888888888888888888888888888888888888888888888888888888888888999999999888888888888888888888888889999999999988888888888888888899911111119911111111111
8888888888888888888888888888888888888888888888888888888888888888888888888888888888888888888888888888889999988888888888888888888888888888888888888888888888888888888888888999999999998888888888888888888899999999999998888888888888888888888889999999911111111111
8888888888888888888888888888888888888888888888888888888888888888888888888888898888888888888888888888888999999999888888888888888888888888888888888888888888888888888888888999999999999999888888888889998999999999999988888888888888888888888888999999911111111111
8888888888888888888888888888888888888888888888888888888888888888888888888888888888888888888888888888888899999999999999988888888888888888888888888888888888888888888888888999991119999999999889999999999999999999999888888888888888888888888888999999999111111111
8888888888888888888888888888888888888888888888888888888888888888888888888888888888888888888888888888888888889999919999998888888888888888888888888888888888888888888888889999991111111111999999999991111119999999888888888888888888888888888888888999999991111111
9888888888888888888888888888888888888888888888888888888888888888888899988888888888888888888888888888888888888999911999998888888888888888888888888888888888888888888888889999991111111111119999999111111119999998888888888888888888888888888888888889999999111111
9888888888888888888888888888888888888888888888888888888888888888888988888888888888888888888888888888888888888888991999999888888888888888888888888888888888888888888888899999911111111111111119111111111999888988888888888888888888888888888888888888899999991111
9888888888888888888888888888888888888888888888888888888888888999999888888888888888888888888888888888888888888888889999999988888888888888888888888888888888888888888888999991111111111111111111111111119998888888888888888888888888888888888888888888889999999911
9988888888888888888888888888888888888888888888888888888888888999999888888888888888888888888888888888888888888888888999999998888888888888888888888888888888888888888889999911111111199999999991111111119998888888888888888888888888888888888888888888888899999999
9998888888888888888888888888888888888888888888888888888888888999988888888888888888888888888888888888888888888888888999999999998888888888888888888888888888888888888899991111111199999999999999111199999998888888888888888888888888888888888888888888888888999999
9999888888888888888888888888888888888888888888888888888888888999888888888888888888888888888888888888888888888888888888999999999888888888888888888888888888888888889999991111199999999988888889999999999999888888888888888888888888888888888888888888888888899999
1199988888888888888888888888888888888888888888888888888888899998888888888888888888888888888888888888888888888888888888999999999999988888888888888888888888888888999991119999999988888888888888888899999999888888888888888888888888888888888888888888888888889999
1119998888888888888888888888888888888888888888888888888888119888888888888888888888888888888888888888888888888888888888899999991199999888888888888888888888888999999911199999999888888888888888888899999999988888888888888888888888888888888888888888888888889999
1111999888888888888888888888888888888888888888888888999991119888888888888888888888888888888888888888888888888888888888888899999119999999888888888888888888889999991111999999998888888888888888888888999999998888888888888888888888888888888888888888888888889999
1111119988888888888888888888888888888888888888888888999999998888888888888888888888888888888888888888888888888888888888888888999991111199988888888888888888999991111199999999888888888888888888888888888999999988888888888888888888888888888888888888888888889999
9111111198888888888888888888888888888888888888888999991999888888888888888888888888888888888888888888888888888888888888888888888999111111998888988999999999999911111999999888888888888888888888888888888888889998888888888888888888888888888888888888888888889999
9911111119988888888888888888888888888888888888899999111988888888888888888888888888888888888888888888888888888888888888888888888999991111119999999999999999111111199999889888888888888888888888888888888888888988888888888888888888888888888888888888888888889999
9999111111999988888888888888888888888888888889999911111988888888888888888888888888888888888888888888888888888888888888888888888899999111111999999999999911111111999998888888888888888888888888888888888888888888888888888888888888888888888888888888888888899999
8999999111999999999888888888888888888888888899999111199888888888888888888888888888888888888888888888888888888888888888888888888888999991111111119999991111111119999988888888888888888888888888888888888888888888899988888888888888888888888888888888888888899999
8888999999999999999988888888888888888888888999911111999888888888888888888888888888888888888888888888888888888888888888888888888888899999911111111199911111111199999888888888888888888888888888888888888888888888899998888888888888888888888888888888888889999991
8888889999991111999999988888888888888888999999111119999988888888888888888888888888888888888888888888888888888888888888888888888888899999991111111111111111119999998888888888888888888888888888888888888888888888889999899888888888888888888888888888888899999911
8888888899999111111999999888888888888999999111111119999988888888888888888888888888888888888888888888888888888888888888888888888888888999999111111111111111999999988888888888888888888888888888888888888888888888888899999998888888888888888888888888889999991111
