6666668888888888888888888888666666666666688888888888888888888888888888888888888888888888888888888888888888888888888888888888888888888888888866666777777666777777766688888888888888888888888888888888888888888888866777666688888888888888888888888888888888888888
6666688888888888888888888888888666666666668888888888888888888888888888888888888888888888888888888888888888888888888888888888888888888888888666666777766666666777777668888888888888888888888888888888888888888888667777666668888888888888888888888888888888888888
6666888888888888888888888888888886666666666668888866888888888888888888888888888888888888888888888888888888888888888888888888888888888888886666666666666666666667777766888888888888888888888888888888888888888888677777766668888888888888888888888888888888888888
6668888888888888888888888888888888666666666666666666688888888888888888888888888888888888888888888888888888888888888888888888888888888888866666666666666666666666777766688888888888888888888888888888888888888886777777776666888888888888888888888888888888888888
6888888888888888888888888888888888888666666666666666688888888888888888888888888888888888888888888888888888888888888888888888888888888888666666666666666888666666666666666688888888888888888888888888888888888886677777777666888888888888888888888888888888888888
8888888888888888888888888888888888888886666666666666668888888888888888888888888888888888888888888888888888888888888888888888888888888886667766666666888888888666666666677666688888888888888888888888888888888886666667777666688888888888888888888888888888888888
8888888888888888888888888888888888888888888666666666668888888888888888888888888888888888888888888888888888888888888888888888888888888886667766666668888888888888886666676666668888888888888888888888888888888888866666666666668888888888888888888888888888888888
8888888888888888888888888888888888888888888888666666668888888888888888888888888888888888888888888888888888888888888888888888888888888866666666668888888888888888888886666666776666668888888888888888888888888888888866666666666688888888888888888888888888888888
8888888888888888888888888888888888888888888888886666666668888888888888888888888888888888888888888888888888888888888888888888888888886666666688888888888888888888888888886666777766666666668888888888888888888888888888888666666666688888888888888888888888888888
8888888888888888888888888888888888888888888888888666666666888888888888888888888888888888888888888888888888888888888888888888888888866666666888888888888888888888888888888666777777666666666666888888888888888888888888888666666666668888888888888888888888888888
8888888888888888888888888888888888888888888888888666666666668888888888888888888888888888888888888888888888888888888888888888888886666666666888888888888888888888888888888866677777766666666688888888888888888888888888888888888866666668888888888888888888888888
8888888888888888888888888888888888888888888888888888866666666666888888888888888888888888888888888888888888888888888888888888888866666666888888888888888888888888888888888866667777776666666888888888888888888888888888888888888888666666666666888888888888888888
8888888888888888888888888888888888888888888888888888886666666666666888888888888888888888888888888888888888888888888888888888866668888888888888888888888888888888888888888866666777766666688888888888888888888888888888888888888888886666666666888888888888888888
8888888888888888888888888888888888888888888888888888888866666666666688888888888888888888888888888888888888888888888886677666666688888888888888888888888888888888888888888866666677666666888888888888888888888888888888888888888888886666666676688888888888888888
8888888888888888888888888888888888888888888888888888888888666666777766888888888888888888888888888888888888888888888666777666666688888888888888888888888888888888888888888866666666666888888888888888888888888888888888888888888888888886666777666888888888888888
8888888888888888888888888888888888888888888888888888888888888666677776668888888888888888888888888888888888888888886666777766668888888888888888888888888888888888888888888866666668888888888888888888888888888888888888888888888888888888866666766666666688888888
8888888888888888888888888888888888888888888888888888888888888886667777766666668888888888888888888888886666666667777666666666688888888888888888888888888888888888888888888666666688888888888888888888888888888888888888888888888888888888888866776666666666688888
8888888888888888888888888888888888888888888888888888888888888886666777777766666888888888888888888866666667777777777666666888888888888888888888888888888888888888888888886666666888888888888888888888888888888888888888888888888888888888888888666777666666688888
8888888888888888888888888888888888888888888888888888888888888886666677777777766688888888888888888666666777777777776666668888888888888888888888888888888888888888888888866666668888888888888888888888888888888888888888888888888888888888888888886677666666666666
8888888888888888888888888888888888888888888888888888888888888886666667777777777777666666666666666666666677777777666666888888888888888888888888888888888888888888888888666666666888888888888888888888888888888888888888888888888888888888888888888666666777666666
8888888888888888888888888888888888888888888888888888888888888886666667777777777777666666666666666666667777777776666668888888888888888888888888888888888888888888888866666666666888888888888888888888888888888888888888888888888888888888888888888866667777776666
8888888888888888888888888888888888888888888888888888888888888886666677777777777777666666666666666677777777777766666668888888888888888888888888888888888888888888888666666666666888888888888888888888888888888888888888888888888888888888888888888886666777777777
8888888888888888888888888888888888888888888888888888888888888886666677777666666666666666677777777777777777776666668888888888888888888888888888888888888888888888866666666666666688888888888888888888888888888888888888888888888888888888888888888888666677777777
8888888888888888888888888888888888888888888888888888888888888866666667766666666666666666667777777777777777766666688888888888888888888888888888888888888888888866666666777766666688888888888888888888888888888888888888888888888888888888888888888888866667777777
8888888888888888888888888888888888888888888888888888888888886666666666668888888888888866666677777777777777666668888888888888888888888888888888888888888888886666666667777776666688888888888888888888888888888888888888888888888888888888888888888888866667777777
8888888888888888888888888888888888888888888888888888888888866666666688888888888888888888886666777777777777666888888888888888888888888888888888888888888888886666666677777776666688888888888888888888888888888888888888888888888888888888888888888888866677777766
8888888866888888888888888888888888888888888888888888888888666666668888888888888888888888888666667777777776668888888888888888888888888888888888888888888888886666667777777776666688888888888888888888888888888888888888888888888888888888888888888888866677776666
8888888866688888888888888888888888888888888888888888888886666666668888888888888888888888888888666777777766668888888888888888888888888888888888888888888888886666677777777766668888888888888888888888888888888888888888888888888888888888888888888888866677766666
8888888888888888888888888888888888888888888888888888888666666688888888888888888888888888888888666677777776668888888888888888888888888888888888888888888888866666777777777666668888888888888888888888888888888888888888888888888888888888888888888888666776666888
8888888888888888888888888888888888888888888888888888866666666688888888888888888888888888888888886666777776666888888888888888888888888888888888888888888888866667777777766666688888888888888888888888888888888888888888888888888888888888888888888886677666668888
8888888888888888888888888888888888888888888888888888666666666888888888888888888888888888888888888666677777666688888888888888888888888888888888888888888886666777777777666666888888888888888888888888888888888888888888888888888888888888888888888866677666888888
8888888888888888886666888888888888888888888888888866666666888888888888888888888888888888888888888666667777666688888888888888888888888888888888888888888866667777777777666666888888888888888888888888888888888888888888888888888888888888888888888666766688888888
8888888888888888886666888888888888888888888888886666666688888888888888888888888888888888888888888866666777666668888888888888888888888888888888888888888666777777777777666666888888888888888888888888888888888888888888888888888888888888888888886766668888888888
8888888888888888886666666666888888888888888888866666668888888888888888888888888888888888888888888866666667766666888888888888888888888888888888888888866677777777777777766666888888888888888888888888888888888888888888888888888888888888888888667776688888888888
8888888888888888888866666666888888888888888886666666668888888888888888888888888888888888888888888886666666777666688888888888888888888888888888888888666777777767777777776666688888888888888888888888888888888888888888888888888888888888888666677766888888888888
8888888888888888888886666666668888888888888866666688888888888888888888888888888888888888888888888888666666777666668888888888888888888888888888888666666777777766667777777666688888888888888888888888888888888888888888888888888888888888886667777668888888888888
8888888888888888888888866666666688888888886666666888888888888888888888888888888888888888888888888888886666667777666888888888888888888888888888888666666677766666666677777766668888888888888888888888888888888888888888888888888888888886666777776888888888888888
8888888888888888888888886666666666666666666666688888888888888888888888888888888888888888888888888888888886666777766668888888888888888888888888666666666666666666666666677776668888888888888888888888888888888888888888888888888888888866667777768888888888888888
8888888888888888888888888666666666666666666666688888888888888888888888888888888888888888888888888888888888666677776666688888888888888888888866666666668888888866666666667776666888888888888888888888888888888888888888888888888888888666777777688888888888888888
8888888888888888888888888666666666666666666666688888888888888888888888888888888888888888888888888888888888886667777666668888888888888888888666666688888888888888888866666677776688888888888888888888888888888888888888888888888888666677777776888888888888888888
8888888888888888888888888666666666667777776666688888888888888888888888888888888888888888888888888888888888886667777777666888888888888888886666668888888888888888888886666667777766888888888888888888888888888888888888888888888888667777777766888888888888888888
8888888888888888888888888666666777777777777666688888888888888888888888888888888888888888888888888888888888886666777777777666688888888888888688888888888888888888888888886666677776668888888888888888888888888888888888888888888866777777777666888888888888888888
8888888888888888888888888666666777777777777666688888888888888888888888888888888888888888888888888888888888886666777777777766688888888888888888888888888888888888888888888886667777766688888888888888888888888888888888888888666667777777776666888888888888888888
8888888888888888888888888666666777777777777666668888888888888888888888888888888888888888888888888888888888886667777777777766888888888888888888888888888888888888888888888888666777776666668888888888888888888888888888888886666667777777766668888888888888888888
8888888888888888888888888666677777777777776666666888888888888888888888888888888888888888888888888888888888886667777777666666888888888888888888888888888888888888888888888888866667777776666688888888888888888888888888888866666667777777666668888888888888888888
8888888888888888888888886666777777777777666666666688888888888888888888888888888888888888888888888888888888886677776666668888888888888888888888888888888888888888888888888888888666677777766666688888888888888888888888888888866666666666668888888888888888888888
8888888888888888888888666667777777777766666666688888888888888888888888888888888888888888888888888888888888886777766666688888888888888888888888888888888888888888888888888888888866667777777766668888888888888888888888888888888666666666668888888888888888888888
8888888888888888888886666777777777776666666688888888888888888888888888888888888888888888888888888888888888866777666668888888888888888888888888888888888888888888888888888888888886667777777777776888888888888888888888888888888866666666888888888888888888888888
8888888888888888888666677777777777666666668888888888888888888888888888888888888888888888888888888888888888666666666688888888888888888888888888888888888888888888888888888888888888666777777777766888888888888888888888888888888866666668888888888888888888888888
8888888888888888666667777777777766666666668888888888888888888888888888888888888888888888888888888888888666666666666888888888888888888888888888888888888888888888888888888888888888866777777776666888888888888888888888888888888866666888888888888888888888888888
8888888888866666666777777777776666666888888888888888888888888888888888888888888888888888888888888888886666666666888888888888888888888888888888888888888888888888888888888888888888866677777766688888888888888888888888888888888866666888888888888888888888888888
8888888888866666667777777777666668888888888888888888888888888888888888888888888888888888888888888886666667776888888888888888888888888888888888888888888888888888888888888888888888886667777766888888888888888888888888888888888866688888888888888888888888888888
8888888888666667777777777776666888888888888888888888888888888888888888888888888888888888888888866666667777666888888888888888888888888888888888888888888888888888888888888888888888886667777666888888888888888888888888888888888868888888888888888888888888888888
8888888866666677777777777766888888888888888888888888888888888888888888888888888888888888888888666666677776668888888888888888888888888888888888888888888888888888888888888888888888886667776666888888888888888888888888888888888888888888888888888888888888888888
8888886666677777777777777668888888888888888888888888888888888888888888888888888888888888888886666666777766688888888888888888888888888888888888888888888888888888888888888888888888886667776666888888888888888888888888888888888888888888888888888888888888888888
8886666667777777777777766668888888888888888888888888888888888888888888888888888888888888888886666667777668888888888888888888888888888888888888888888888888888888888888888888888888886667776666888888888888888888888888888888888888888888888888888888888888888888
8666666777777777777776666888888888888888888888888888888888888888888888888888888888888888888886666667776668888888888888888888888888888888888888888888888888888888888888888888888888886677776666888888888888888888888888888888668888888888888888888888888888888888
6666677777777777777766666888888888888888888888888888888888888888888888888888888888888888888886666667766668888888888888888888888888888888888888888888888888888888888888888888888888886777777666888888888888888888888888888886688888888888888888888888888888888888
6677777777777777777666668888888888888888888888888888888888888888888888888888888888888888888886666667766668888888888888888888888888888888888888888888888888888888888888888888888888887777777666888888888888888888888888888866888888888888888888888888888888888888
6677777777777777776666888888888888888888888888888888888888888888888888888888888888888888888886666667776668888888888888888888888888888888888888888888888888888888888888888888888888887777776666688888888888888888888888886668888888888888888888888888888888888888
6677777777777777776666888888888888888888888888888888888888888888888888888888888888888888888886666677776668888888888888888888888888888888888888888888888888888888888888888888888888866666666666666888888888888888888888866668888888888888888888888888888888888888
6666666666777777776666888888888888888888888888888888888888888888888888888888888888888888888866666677776688888888888888888888888888888888888888888888888888888888888888888888888888888666666666666688888888888888888866666688888888888888888888888888888888888888
8888666666677777776666888888888888888888888888888888888888888888888888888888888888888888888866666777777668888888888888888888888888888888888888888888888888888888888888888888888888888888888866666668888888888888866666666688888888888888888888888888888888888888
8888866666666777766666888888888888888888888888888888888888888888888888888888888888888888888866667777776666888888888888888888888888888888888888888888888888888888888888888888868888888888888866666666668888888888666666666888888888888888888888888888888888888888
8888888886666667776666888888888888888888888888888888888888888888888888888888888888888888888666667776666666688888888888888888888888888888888888888888888888888888888888888886668888888888888888888888888888888886677766666888888888888888888888888888888888888888
8888888888666666777666688888888888888888888888888888888888888888888888888888888888888888888666666666666666668888888888888888888888888888888888888888888888888888888888888888888888888888888888888888888888888877777766666888888888888888888888888888888888888888
8888888888888666677766668888888888888888888888888888888888888888888888888888888888888888866766666666666666666888888888888888888888888888888888888888888888888888888888888888888888888888888888888888888886677777777766666888888888888888888888888888888888888888
8888888888888866667766666888888888888888888888888888888888888888888888888888888888888888667766666666666666666888888888888888888888888888888888888888888888888888888888888888888888888888888888888888888866677777777766666888888888888888888888888888888888888888
8888888888888866666776666888888888888888888888888888888888888888888888888888888888888866666668888888888888888888888888888888888888888888888888888888888888888888888888888888888888888888888888888888888888666777777776666888888888888888888888888888888888888888
8888888888888866666676666688888888888888888888888888888888888888888888888888888888888666668888888888888888888888866688888888888888888888888888888888888888888888888888888888888888888888888888888888888888866677777777666688888888888888888888888888888888888888
8888888888888866666677666688888888888888888888888888888888888888888888888888888888666668888888888888888888888888888666888888888888888888888888888888888888888888888888888888888888888888888888888888888888886666777777666666888888888888888888888888888888888888
8888888888888866666677666668888888888888888888888888888888888888888888888888888866666688888888888888888888888888888668888888888888888888888888888888888888888888888888888888888888888888888888888888888888888866667777766666688888888888888888888888888888888888
8888888888888666666677666666888888888888888888888888888888888888888888888888888666888888888888888888888888888888888866688888888888888888888888888888888888888888888888888888888888888888888888888888888888888886666677776666688888888888888888888888888888888888
8888888888888666666777666666688888888888888888888888888888888888888888888888666666888888888888888888888888888888888888666888888888888888888888888888888888888888888888888888888888888888888888888888888888888888866667777666668888888888888888888888888888888888
8668888888866666677777666666688888888888888888888888888888888888888888888666666668888888888888888888888888888888888888866668888888888888888888888888888888888888888888888888888888888888888888888888888888888888886666777776666688888888888888888888888888888888
6666666666666666777777766666666888888888888888888888888888888888888888886666666688888888888888888888888888888888888888886666888888888888888888888888888888888888888888888888888888888888888888888888888888888888886666677777766668888888888888888888888888888866
6666666666666667777777777666666668888888888888888888888888888888888888666666666888888888888888888888888888888888888888886666668888888888888888888888888888888888888888888888888888888888888888888888888888888888886666667777776666688888888888888888888888888866
8866666677777777777777777766666666888888888888888888888888888888888886666666668888888888888888888888888888888888888888888866666666888888888888888888888888888888888888888888888888888888888888888888888888888888886666666777777666688888888888888888888888888866
8866666667777777777777777776666666668888888888888888888888888888888886666666668888888888888888888888888888888888888888888886667666666666888888688888888888888888888888888888888888888888888888888888888888888888886666666667777766666888888888888888888888888867
8888866666677777777777777777666666666888888888888888888888888866668888888888888888888888888888888888888888888888888888888888666666666666666666668888888888888888888888888888888888888888888888888888888888888888886666666666777776666688888888888888888888888877
8888866666666777777777777777766666666688888888888888888888886666668888888888888888888888888888888888888888888888888888888888866666676666666666688888888888888888888888888888888888888888888888888888888888888888886666666666667777776666888888888888888888888877
8888886666666677777777777777776666666666688888888888888888666666688888888888888888888888888888888888888888888888888888888888866666777776666666688888888888888888888888888888888888888888888888888888888888888888866666666666666667777766668888888888888888888777
8888888666666666677777777777777776666666668888888888888886666688888888888888888888888888888888888888888888888888888888888888866666777777776666688888888888888888888888888888888888888888888888888888888888888888866666666688666666777776666868888888888888888667
8888888866666666677777777777777777777666666666666666666666666888888888888888888888888888888888888888888888888888888888888888866666777777776666688888888888888888888888888888888888888888888888888888888888888888866688888888888866777776666668888888888888888666
8888888886666666677777777777777777777776666666666666666666666888888888888888888888888888888888888888888888888888888888888888866666777777776666688888888888888888888888888888888888888888888888888888888888888888888888888888888886666666777766666688888888888666
8888888886666666777777777777777777777777666667777777766666666888888888888888888888888888888888888888888888888888888888888888666667777777776666688888888888888888888888888888888888888888888888888888888888888888888888888888888888666666777776666688888888888666
8888888866666667777777776666666666666666666667777777776666666888888888888888888888888888888888888888888888888888888888888888666677777766666666688888888888888888888888888888888888888888888888888888888888888888888888888888888888866666667777666668888888888666
8888888666666677777777666666666666666666666666667777777666666888888888888888888888888888888888888888888888888888888888888886666777666666666666668888888888888888888888888888888888888888888888888888888888888888888888888888888888886666666666667766688888888888
8888886666666777777766666666666666666886666688866677776666666888888888888888888888888888888888888888888888888888888888888866666666886666666668888888888888888888888888888888888888888888888888888888888888888888888888888888888888888666666666667766666666666888
8888866666667777776666666666666688888888888888888666666666666888888888888888888888888888888888888888888888888888888888866666666668888888888888888888888888888888888888888888888888888888888888888888888888888888888888888888888888888666666666666666777666666888
8888866666677777766666666688888888888888888888888888866666666688888888888888888888888888888888888888888888888888888888866666668888888888888888888888888888888888888888888888888888888888888888888888888888888888888888888888888888888866666666666666777766666888
8886666666777777666666666688888888888888888888888888888666666666888888888888888888888888888888888888888888888888888888666666668888888888888888888888888888888888888888888888888888888888888888888888888888888888888888888888888888888888888888888866677777777888
8866666667777766666666888888888888888888888888888888888888886666688888888888888888888888888888888888888888888888888886666668888888888888888888888888888888888888888888888888888888888888888888888888888888888888888888888888888888888888888888888888666677777888
8666667777776666666688888888888888888888888888888888888888888866666688888888888888888888888888888888888888888888888666666668888888888888888888888888888888888888888888888888888888888888888888888888888888888888888888888888888888888888888888888888886667777888
6666677777666666688888888888888888888888888888888888888888888888866666888888888888888888888888888888888888888888888677666888888888888888888888888888888888888866668888666666666888888888888888888888888888888888888888888888888888888888888888888888888866666888
6667777776666668888888888888888888888888888888888888888888888888886666688888888888888888888888888888888888888888666776688888888888888888888888888888888888888886666666776666666888888888888888888888888888888888888888888888888888888888888888888888888888666888
6777777766666668888888888888888888888888888888888888888888888888888666666666888888888888888888888888888888868866666666688888888888888888888888888888888888888888666677777766668888888888888888888888888888888888888888888888888888888888888888888888888888866888
7777777666666688888888888888888888888888888888888888888888888888888886666666668888888888888888888888888666666666666666888888888888888888888888888888888888888888866667777666688888888888888888888888888888888888888888888888888888888888888888888888888888888888
7777776666666888888888888888888888888888888888888888888888888888888888866666666688888888888888888888886666666666666668888888888888888888888888888888888888888888886666776666688888888888888888888888888888888888888888888888888888888888888888888888888888888888
7777776666668888888888888888888888888888888888888888888888888888888888886666666668888888888888888888666666667776666688888888888888888888888888888888888888888888886666666666888888888888888888888888888888888888888888888888888888888888888888888888888888888888
6666676666668888888888888888888888888888888888888888888888888888888888886666666666688888888888888866666666677766666888888888888888888888888888888888888888888888886666666668888888888888888888888888888888888888888888888888888888888888888888888888888888888888
6666666666666888888888888888888888888888888888888888888888888888888888888888866666666668666666666666666667777666668888888888888888888888888888888888888888888888886666666688888888888888888888888888888888888888888888888888888888888888888888888888888888888888
6666666666666888888888888888888888888888888888888888888888888888888888888888866666666666666666666666666677766666688888888888888888888888888888888888888888888888886666666688888888888888888888888888888888888888888888888888888888888888888888888888888888888888
8888666666666888888888888888888888888888888888888888888888888888888888888888888666666666666666666667777776666666888888888888888888888888888888888888888888888888866666666688888888888888888888888888888888888888888888888888888888888888888888888888888888888888
8888888886666688888888888888888888888888888888888888888888888888888888888888888886666666666666666777777776666668888888888888888888888888888888888888888888888888666666666688888888888888888888888888888888888888888888888888888888888888888888888888888888888888
8888888888666668888888888888888888888888888888888888888888888888888888888888888888666666677777777777777766666688888888888888888888888888888888888888888888888888666666666688888888888888888888888888888888888888888888888888888888888888888888888888888888888888
8888888888866666888888888888888888888888888888888888888888888888888888888888888888888666677777777777777666666688888888888888888888888888888888888888888888888888888888866668888888888888888888888888888888888888888888888888888888888888888888888888888888888888
8888888888888666688888888888888888888888888888888888888888888888888888888888888888888866667777777777776666666688888888888888888888888888888888888888888888888888888888886668888888888888888888888888888888888888888888888888888888888888888888888888888888888888
8888888888888886688888888888888888888888888888888888888888888888888888888888888888888888666777777777776666666688888888888888888888888888888888888888888888888888888888886666688888888888888888888888888888888888888888888888888888888888888888888888888888888888
8888888888888888888888888888888888888888888888888888888888888888888888888888888888888888866667777777777666666668888888888888888888888888888888888888888888888888888888888886668888888888888888888888888888888888888888888888888888888888888888888888888888888888
8888888888888888888888888888888888888888888888888888888888888888888888888888888888888888886666777777777766666668888888888888888888888888888888888888888888888888888888888888668888888888888888888888888888888888888888888888888888888888888888888888888888888888
8888888888888888888688888888888888888888888888888888888888888888888888888888888888888888888666666777777776666666888888888888888888888888888888888888888888888888888888888888866888888888888888888888888888888888888888888888888888888888888888888888888888888888
8888888888888888888666668888888888888888888888888888888888888888888888888888888888888888888866666677777777666666668888888888888888888888888888888888888888888888888888888888886888888888888888888888888888888888888888888888888888888888888888888888888888888888
8888888888888888888866666688888888888888888888888888888888888888888888888888888888888888888886666667777777776666666888888888888888888888888888888888888888888888888888888888888668888888888888888888888888888888888888888888888888888888888888888888888888888888
8888888888888888888866666666888888888888888888888888888888888888888888888888888888888888888886666666777777777666666668888888888888888888888888888888888888888888888888888888888666888888888888888888888888888888888888888888888888888888888888888888888888888888
8888888888888888888866666666888888888888888888888888888888888888888888888888888888888888888888666666777777777776666666888888888888888888888888888888888888888888888888888888888866666888888888888888888888888888888888888888888888888888888888888888888888888888
8888888888888888888886666666688888888888888888888888888888888888888888888888888888888888888888866666677777777777766666688888888888888888888888888888888888888888888888888888888886666688888888888888888888888888888888888888888888888888888888888888888888888888
8888888888888888888886666666688888888888888888888888888888888888888888888888888888888888888888866666677777777777777766666668888888888888888888888888888888888888888888888888888886666666668888888888888888888888888888888888888888888888888888888888888888888888
8888888888888888888866666688888888888888888888888888888888888888888888888888888888888888888888866666677777777777777776666668888888888888888888888888888888888888888888888888888886666666666668888888888888888888888888888888888888888888888888888888888888888888
8888888888888888888866668888888888888888888888888888888888888888888888888888888888888888888888866666777777777777777776666666888888888888888888888888888888888888888888888888888886666666666666888886666888888888888888888888888888888888888888888888888888888668
8888888888888888888866688888888888888888888888888888888888888888888888888888888888888888888888866667777777766666677776666666666688888888888888888888888888888888888888888888888886666677766666666666666688888888888888888888888888888888888888888888888888886666
8888888888888888888866888888888888888888888888888888888888888888888888888888888888888888888888666667777776666666666666666666666666888888888888888888888888888888888888888888888886666777777766666666666688888888888888888888888888888888888888888888888888666666
8888888888888888888668888888888888888888888888888888888888888888888888888888888888888888888886666777777666666666666666666666666666688888888888888888888888888888888888888888888886666777777777666666666688888888888888888888888888888888888888888888888888666666
8888888888888888866888888888888888888888888888888888888888888888888888888888888888888888888866667777776666666666666666666666666666668888888888888888888888888888888888888888888866667777777776666666666888888888888888888888888888888888888888888888888866666666
8888888888888888888888888888888888888888888888888888888888888888888888888888888888888888886666677777666666666888888888886666666666668888888888888888888888888888888888888888888666677777777666666666688888886888888888888888888888888888888888888888886666677777
8888888888888888688888888888888888888888888888888888888888888888888888888888888888888888866667777666666666888888888888888888866666666688888888888888888888888888888888888888886666777777766666686668888888886668888888888888888888888888888888888888886666677777
8888888888888886888888888888888888888888888888888888888888888888888888888888888888888888666667776666688888888888888888888888886666666688888888888888888888888888888888888888866666667776688888888888888888888666888888888888888888888888888888888886666666677777
8888888888888886888888888888888888888888888888888888888888888888888888888888888888888886666666766666888888888888888888888888888888666668888888888888888888888888888888888866666666668888888888888888888888888888888888888888888888888888888888888666667776666777
8888888888888888888888888888888888888888888888888888888888888888888888888888888888886666666666666888888888888888888888888888888888666666888888888888888888888888888888888866666668888888888888888888888888888888888888888888888888888888888866666666777776666666
8888888888866888888888888888888888888888888888888888888888888888888888888888888888866666666666888888888888888888888888888888888888866666668888888888888888888888888888886666666688888888888888888888888888888888888888888888888668666666666666666677777766666666
8888888886666888888888888888888888888888888888888888888888888866666888888888888888666666666668888888888888888888888888888888888888888866666688888888888888888888888888886666688888888888888888888888888888888888888888888888866666666666666666667777777666668866
8888888866668888888888888888888888888888888888888888888888888886666688888888886666666666668888888888888888888888888888888888888888888866666666888888888888888888888888866666688888888888888888888888888888888888888888888888866666666666666677777777766668888888
8888888866688888888888888888888888888888888888888888888888888888666666668886666667666666688888888888888888888888888888888888888888888886666666668888888888888888888666666688888888888888888888888888888888888888888888888888866666666666666777777776666888888888
8888888666688888888888888888888888888888888888888888888888888888886666666666666677766666888888888888888888888888888888888888888888888888866666666688888888888888886666666688888888888888888888888888888888888888888888888888886666666667777777777766668888888888
8888866668888888888888888888888888888888888888888888888888888888888666666666667777666688888888888888888888888888888888888888888888888888888666666666666888888866667766668888888888888888888888888888888888888888888888888888888666666677777777777666688888888888
8888666688888888888888888888888888888888888888888888888888888888888666666666777776668888888888888888888888888888888888888888888888888888888866666666666666666666677766888888888888888888888888888888888888888888888888888888888886666667777777776668888888888888
8886666688888888888888888888888888888888888888888888888888888888888666666777766666888888888888888888888888888888888888888888888888888888888886866666766666666666666668888888888888888888888888888888888888888888888888888888888886666667777777766688888888888888
6666666688888888888888888888888888888888888888888888888888888888888666667777766668888888888888888888888888888888888888888888888888888888888888866666777777766666668888888888888888888888888888888888888888888888888888888888888888886666777777666888888888888888
6666666888888888888888888888888888888888888888888888888888888888888666677777666688888888888888888888888888888888888888888888888888888888888888866666777777776666688888888888888888888888888888888888888888888888888888888888888888888666677776668888888888888888
7777668888888888888888888888888888888888888888888888888888888888886666777766666888888888888888888888888888888888888888888888888888888888888888866666677777776666688888888888888888888888888888888888888888888888888888888888888888888866677766668888888888888888
7777668888888888888888888888888888888888888888888888888888888888886667776666668888888888888888888888888888888888888888888888888888888888888888886666677777766668888888888888888888888888888888888888888888888888888888888888888888888886677666688888888888888888
7776688888888888888888888888888888888888888888888888888888888888866677776666888888888888888888888888888888888888888888888888888888888888888888886666667777766688888888888888888888888888888888888888888888888888888888888888888888888866666666688888888888888888
7776688888888888888888888888888888888888888888888888888888888886666777766668888888888888888888888888888888888888888888888888888888888888888888888666667777666688888888888888888888888888888888888888888888888888888888888888888888888666666666888888888888888888
7776688888888888888888888888888888888888888888888888888888888866667777666688888888888888888888888888888888888888888888888888888888888888888888888666667776666888888888888888888888888888888888888888888888888888888888888888888888888666666666888888888888888888
7776668888888888888888888888888888888888888888888888888888886666677776666888888888888888888888888888888888888888888888888888888888888888888888888888666666666888888888888888888888888888888888888888888888888888888888888888888888888666666666888888888888888888
7776668888888888888888888888888888888888888888888888888888866666777766668888888888888888888888888888888888888888888888888888888888888888888888888888666666666888888888888888888888888888888888888888888888888888888888888888888888886666666666888888888888888888
7776666888888888888888888888888888888888888888888888888888666667777666688888888888888888888888888888888888888888888888888888888888888888888888888888666666666888888888888888888888888888888888888888888888888888888888888888888888886666666666888888888888888888
7777766688888888888888888888888888888888888888888888888866666777776666688888888888888888888888888888888888888888888888888888888888888888888888888888866666666888888888888888888888888888888888888888888888888888888888888888888888866666776666888888888888888888
7777666688888888888888888888888888888888888888888888888666667777766666688888888888888888888888888888888888888888888888888888888888888888888888888888886666666888888888888888888888888888888888888888888888888888888888888888888888866666777666688888888888888888
7777766666888888888888888888888888888888888888888888886666677777766666688888888888888888888888888888888888888888888888888888888888888888888888888888888666666888888888888888888888888888888888888888888888888888888888888888888888866666777666668888888888888888
7777776666688888888888888888888888888888888888888886666667777777776666688888888888888888888888888888888888888888888888888888888888888888888888888888888666666888888888888888888888888888888888888888888888888888888888888888888888666667777766666888888888888888
6777777766666688888888888888888888888888888888886666667777777777777666668868888888888888888888888888888888888888888888888888888888888888888888888888888666666688888888888888888888888888888888888888888888888888888888888888888886666677777766666688888888888888
6677777777766666688888888888888888888888888886666666777777777777777666666686888888888888888888888888888888888888888888888888888888888888888888888888886666666668888888888888888888888888888888888888888888888888888888888888888666666677777776666668888888888866
6667777777777666666666888888888888888888666666667777777777777777777766666666688888888888888888888888888888888888888888888888888888888888888888888888886666776666888888888888888888888888888888888888888888888888888888888888888666677777777777766666688888888866
8666777777777777766666666888888888888866666667777777777777777777777776666666666688888888888888888888888888888888888888888888888888888888888888888888866666777666688888888888888888888888888888888888888888888888888888888888886677777777777777777666668888888866
8666677777777777777766666688886666666666666666777777777777777777777777766666666666688888888888888888888888888888888888888888888888888888888888888888866667777666668888888888888888888888888888888888888888888888888888888888666677777777777777777776666888888888
8666677777777777777766666688888888888888888888866666666666677777777777776666666666688888888888888888888888888888888888888888888888888888888888888888666677777766666888888888888888888888888888888888888888888888888888888886666677777777777777777777666688888888
8666677777777777777766666888888888888888888888888666666666667777777777777666676666666668888888888888888888888888888888888888888888888888888888888888666677777776666688888888888888888888888888888888888888888888888888888666666666666666777777777777777666666888
8666677777777777666666666888888888888888888888888886666666666677777777777777766666666668888888888888888888888888888888888888888888888888888888888886666777777777666666888888888888888888888888888888888888888888888888888666666666666666666777777777777766666688
6666777777777766666666888888888888888888888888888888886666666667777777777777766666666668888888888888888888888888888888888888888888888888888888888666667777777777776666666888888888888888888888888888888888888888888888888866666688888866666666777777777777766688
6667777777766666666688888888888888888888888888888888888866666666777777777776666666666668888888888888888888888888888888888888888888888888888888886667777777777777777766666668888888888888888888888888888888888888868888888888888888888888686666667777777777766688
6677777777666666668888888888888888888888888888888888888888666666677777777666666666666668888888866668888888888888888888888888888888888888888888666777777766666777777777666668888888888888888888888888888888888888666668888888888888888888888866666777777777666688
6777777766666888888888888888888888888888888888888888888888866666667777766666666666666688888888666666888888888888888888888888888888888888888666666777766666666666777777776666888888888888888888888888888888888666666668888888888888888888888866666677777766666668
7777777666666888888888888888888888888888888888888888888888886666667777666666666888888888888888866666666668888888888888888888888888888666666667666666666666666666666777777776666666888888888888888888888868886666666888888888888888888888888886666666666666666668
7777766666888888888888888888888888888888888888888888888888888666666666666666888888888888888888866666666668888888888888888888888888888866666677766666666666666666666666667777776666666668888888888888886666666666668888888888888888888888888886666666666666666668
7777666668888888888888888888888888888888888888888888888888888666666666666888888888888888888888888666666666668888888888888888888888866666666666888868888888888888886666666777776666666666666666666666667777666666688888888888888888888888888886666666666888888888
7766666888888888888888888888888888888888888888888888888888888666666666668888888888888888888888888888666666666666688888888888886666666666666688888888888888888888888666666666666666777666666666667777777777666668888888888888888888888888888888666666888888888888
7666668888888888888888888888888888888888888888888888888888888666666668888888888888888888888888888888888666666666666666666666666777766666668888888888888888888888888888886666666666777766666666677777777766666688888888888888888888888888888888666668888888888888
6666668888888888888888888888888888888888888888888888888888888666666688888888888888888888888888888888888666666666666666666666677777766666888888888888888888888888888888888886666666667777777666667777777666666688888888888888888888888888888888668888888888888888
6666668888888888888888888888888888888888888888888888888888888666666688888888888888888888888888888888888886666666666666677777777777666668888888888888888888888888888888888888866666666777777766666666666666666688888888888888888888888888888888888888888888888888
6666688888888888888888888888888888888888888888888888888888888666666888888888888888888888888888888888888888666666777777777777777776666888888888888888888888888888888888888888886666666666666666666666666666666688888888888888888888888888888888888888888888888888
6666888888888888888888888888888888888888888888888888888888886666668888888888888888888888888888888888888888886666777777777777777666668888888888888888888888888888888888888888888666666666666666666686666666666668888888888888888888888888888888888888888888888888
6666888888888888888888888888888888888888888888888888888888886666888888888888888888888888888888888888888888888666667777777777766666668888888888888888888888888888888888888888888888666666666688888888888666666688888888888888888888888888888888888888888888888888
6666888888888888888888888888888888888888888888888888888888866668888888888888888888888888888888888888888888888866666777777777666666888888888888888888888888888888888888888888888888666666688888888888888888888888888888888888888888888866688888888888888888888886
6666888888888888888888888888888888888888888888888888888888866688888888888888888888888888888888888888888888888886666677777766666668888888888888888888888888888888888888888888888888866666888888888888888888888888888888888888888888886666688888888888888888888888
6666888888888888888888888888888888888888888888888888888888866688888888888888888888888888888888888888888888888886666667777766666688888888888888888888888888888888888888888888888888866688888888888888888888888888888888888888888888866666688888888888888888888888
6666688888888888888888888888888888888888888888888888888886666888888888888888888888888888888888888888888888888888866666777666668888888888888888888888888888888888888888888888888888868888888888888888888888888888888888866888888888666666888888888888888888888888
6666668888888888888888888888888888888888888888888888888666668888888888888888888888888888888888888888888888888888866666667666668888888888888888888888888888888888888888888888888888668888888888888888888888888888888888888866666666666688888888888888888888888888
6666666688888888888888888888888888888888888888888888666666688888888888888888888888888888888888888888888888888888886666666666668888888888888888888888888888888888888888888888888888668888888888888888888888888888888888888866666677668888888888888888888888888888
6666666666888888888888888888888888888888888888888888666666688888888888888888888888888888888888888888888888888888888666666666666888888888888888888888888888888888888888888888888886668888888888888888888888888888888888888886666677668888888888888888888888888888
6666666666688888888888888888888888888888888888888886666668888888888888888888888888888888888888888888888888888888888866666666666688888888888888888888888888888888888888888888888888668888888888888888888888888888888888888888666667668888888888888888888888888888
8888888888888888888888888888888888888888888888888866666688888888888888888888888888888888888888888888888888888888888886666666666688888888888888888888888888888888888888888888888668888888888888888888888888888888888888888888666666666888888888888888888888888888
8888888888888888888888888888888888888888888888886666688888888888888888888888888888888888888888888888888888888888888886666666666668888888888888888888888888888888888888888888886668888888888888888888888888888888888888888888888866666688888888888888888888888888
8888888888888888888888888888888888888888888886666666888888888888888888888888888888888888888888888888888888888888888886666666666668888888888888888888888888888888888888888888886668888888888888888888888888888888888888888888888886666688888888888888888888888888
8888888888888888888888888888888888888888888866666666888888888888888888888888888888888888888888888888888888888888888886666666666666688888888888888888888888888888888888888888888888888888888888888888888888888888888888888888888886666688888888888888888888888888
8888888888888888888888888888888888888888888866666688888888888888888888888888888888888888888888888888888888888888888886666666776666666888888888888888888888888888888888888888888888888888888888888888888888888888888888888888888888666688888888888888888888888888
8888888888888888888888888888888888888886666666666688888888888888888888888888888888888888888888888888888888888888888866666666677666666688888888888888888888888888888888888888888888888888888888888888888888888888888888888888888888888688888888888888888888888888
8888888888888888888888888888888888888866666777766688888888888888888888888888888888888888888888888888888888888888888666666666666666666668888888888888888888888888888888888888888888888888888888888888888888888888888888888888888888888668888888888888888888888888
8888888888888888888888888888888888888866666777766888888888888888888888888888888888888888888888888888888888888888886666666666666677766666888888888888888888888888888888888888888888888888888888888888888888888888888888888888888888888666888888888888888888888888
8888888888888888888888888888888888888866666777766888888888888888888888888888888888888888888888888888888888888888666666666666666666666666688888888888888888888888888888888888888888888888888888888888888888888888888888888888888888888666888888888888888888888888
8888888888888888888888888888888888888866666677666888888888888888888888888888888888888888888888888888888888888886666666666666666666666666668888888888888888888888888888888888888888888888888888888888888888888888888888888888888888886666888888888888888888888888
8888888888888888888888888888888888888888666666666888888888888888888888888888888888888888888888888888888888888886888686666666666886666666666666688888888888888888888888888888888888888888888888888888888888888888888888888888888888866666888888888888888888888888
8888888888888888888888888888888888888888888666666888888888888888888888888888888888888888888888888888888888888888888888888888888888666666666666666688888888888888888888888888888888888888888888888888888888888888888888888888888888666666688888888888888888888888
8888888888888888888888888888888888888888888666666888888888888888888888888888888888888888888888888888888888888888888888888888888888866666666666666666888888888888888888888888888888888888888888888888888888888888888888888888888886667777666888888888888888888888
8888888888888888888888888888888888888888888666666888888888888888888888888888888888888888888888888888866668888888888888888888888888888886666666666666666666888888888888888888888888888888888888888888888888888888888888888888888866677777766688888888888888888888
8888888888888888888888888888888888888888888888666688888888888888888888888888888888888888888888888888666668888888888888888888888888888886666666666666666666668888888888888888888888888888888888888888888888888888888888888888888866777777766668888888888888888888
8888888888888888888888888888888888888888888888886688888888888888888888888888888888888888888888888866666668888888888888888888888888888888888666666666666666666888888888888888888888888888888888888888888888888888888888888888888867777777776666668888888888888888
8888888888888888888888888888888888888888888888886668888888888888888888888888888888888888888888888666666668888888888888888888888888888888888666666677766666666688888888888888888888888888888888888888888888888888888888888888888867777777777766666888888888888888
8888888888888888888888888888888888888888888888886666888888888888888888888888888888888888888888666666666688888888888888888888888888888888888866666667777666666668888888888888888888888888888888888888888888888888888888888888888666777777777777666666888888888868
8888888888888888888888888888888888888888888888886666688888888888888888888888888888888888886666666666688888888888888888888888888888888888888886666666667766666666888888888888888888888888888888888888888888888888888888888888888666666667777777776666666888866668
8888888888888888888888888888888888888888888888886666668888888888888888888888888888888888866666666688888888888888888888888888888888888888888888888666666776666666888888888888888888888888888888888888888888888888888888888888888888866666777777777777666666777776
8888888888888888888888888888888888888888888888886666666888888888888888888888888888888886666666666888888888888888888888888888888888888888888888888866666677776666668888888888888888888888888888888888888888888888888886668888888888888866666777777777776677777768
8888888888888888888888888888888888888888888888866666666688888888888888888888888888888866666666668888888888888888888888888888888888888888888888888886666667777666666668888888888888888888888888888888888888888888888666668888888888888888886667777777777777777768
8888888888888888888888888888888888888888888888866666666666888888888888888888888888866666666666688888888888888888888888888888888888888888888888888888666666777766666666668888888888888888888888888888888888888888888666688888888888888888888886777777777777777668
8866688888888888888888888888888888888888888888666667766666688888888888888888888888666666666666688888888888888888888888888888888888888888888888888888886666677777666666666668888888888888888888888888888888888888888888888888888888888888888888867777777777766668
6666668888888888888888888888888888888888888886666667776666668888888888888888888888866677766666888888888888888888888888888888888888888888888888888888886666667777777666666666688888888888888888888888888888888888888888888888888888888888888888866777777777766668
8888888888888888888888888888888888888888888866666677777766666666888888888888888888866667666666888888888888888888888888888888888888888888888888888888888666666777777766666666666688888888888888888888888888888888888888888888888888888888888888866677777777776668
8888888888888888888888888888888888888888888666666677777777776666666888888888888888886666666666888888888888888888888888888888888888888888888888888888888866666677777776666666666666888888888888888888888888888888888888888888888888888888888888866677777777777768
8888888888888888888888888888888888888888886666666777777777777776666688888888888888888666666666688888888888888888888888888888888888888888888888888888888866666667777777777666666666888888888888888888888888888888888888888888888888888888888888866677777777777777
8888888888888888888888888888888888888886666666677777777777777776666688888888888888888886666666688888888888888888888888888888888888888888888888888888888886666667777777777777776666888888888888888888888888888888888888888888888888888888888888866677776666667777
8888888888888888888888888888888888888666666666777777777777777776666688888888888888888888886666888888888888888888888888888888888888888888888888888888888888666666777777777777766668888888888888888888888888888888888888888888888888888888888888866666666666666777
8888888888888888666688868888888886666666666677777777777777666666666688888888888888888888886666888888888888888888888888888888888888888888888888888888888888666666777777777777666668888888888888888888888888888888888888888888888888888888888886666666688888888888
8888888888888888866666666686666666666666667777777777777666666666888888888888888888888888886668888888888888888888888888888888888888888888888888888888888888666667777777777776666688888888888888888888888888888888888888888888888888888888888886668888888888888888
8888888888888888888666666666666666666666777777777777766666668888888888888888888888888888888888888888888888888888888888888888888888888888888888888888888888666677777777777666668888888888888888888888888888888888888888888888888888888888888886688888888888888888
8888888888888888888866666666666666666667777777777776666666688888888888888888888888888888888888888888888888888888888888888888888888888888888888888888888866666677777777766666668888888888888888888888888888888888888888888888888888888888888888888888888888888888
8888888888888888888866666666666666667777777777777766666666888888888888888888888888888888888888888888888888888888888888888888888888888888888888888888888666666777777777666666688888888888888888888888888888888888888888888888888888888868888888888888888888888888
8888888888888888888886666666667777777777777777776666666666888888888888888888888888888888888888888888866888888888888888888888888888888888888888888888886666667777777777666666688888888888888888888888888888888888888888888888888888866668888888888888888888888888
8888888888888888888888666666677777777777777777766666666688888888888888888888888888888888888888888888866668888888888888888888888888888888888888888888886666677777777777766666688888888888888888888888888888888888888888888888888886666688888888888888888888888888
8888888888888888888888666666677777777777777777666666668888888888888888888888888888888888888888888888886666888888888888888888888888888888888888888888866666777777777777776666688888888888888888888888888888888888888888888888888886688888888888888888888888888888
8888888888888888888886666666777777777777777777666666688888888888888888888888888888888888888888888888888866888888888888888888888888888888888888888888666677777777666677777666688888888888888888888888888888888888888888888888888888888888888888888888888888888888
8888888888888888888886666666777777777777777777766666688888888888888888888888888888888888888888888888888866688888888888888888888888888888888888888886666777777766666666777666668888888888888888888888888888888888888888888888888888888888888888888888888888888888
8888888888888888888866666667777777777777777777776666668888888888888888888888888888888888888888888888888888888888888888888888888888888888888888888866666777766666666666666666666668888888888888888888888888888888888888888888668888888888888888888888888888888888
8888888888888888888866666777777777777766677777766666666888888888888888888888888888888888888888888888888888888888888888888888888888888888888888888666667776666666666666666666666666888888888888888888888888888888888888888866688888888888888888888888888888888888
8888888888888888886666677777777666666666666667666666666688888888888888888888888888888888888888888888888888888888888888888888888888888888888888886666666666666688888888666666666666688888888888888888888888888888888888888666888888888888888888888888888888888888
8888888888888888866666777777766666666666666666666666666666888888888888888888888888888888888888888888888888888666688888888888888888888888888888866677666666888888888888888866666666666688888888888888888888888888888888888888888888888888888888888888888888888888
8888888888888866666667777776666666888666666666666666666666688888888888888888888888888888888888888888888888888666688888888888888888888888888886666677666666888888888888888866666666666688888888888888888888888888888888868888888888888888888888888888888888888888
8888888888888886666677777666666668888888888866666666666666668888888888888888888888888888888888888888888888888866666688888888888888888888888666666776666688888888888888888888886666666668888888888888888888888888888866668888888888888888888888888888888888888888
8888888888888866677777766666668888888888888886666666666666666888888888888888888888888888888888888888888888888866666688888888888888888888666666666666666888888888888888888888888888666666888888888888888888888888888666668888888888888888888888888888888888888888
8888888888866666777776666666688888888888888888666666666666666688888888888888888888888888888888888888888888888888666666888888888888888886666667666666888888888888888888888888888888866666668888888888888888888886866688888888888888888888888888888888888888888888
8888888888666667776666666688888888888888888888888888666666666668888888888888888888888888888888888888888888888888666666688888888888888866666667666668888888888888888888888888888888888666666668888888888888888886668688888888888888888888888888888888888888888888
8888666666667777666666668888888888888888888888888888866666666666888888888888888888888888888888888888888888888888886666668888888888886666666666666688888888888888888888888888888888888866666666888888888888886666668888888888888888888888888888888888888888888888
8888666666777776666668888888888888888888888888888888888888666666668888888888888888888888888888888888888888888888888666666666666666666667776666666888888888888888888888888888888888888886666666666688888888886666688888888888888888888888888888888888888888888888
8666666667777766666668888888888888888888888888888888888888866666666688888888888888888888888888888888888888888888888666666666666666667777776666668888888888888888888888888888888888888888866666666666666666666666888888888888888888888888888888888888888888888888
8666666677777666668888888888888888888888888888888888888888888666666666888888888888888888888888888888888888888888886666666677666667777777766666688888888888888888888888888888888888888888888666666676666666666668888888888888888888888888888888888888888888888888
6666666777766666668888888888888888888888888888888888888888888866666666668888888888888888888888888888888888888888886666666777777777777777666666888888888888888888888888888888888888888888888886666777766666666668888888888888888888888888888888888888888888888888
6666777776666666888888888888888888888888888888888888888888888866666666666888888888888888888888888888888888888888866666667777777777777777666688888888888888888888888888888888888888888888888888866677777777666668888888888888888888888888888888888888888888888888
6777777766666688888888888888888888888888888888888888888888888866666666666668888888888888888888888888888888888888666666677777777777777766666688888888888888888888888888888888888888888888888888886666777777776666888888888888888888888888888888888888888888888888
7777777666666688888888888888888888888888888888888888888888888866666666666666888888888888888888888888888888888886666666777777777777776666666888888888888888888888888888888888888888888888888888888866677777777666888888888888888888888888888888888888888888888888
7777776666668888888888888888888888888888888888888888888888888866666666666666688888888888888888888888888888888866666777777777777777776666668888888888888888888888888888888888888888888888888888888888666777777766688888888888888888888888888888888888888888888888
7776666666668888888888888888888888888888888888888888888888888886666666666666666668888888888888888888888888886666667777777777777777766666668888888888888888888888888888888888888888888888888888888888866667777776668888888888888888888888888888888888888888888888
7666666666668888888888888888888888888888888888888888888888888888888888886688666666888888888888888888888888666666677777777777777777776666668888888888888888888888888888888888888888888888888888888888888666677777666888888888888888888888888888888888888888888888
6666666666666888888888888888888888888888888888888888888888888888888888888888886666688888888888888888888866666666777777666666677777776666668888888888888888888888888888888888888888888888888888888888888886667777766668888888888888888888888888888888888888888888
6666666666666888888888888888888888888888888888888888888888888888888888888888888866666668888888888888886666666777777766666666666667766666668888888888888888888888888888888888888888888888888888888888888888666777777666688888888888888888888888888888888888888888
6666666888888866888888888888888888888888888888888888888888888888888888888888888886666668888886666666666666666776666666666666666666666777666888888888888888888888888888888888888888888888888888888888888888866667777776666688888888888888888888888888888888888888
6668888888888666888888888888888888888888888888888888888888888888888888888888888888866666666666666666666777776666666666666666686666666677666668888888888888888888888888888888888888888888888888888888888888886666777777766666688888888888888888888888888888888888
6668888888888888888888888888888888888888888888888888888888888888888888888888888888886666666666666666667777776666668888888888888886666666666666888888888888888888888888888888888888888888888888888888888888888866677777777666668888888888888888888888888888888888
6888888888888888888888888888888888888888888888888888888888888888888888888888888888888866666666666666777776666688888888888888888888886666666666688888888888888888888888888888888888888888888888888888888888888888666777777776666688888888888888888888888888888888
8888888888888888888888888888888888888888888888888888888888888888888888888888888888888886666666666666777666666888888888888888888888888866666666688888888888888888888888888888888888888888888888888888888888888888866677777777777666888888888888888888888888888888
8888888888888888888888888888888888888888888888888888888888888888888888888888888888888888666667777776666668888888888888888888888888888888666666668888888888888888888888888888888888888888888888888888888888888888866667777777777766666666888888888888888888888888
8888888888888888888888888888888888888888888888888888888888888888888888888888888888888888666667777776666668888888888888888888888888888888666666666688888888888888888888888888888888888888888888888888888888888888866667777777777666666666668888888888888888888888
8888888888888888888888888888888888888888888888888888888888888888888888888888888888888888666677777666688888888888888888888888888888888888888666666668888888888888888888888888888888888888888888888888888888888888666667777777666668888888866888888888888888888888
8888888888888888888888888888888888888888888888888888888888888888888888888888888888888888666777776666888888888888888888888888888888888888888666666666888888888888888888888888888888888888888888888888888888888888666767666666666688888888886888888888888888888888
8888888888888888888888888888888888888888888888888888888888888888888888888888888888888886667777666668888888888888888888888888888888888888888666666666688888888888888888888888888888888888888888888888888888888888677777666666666888888888888888888888888888888888
8888888888888888888888888888888888888888888888888888888888888888888888888888888888888866777776666668888888888888888888888888888888888888888888888866666688888888888888888888888888888888888888888888888888888888667777666666888888888888888888888888888888888888
8888888888888888888888888888888888888888888888888888888888888888888888888888888888888666787666677666888888888888888888888888866666688888888888888866666666668888888888888888888888888888888888888888888888888888867777777666888888888888888888888888888888888888
8888888888888888888888888888888888888888888888888888888888888888888888888888888888888888886666677666688888888888888888888888866666688888888888888866666666668888888888888888888888888888888888888888888888888888867777777688888888888888888888888888888888888888
