8888888888888888888888888888888888888888888888888888888888888888888666667777777666888888888888888888888888888888888888888888888888888888888888888888888888668888888888888888888888888888888888888888888888888888888888666677666666888888888888888888886666667777
8888888888888888888888888888888888888888888888888888888888888888888666777777776668888888888888888888888888888888888888888888888888888888888888888888888888868888888888888888888888888888888888888888888888888888888666667776666668888888888888888888888886666677
8888888888888888888888888888888888888888888888888888888888888888666667777777766688888888888888888888888888888888888888888888888888888888888888888888888888888888888888888888888888888888888888888888888888888888886666667766666688888888888888888888888888666667
8888888888888888888888888888888888888888888888888888888888888666666677777777766688888888888888888888888888888888888888888888888888888888888888888888888888888888888888888888888888888888888888888888888888888888666666666666688888888888888888888888888888888666
8888888888888888888888888888888888888888888888888888888888886666667777777777666688888888888888888888888888888888888888888888888888888888888888888888888888888888888888888888888888888888888888888888888888888886667766666668888888888888888888888888888888888666
8888888888888888888888888888888888888888888888888888888888666666777777777777666688888888888888888888888888888888888888888888888888888888888888888888888888888888888866888888888888888888888888888888888888888886777766688888888888888888888888888888888888888888
8888888888888888888888888888888888888888888888888888886666666667777777777776666688888888888888888888888888888888888888888888888888888888888888888888888888888888888866668888888888888888888888888888888666888866676668888888888888888888888888888888888888888888
8888888888888888888888888888888888888888888888888888666666666777777777777777666688888888888888888888888888888888888888888888888888888888888888888888888888888888888886666688888888888888888888888888886666668666668688888888888888888888888888888888888888888888
8888888888888888888888888888888888888888888888888888666666666777777777777777666668888888888888888888888888888888888888888888888888888888888888888888888888888888888888666666888888888888888888888888886666666666888888888888888888888888888888888888888888888888
8888888888888888888888888888888888888888888888888886666666666777777777777777766668888888888888888888888888888888888888888888888888888888888888888888888888888888888888866666688888888888888888888888866666888888888888888888888888888888888888888888888888888888
8888888888888888888888888888888888888888888888888886666666666666666777777777776666888888888888888888888888888888888888888888888888888888888888888888888888888888888888886666666668888888888888888888888888888888888888888888888888888888888888888888888888888888
8888888888888888888888888888888888888888886888888888666666666666666677777777777666688888888888888888888888888888888888888888888888888888888888888888888888888888888888886666666666666666666888888888888888888888888886666888888888888888888888888888888888888888
8888888888888888888888888888888888888888886666888888886666666666666666777777777766668888888888888888888888888888888888888888888888888888888888888888888888888888888888886666666666666666666888888888888888888888888888886688888888888888888888888888888888888888
8888888888888888888888888888888888888888866666888888888888888886666666667777777776666688888888888888888888888888888888888888888888888888888888888888888888888888888888886666677777666666688888888888888888888888888888888666888888888888888888888888888888888888
6688888888888888888888888888888888888866666666888888888888888888888666666677777777666668888888888888888888888888888888888888888888888888888888888888888888888888888888866666777777666666888888888888888888888888888888888888688888888888888888888888888888888888
6668888888888888888888888888888888888666666668888888888888888888888886666666777777766666888888888888888888888888888888888888888888888888888888888888888888888888888888666677776666688888888888888888888888888888888888888888888888888888888888888888888888888888
6668888888888888888888888888888888886666688888888888888888888888888888666666666777776666668888888888888888888888888888888888888888888888888888888888888888888888888886666777766688888888888888888888888888888888888888888888888888888888888888888888888888888888
6666668888888888888888888888888886666666888888888888888888888888888888866666666666777666666888888888888888888888888888888888888888888888888888888888888888888888888866677766666888888888888888888888888888888888888888888888888888888888888888888888888888888888
7776668888888888888888888888888866666668888888888888888888888888888888886666666666667776666688888888888888888888888888888888888888888888888888888888888888888888888666777666688888888888888888888888888888888888888888888888888888888888888888888888888888888888
7777666688888888888888888888888666666688888888888888888888888888888888886666666666666667776666666888888888888888888888888888888888888888888888888888888888888888866666776668888888888888888888888888888888888888888888888888888888888888888888888888888888888888
7777766666688888888888886666666666888888888888888888888888888888888888886666666666666667777776666666888888888888888888888888888888888888888888888888888888888888666666666888888888888888888888888888888888888888888888888888888888888888888888888888888888888866
6666776666666666666666666666668888888888888888888888888888888888888888886686688888866666677777766666668888888888888888888888888888888888888888888888888888888886666666688888888888888888888888888888888888888888888888888888888888888888888888888888888888888666
6666666666666666666666666666668888888888888888888888888888888888888888888888888888888888666677776666666666668888888888888888888888888888888888888888888888888866777666888888888888888888888888888888888888888888888888888888888888888888888888888888888888886666
6666666667776666677777766666688888888888888888888888888888888888888888888888888888888888886666777777766666666666688888888888888888888888888888888888888888888667777668888888888888888888888888888888888888888888888888888888888888888888888888888886666666666666
8888866667776667777777766666688888888888888888888888888888888888888888888888888888888888888666666677777777766666666666666668888888888888888888888888888888666777776688888888888888888888888888888888888888888888888888888888888888888888888888888666666666666666
8888888866666677777777766688888888888888888888888888888888888888888888888888888888888888888886666667777777776666666666666666888888888888888888888888888866666777766688888888888888888888888888888888888888888888888888888888888888888888888888888886666666666666
8888888888666677777777666688888888888888888888888888888888888888888888888888888888888888888888866666777777777766666666666666666888888888888888888888886666667777666888888888888888888888888888888888888888888888888888888888888888888888888888888888866666666888
8888888888866667777777666688888888888888888888888888888888888888888888888888888888888888888888888666677777777777777776666666666688888888888888888888866666677776666888888888888888888888888888888888888888888888888888888888888888888888888888888888866666688888
8888888888888666677777666688888888888888888888888888888888888888888888888888888888888888888888888866667777777777777777766666666668888888888888888888666667777766666888888888888888888888888888888888888888888888888888888888888888888888888888888888866666888888
8888888888888886666777666688888888888888888888888888888888888888888888888888888888888888888888888888666677777777777777777766666666888888888888888886666777777766666888888888888888888888888888888888888888888888888888888888888888888888888888888888866666888888
8888888888888888866677666688888888888888888888888888888888888888888888888888888888888888888888888888886666666777777777777777666666668888888888888666667777777766666888888888888888888888888888888888888888888888888888888888888888888888888888888888666666888888
8888888888888888886666666668888888888888888888888888888888888888888888888888888888888888888888888888888866666667777777777777777666666688888888886666677777777776666888888888888888888888888888888888888888888888888888888888888888888888888888888888666666888888
8888888888888888888866666666888888888888888888888888888888888888888888888888888888888888888888888888888888666666677777777777777777666666666666666666666777777777666688888888888888888888888888888888888888888888888888888888888888888888888888888888666688888888
8888888888888888888866666666888888888888888888888888888888888888888888888888888888888888888888888888888888886666667777777777777777776666666777766666666666667777666668888888888888888888888888888888888888888888888888888888888888888888888888888886666688888888
8888888888888888888886666666688888888888888888888888888888888888888888888888888888888888888888888888888888888666666677777777777777777667666777766666666666666777766666888888888888888888888888888888888888888888888888888888888888888888888888888866668888888888
8888888888888888888888686666666888888888888888888888888888888888888888888888888888888888888888888888888888888886666666777777777777777777766666666666666688666667666666888888888888888888888888888888888888888888888888888888888888888888888888888866668888888888
8888888888888888888888666666666688888888888888888888888888888888888888888888888888888888888888888888888888888886666666677777777777777777766666668888888888888888666666688888888888888888888888888888888888888888888888888888888888888888888888888666668888888888
8888888888888888888888868666777666888888888888888888888888888888888888888888888888888888888888888888888888888888666666667777777777777777666666888888888888888888886666666666888888888888888888888888888888888888888888888888888888888888888888866668888888888888
8888888888888888888888868666677776666668888888888888888888888888888888888888888888888888888888888888888888888888866666666777777777777776666668888888888888888888888888666666688888888888888888888888888888888888888888888888888888888888888886666666688888888888
8888888888888888888888866666667777666666666666668888888888888888888888888888888888888888888888888888888888888888886666666677777777777766666888888888888888888888888888866666666688888888888888888888888888888888888888888888888888888888888886666666688888888888
8888888888888888888888866666666777766666666666688888888888888888888888888888888888888888888888888888888888888888886666666677777777777666668888888888888888888888888888888866666666888888888888888888888888888888888888888888888888888888888666666666688888888888
8888888888888888888888866666666677777666666666888888888888888888888888888888888888888888888888888888888888888888886666666677777777776666668888888888888888888888888888888866667766688888888888888888888888888888888888888888888888888888886667777666668888888888
8888888888888888888888666666666677777777766666888888888888888888888888888888888888888888888888888888888888888888886666666777777776666666688888888888888888888888888888888888667766666888888888888888888888888888888888888888888888888886666677777766666888888888
8888888888888888888886666666666667777777776666888888888888888888888888888888888888888888888888888888888888888888886666667777777766666666888888888888888888888888888888888888888666666666888888888888888888888888888888888888888888888866666777777776666688888888
8888888888888888888886668886666666777777776666888888888888888888888888888888888888888888888888888888888888888888886666677777777666666688888888888888888888888888888888888888888866666666668888888888888888888888888888888888888888866666667777777776666666668888
8888888888888888888888888888666666677777777666888888888888888888888888888888888888888888888888888888888888888888886666777777776666688888888888888888888888888888888888888888888886666666666666668888888888888888888888888888888886666666667777766666666666668888
8888888888888888888888888888866666667777777766888888888888888888888888888888888888888888888888888888888888888888867777777777766666888888888888888888888888888888888888888888888888888666666666668888888888888888888888888888888666666777666666666666666666668888
8888888888888888888888888888866666666777777776688888888888888888888888888888888888888888888888888888888888888886677777777777666688888888888888888888888888888888888888888888888888888888667766666886668888888888888888888886666666666777666666686668888866668888
8888888888888888888888888888888888666677777777668888888888888888888888888888888888888888888888888888888888888867777777777666668888888888888888888888888888888888888888888888888888888888886666677666666888888888888888888666666666666666666688888888888888888888
8888888888888888888888888888888888866667777777766688888888888888888888888888888888888888888888888888888888888777777777766666888888888888888888888888888888888888888888888888888888888888888666677776666666666888888888666666667766666666668888888888888888888888
8888888888888888888888888888888888686667777777776668888888888888888888888888888888888888888888888888888888877777777777766668888888888888888888888888888888888888888888888888888888888888888886667777766666666688888866666666777766666666888888888888888888888888
8888888888888888888888888888888888666667777777777666888888888888888888888888888888888888888888888888888886777777777777766688888888888888888888888888888888888888888888888888888888888888888888666777777776666666666666666777776666668888888888888888888888888888
8888888888888888888888888888888888666667777777777776688888888888888888888888888888888888888888888888888677777777777777668888888888888888888888888888888888888888888888888888888888888888888888866677777777666666666667777777766666888888888888888888888888888888
8888888888888888888888888888888888666666777666667777666688888888888888888888888888888888888888888888888777777777777776668888888888888888888888888888888888888888888888888888888888888888888888886667777777777777666777777776666668888888888888888888888888888888
8888888888888888888888888888888888666666666666666677776668888888888888888888888888888888888888888866677777777777777766668888888888888888888888888888888888888888888888888888888888888888888888886666677777777777777777777766666688888888888888888888888888888888
8888888888888888888888888888888888666666666666666667777666888888888888888888888888888888888888888666777777777777777666668888888888888888888888888888888888888888888888888888888888888888888888888866667777777777777777777666668888888888888888888888888888888888
8888888888888888888888888888888886666666666666666666666667788888888888888888888888888888888888886666677777777777777666668888888888888888888888888888888888888888888888888888888888888888888888888886667777777777777777666666888888888888888888888888888888888888
8888888888888888888888888888888886666666666666666666666677778888888888888888888888888888888888886666666677777777777766668888888888888888888888888888888888888888888888888888888888888888888888888888666777777777777776666668888888888888888888888888888888888888
8888888888888888888888888888888866666888888888888888886667776688888888888888888888888888888888888666666666677777777776668888888888888888888888888888888888888888888888888888888888888888888888888888666677777777777766666668888888888888888888888888888888888888
8888888888888888888888888888888666688888888888888888888866666666668888888888888888888888888888888886666666667777777777668888888888888888888888888888888888888888888888888888888888888888888888888888666667777777777666666888888888888888888888888888888888888888
8888888888888888888888888888888888888888888888888888888888666666666888888888888888888888888888888888866666666667777777766888888888888888888888888888888888888888888888888888888888888888888888888888666667777777776666668888888888888888888888888888888888888888
8888888888888888888888888886888888888888888888888888888888866666666888888888888888888888888888888888886666888866666777766668888888888888888888888888888888888888888888888888888888888888888888888888666677777777766666688888888888888888888888888888888888888888
8888888888888888888888888886688888888888888888888888888888886666688888888888888888888888888888888888888868888888666666666666888888888888888888888888888888888888888888888888888888888888888888888888666777777776666666888888888888888888888888888888888888888888
8888888888888888888888888888888888888888888888888888888888886666688888888888888888888888888888888888888888888888866666666666888888888888888888888888888888888888888888888888888888888888888888888888666777777766666668888888888888888888888888888888888888888888
8888888888888888888888888888888888888888888888888888888888888666688888888888888888888888888888888888888888888888888886666666688888888888888888888888888888888888888888888888888888888888888888888886667777777666666688888888888888888888888888888888888888888888
8888888888888888888888888888888888888888888888888888888888888866688888888888888888888888888888888888888888888888888888886666666888888888888888888888888888888888888888888888888888888888888888888666677777776666668888888888888888888888888888888888888888888888
8888888888888888888888888888888888888888888888888888888888888888688888888888888888888888888888888888888888888888888888888866666668888888888888888888888888888888888888888888888888888888888888886666777777776666668888888888888888888888888888888888888888888888
8888888888888888888888888888888888888888888888888888888888888888868888888888888888888888888888888888888888888888888888888866666666888888888888888888888888888888888888888888888888888888888888886667777777776666668888888888888888888888888888888888888888888888
8888888888888888888888888888888888888888888888888888888888888888886888888888888888888888888888888888888888888888888888888888667766688888888888888888888888888888888888888888888888888888888888666677777777776666668888888888888888888888888888888888888888888888
8888888888888888888888888888888888888888888888888888888888888888886668888888888888888888888888888888888888888888888888888888886666666888888888888888888888888888888888888888888888888888888888666777777777777766668888888888888888888888888888888888888888888888
8888888888888868888888888888888888888888888888888888888888888888888868888888888888888888888888888888888888888888888888888888888667766688888888888888888888888888888888888888888888888888888866666667766677777776666888888888888888888888888888888888888888888888
8888888888888666888888888888888888888888888888888888888888888888888866888888888888888888888888888888888888888888888888888888888886666688888888888888888888888888888888888888888888888888888666666666666666777777666688888888888888888888888888888888888888888888
8888888888866666888888888888888888888888888888888888888888888888888866688888888888888888888888888888888888888888888888888888888888666666888888888888888888888888888888888888888888888888888666666666666666667777666668888888888888888888888888888888888888888888
8888888666666668888888888888888888888888888888888888888888888888888888688888888888888888888888888888888888888888888888888888888888866666688888888888888888888888888888888888888888888888886666668888888888886676666668888888888888888888888888888888888888888888
8886666666666668888888888888888888888888888888888888888888888888888888666688888888888888888888888888888888888888888888888888888888866666666888888888888888888888888888888888888888888888866666688888888888888666666666888888888888888888888888888888888888888888
8886666666666688888888888888888888888888888888888888888888888888888888866666688888888888666888888888888888888888888888888888888888886666666666888888888888888888888888888888888888888888666688888888888888888866666666888888888888888888888888888888888888888888
8886666666666688888888888888888888888888888888888888888888888888888888866666668888888866668888888888888888888888888888888888888888888666677666688888888888888888888888888888888888888666688888888888888888888886666666888888888888888888888888888888888888888888
8886666776666688888888888888888888888888888888888888888888888888888888866666666666667777688888888888888888888888888888888888888888888866667777666688888888888888888888888888888888866666688888888888888888888888866666888888888888888888888888888888888888888888
8886677776666668888888888888888888888888888888888888888888888888888888866666666666677776688888888888888888888888888888888888888888888886666777766666888888888888888888888888888888666668888888888888888888888888886776688888888888888888888888888888888888888888
8887777777666668888888888888888888888888888888888888888888888888888888866666667777777766688888888888888888888888888888888888888888888888666777766666668888888888888888888888888666666688888888888888888888888888886777666888888888888888888888888888888888888888
8887777777666666888888888888888888888888888888888888888888888888888888866666677777777766688888888888888888888888888888888888888888888888886666667776666666666888888888888888866666666688888888888888888888888888886777766688888888888888888888888888888888888888
8887777777766666688888888888888888888888888888888888888888888888888888666666667777777766688888888888888888888888888888888888888888888888888886667777777666666668888888888666667776666688888888888888888888888888886777766668888888888888888888888888888888888888
8886667777776666668888888888888888888888888888888888888888888888888886666666666677777766668888888888888888888888888888888888888888888888888888666777777766666666688888886666777776666688888888888888888888888888886777766666888888888888888888888888888888888888
8886666777777666666888888888888888888888888888888888888888888888888886688866666667777776666888888888888888888888888888888888888888888888888888666677777777666666666666666667777776666688888888888888888888888888866777766666688888888888888888888888888888888888
8886666666777776666668888888888888888888888888888888888888888888888888888886666666667776666688888888888888888888888888888888888888888888888888886667777777777666666666667777777766666668888888888888888888888886667777776666688888888888888888888888888888888888
8886666666677777666668888888888888888888888888888888888888888888666888888888888888666666666668888888888888888888888888888888888888888888888888888666777777777776666666677777776666666668888888888888888888888866677777777666688888888888888888888888888888888888
8888866666666777776668888888888888888888888888888888888888888888666888888888888888886666666666888888888888888888888888888888888888888888888888888666677777777777777777777766666666666666888888888888888888888666777777777766666888888888888888888888888888888888
8888888866666667777666666888888888888888888888888888888888888888888888888888888888888888666666688888888888888888888888888888888888888888888888888866667777777777777777666666666688666666888888888888888888866677777777777776666688888888888888888888888888888888
6668888888666666677776666668888888888888888888888888888888888888888888888888888888888888886666668888888888888888888888888888888888888888888888888886666677777777777766666666688888888888888888888888888888866666677777777777666668888888888888888888888888888888
6668888888886666667777776666666688888888888888866688888888888888888888888888888888888888886666666888888888888888888888888888888888888888888888888886666667777777776666666888888888888888888888888888888888888666666667777777776666888888888888888888888888888888
6668888888888866666677777666666666666888888888888888888888888888888888888888888888888888888666666688888888888888888888888888888888888888888888888886666667777777666666668888888888888888888888888888888888888866666666777777777666666688888888888888888888888888
6668888888888888666667777776666666666666666666668888888888888888888888888888888888888888888866666668888888888888888888888888888888888888888888888888666677777766666668888888888888888888888888888888888888888888888666666777777766666668888888888888888888888888
7778888888888888886666677777666666666666666666668888888888888888888888888888888888888888888888666666888888888888888888888888888888888888888888888888666677776666668888888888888888888888888888888888888888888888888866666677777777666666688888888888888888888888
6668888888888888888866666777777776666667766666688888888888888888888888888888888888888888888888866666688888888888888888888888888888888888888888888886667777766666688888888888888888888888888888888888888888888888888888666666677777776666668888888888888888888888
6668888888888888888866666677777777777777766666688888888888888888888888888888888888888888888888866666666888888888888888888888888888888888888888888886667777766668888888888888888888888888888888888888888888888888888888886666667777777766666888888888888888888888
8668888888888888888886666667777777777766666668888888888888888888888888888888888888888888888888888667666688888888888888888888888888888888888888888866677777666668888888888888888888888888888888888888888888888888888888888666666677777777666686888888888888888888
8888888888888888888888666666777777777666666888888888888888888888888888888888888888888888888888888866766668888888888888888888888888888888888888888666777776666688888888888888888888888888888888888888888888888888888888888886666666777777777766688888888888888888
8888888888888888888888866666777777776666668888888888888888888888888888888888888888888888888888888866676666888888888888888888888888888888888888888667777766666888888888888888888888888888888888888888888888888888888888888888666666677777777776666688888888888888
8888888888888888888888886666677777666666688888888888888888888888888888888888888888888888888888888886677666688888888888888888888888888888888888886677777666668888888888888888888888888888888888888888888888888888888888888888866666666777777777666666888888888888
8888888888888888888888888666677776666666888888888888888888888888888888888888888888888888888888888886666666666888888888888888888888888888888888666677766666668888888888888888888888888888888888888888888888888888888888888888886666666666666777666666688888888888
8888888888888888888888888666777766666668888888888888888888888888888888888888888888888888888888888888666666666688888888888888888888888888888866666676666666668888888888888888888888888888888888888888888888888888888888888888886666666666666666666666666666688888
8888888888888888888888888667777666666688888888888888888888888888888888888888888888888888888888888888666677666668888888888888888888888888888866666666666666668888888888888888888888888888888888888888888888888888888888888888888666666666666666666666666666688888
8888888888888888888888886666777666666888888888888888888888888888888888888888888888888888888888888888666677766666888888888888888888888888888667776666666888888888888888888888888888888888888888888888888888888888888888888888888666666666666666666666666666668888
8888888888888888888888886666677666668888888888888888888888888888888888888888888888888888888888888888666667777666688888888888888888888888666677766666888888888888888888888888888888888888888888888888888888888888888888888888888666688888888888866666666666777768
8888888888888888888888666666666666668888888888888888888888888888888888888888888888888888888888888888666667777766668888888888888888888886677777666666888888888888888888888888888888888888888888888888888888888888888888888888888888888888888888888886666666777777
8888888888888888888888666666666666688888888888888888888888888888888888888888888888888888888888888888666667777776666666888888888888866667777777666668888888888888888888888888888888888888888888888888888888888888888888888888888888888888888888888888888666667777
8888888888888888888888888886666666688888888888888888888888888888888888888888888888888888888888888886666677777777766666666666666666666677777776668888888888888888888888888888888888888888888888888888888888888888888888888888888888888888888888888888888886666677
8888888888888888888888888888866666688888888888888888888888888888888888888888888888888888888888888886666777777777777666666666666666667777777666688888888888888888888888888888888888888888888888888888888888888888888888888888888888888888888888888888888888666667
8888888888888888888888888888886666688888888888888888888888888888888888888888888888888888888888888866667777777777777766666666666666777777776668888888888888888888888888888888888888888888888888888888888888888888886688888888888888888888888888888888888888888866
8888888888888888888888888888886666688888888888888888888888888888888888888888888888888888888888888666677777777777777777666666666777777777666688888888888888888888888888888888888888888888888888888888888888888888886688888888888888888888888888888888888888888886
8888888888888888888888888888888666688888888888888888888888888888888888888888888888888888888888866666777777777777777777777777777777777776666888888888888888888888888888888888888888888888888888888888888888888888886688888888888888888888888888888888888888888888
8888888888888888888888888888888866668888888888888888888888888888888888888888888888888888888888666667777777776666666677777777777777777776666888888888888888888888888888888888888888888888888888888888888888888866688888888888888888888888888888888888888888888888
8888888888888888888888888888888866666688888888888888888888888888888888888888888888888888888886666667777766666666666667777777777777777766668888888888888888888888888888888888888888888888888888888888888888666666688888888888888888888888888888888888888888888888
8888888888888888888888888888888666666688888888888888888888888888888888888888888888888888888866666666777666666666666666777777777777777666668888888888888888888888888888888888888888888888888888888888888888666666888888888888888888888888888888888888888888888888
8888888888888888888888888888888666666668888888888888888888888888888888888888888888888888888666677766666688888888866666666777777777776666668888888888888888888888888888888888888888888888888888888888888866666668888888888888888888888888888888888888888888888888
8888888888888888888888888888888666666666888888888888888888888888888888888888888888888888866666777666668888888888888888666667777777776666668888888888888888888888888888888888888888888888888888888886666666666688888888888888888888888888888888888888888888888888
8888888888888888888888888888888666666666668888888888888888888888888888888888888888888866666666776688888888888888888888866666677777777666668888888888888888888888888888888888888888888888886666666666666666666688888888888888888888888888888888888888888888888888
8888888888888888888888888888886666777666666888888888888888888888888888888888888888886666666776888888888888888888888888888666667777777766666888888888888888888888888888888888888888888888866666666666666666666688888888888888888888888888888888888888888888888888
8866888888888888888888888888886667777766666666888888888888888888888888888888888866666666666778888888888888888888888888888866666777777776668888888888888888888888888888888888888888888888866666666666666666666668888888888888888888888888888888888888888888888888
8866688888888888888888888888866667777776666666888888888888888888888888888888886666666666666888888888888888888888888888888886666677777777666888888888888888888888888888888888888888888888866666666666666666666666888888888888888888888888888888888888888888888888
6666688888888888888888888888666677777776666666888888888888888888888888888888666666666666668888888888888888888888888888888888666667777777666666888888888888888888888888888888888888888888866666666666666666668688888888888888888888888888888888888888888888888888
6666668888888888888888888866666777777766666666688888888888888888888888888666666667776666688888888888888888888888888888888888666667777777666666888888888888888888888888888888888888888886666666666668888888888888888888888888888888888888888888888888888888888888
6666666888888888888888666666667777776666666666888888888888888888888888866667777777776666888888888888888888888888888888888888666667777776666666688888888888888888888888888888888888888866666666666688888888888888888888888888888888888888888888888888888888888886
7777766666888888888886666666677777666666668888888888888888888888888888866777777777766666888888888888888888888888888888888888666677777766666666668888888888888888888888888888888888888666666666666888888888888888888888888888888888888888888888888888888888888866
7777766666688888866666666667777776666666688888888888888888888888888888866677777777666668888888888888888888888888888888888886666777776666666666668888888888888888888888888888888886666666666888888888888888888888888888886688888888888888888888888888888888888667
7777777666666886666666666777777666666688888888888888888888888888888888888666667766666668888888888888888888888888888888888866666777766666666666668888888888888866888888888866666667777766688888888888888888888888888888886688888888888888888888888888888888866677
6666666777766666666677777766666666688888888888888888888888888888888888888666666666666668888888888888888888888888888888888666666666666666666666888888888888888866666666666666666777777766888888888888888888888888888888888888888888888888888888888888888866677666
6666666777777666667777777666666668888888888888888888888888888888888888888866666666666668888888888888888888888888888888886666666666666666666668888888888888888888666666666677777777766666888888888888888888888888888888888888888888888888888888888888888666677766
8888866677777777777777776666668888888888888888888888888888888888888888888866666666666688888888888888888888888888888888866666666666666668888888888888888888888888666666666777777777666688888888888888888888888888888888888886666888888888888888888888888666666666
8888886667777777777777766666688888888888888888888888888888888888888888888866666666668888888888888888888888888888888886666666666666688866888888888888888888888888866666667777777776666688888888888888888888888888888888888888868888888888888888888866666666666666
8888886666677777777777666666688888888888888888888888888888888888888888888866666668888888888888888888888888888888888886666666888888888886888888888888888888888888888866666777777766668888888888888888888888888888888888888888888888888888888888886666666666666668
8888888886666777777776666688888888888888888888888888888888888888888888888866666688888888888888888888888888888888888866666668888888888886888888888888888888888888888886666677776666888888888888888888888888888888888888888888888888888888888888666666666666668888
8888888888666677777766666888888888888888888888888888888888888888888888888666688888888888888888888666688888888888888866866888888888888888888888888888888888888888888888666667776668888888888888888888888888888888888888888888888888888666666666666777666666688888
8888888888866667777766668888888888888888888888888888888888888888888888888666888888888888888888888866688888666666668888888888888888888888888888888888888888888888888888666666666688888888888888888888888888888888888888888888888888886666666666667777666666888888
8888888888866666777766668888888888888888888888888888888888888888888888888888888888888888888888888886688886666666668888888888888888888888888888888888888888888888888888666666666688888888888888888888888888888888888888888888888888886666666666777776666688888888
8888888888888666677766668888888888888888888888888888888888888888888886888888888888888888888888888888888886666666888888888888888888888888888888888888888888888888888888666666666888888888888888888888888888888888888888888888888888866666666777777766668888888888
8888888888888666677766668888888888888888888888888888888888888888888866888888888888888888888888888888888886666766888888888888888888888888888888888888888888888888888888666666668888888888888888888888888888888888888888888888888888866666777777766666688888888888
8888888888888666667766668888888888888888888888888888888888888888888888888888888888888888888888888888888886666666888888888888888888888888888888888888888888888888888888666666688888888888888888888888888888888888888888888888888888866667777776666688888888888888
8888888888888866666766666888888888888888888888888888888888888888888888888888888888888888888888888888888886666666888888888888888888888888888888888888888888888888888886666666688888888888888888888888888888888888888888888888888888866677777766668888888888888888
8888888888888666666666666688888888888888888888888888888888888888888888888888888888888888888888888888888886666668888888888888888888888888888888888888888888888888888866666666688888888888888888888888888888888888888888888888888886666777777666668888888888888888
8888888888888666666677666666888888888888888888888888888888888888888888888888888888888888888888888888888888666668888888888888888888888888888888888888888888888888888666666666688888888888888888888888888888888888888888888888888866667777766666888888888888888888
8888888888888666666677776666688888888888888888888888888888888888888888888888888888888888888888888888888888666888888888888888888888888888888888888888888888888888888666677666688888888888888888888888888888888888888888888888888666777777666688888888888888888888
8888888888866666666667777666688888888888888888888888888888888888888888888888888888888888888888888888888886668888888888888888888888888888888888888888888888888888888666677766688888888888888888888888888888888888888888888888866667777776666888888888888888888888
8888888888866666666666777766668888888888888888888888888888888888888888888888888888888888888888888888888886668888888888888888888888888888888888888888888888888888888666777766668888888888888888888888888888888888888888888888666677777766668888888888888888888888
8888888888666666666666677776666888888888888888888888888888888888888888888888888888888888888888888888888866668888888888888888888888888888888888888888888888888888888866677776668888888888888888888888888888888888888888888886666777777766688888888888888888888888
8888888666666666666666666777766668888888888888888888888888888888888888888888888888888888888888888888888666688888888888888888888888888888888888888888888888888888888886666776666688888888888888888888888888888888888888888666667777777666888888888888888888888888
8888888866666666666666666667776666688888888888888888888888888888888888888888888888888888888888888888888666668888888888888888888888888888888888888888888888888888888888666677766688888888888888888888888888888888888888866666677777766668888888888888888888888888
8888886666688888888888886666666666666666666668888888888888888888888888888888888888888888888888888888886666668888888888888888888888888888888888888888888888888888888888866667776688888888888888888888888888888888888888866667777777666668888888888888888888888888
8888886888888888888888888666666666666666666666688888888888888888888888888888888888888888888888888888866666668888888888888888888888888888888888888888888888888888888888886667777768888888888888888888888888888888888666666777777777666668888888888888888888888888
8668888888888888888888888866666676666666666666688888888888888888888888888888888888888888888888888886666777666688888888888888888888888888888888888888888888888888888888888666777777666888888888888888888888888888866666777777777777766668888888888888888888888888
8666888888888888888888888888666666666666666666688888888888888888888888888888888888888888888888888886667777766668888888888888888888888888888888888888888888888888888888888866677777766666888888888888888888888888666777777777777777766666888888888888888888888888
8666888888888888888888888888866666666776666666688888888888888888888888888888888888888888888888888666677777776666888888888888888888888888888888888888888888888888888888888866677777776666666688888888888888888866777777777777777777666666668888888888888888888888
8888888888888888888888888888888666667777766666688888888888888888888888888888888888888888888888886666667777776666688888888888888888888888888888888888888888888888888888888866667777777666666666688888888666666667777777777777666666666666666888888888888888888888
8888888888888888888888888888888886666777776666668888888888888888888888888888888888888888888888666666667777766666666888888888888888888888888888888888888888888888888888888666666777777776666666666666666666666666777776666666666666666666666688888888888888888888
8888888888888888888888888888888886666777777766666668888888888888888888888888888888888888888866666666666666666666668886668688888888888888888888888888888888888888888888888666666777777777777777776666666666666666666666666666666666888886666666888888888888888888
8888888888888888888888888888888888666677777777766666688888888888888888888888888888888888888666666666668888888888888888886666688888888888888888888888888888888888888888888666666777777777777777777766666666668888866666666666666668888888666666688888888888888888
8888888888888888888888888888888888666677777777777766668888888888888888888888888888888888866666666666888888888888888888888888888888888888888888888888888888888888888888888666677777777777777777776776666666888888888888888888888668888888888888888888888888888888
8888888888888888888888888888888888666677777777777766666688888888888888888888888888888886666666888888888888888888888888888888888888888888888888888888888888888888888888666666777777777777777777666666666668888888888888888888888888888888888888888888888888888888
8888888888888888888888888888888886666777777766666666666668888888888888888888888888866666666666888888888888888888888888888888888888888888888888888888888888888888888888666667777777777777777666666668888888888888888888888888888888888888888888888888888888888888
8888888888888888888888888888888886667777777666666666666688888888888888888888888888666666666888888888888888888888888888888888888888888888888888888888888888888888888866666677777777777776666666666888888888888888888888888888888888888888888888888888888888888888
8888888888888888888888888888888886677777666666666666666688888888888888888866666666666666888888888888888888888888888888888888888888888888888888888888888888888888666666667777777777777666666666688888888888888888888888888888888888888888888888888888888888888888
8888888888888888888888888888888866777776666666666888888888888888888886777777776666666688888888888888888888888888888888888888888888888888888866688888888888888888866666777777777777766666666888888888888888888888888888888888888888888888888888888888888888888888
8888888888888888888888888888866667776666666668888888888888888888886667777777776666688888888888888888888888888888888888888888888888888888888886666666666666666666666666677777777776666666668888888888888888888888888888888888888888888888888888888888888888888888
8888888888888888888888888888666666666666888888888888888888888888888667777777766688888888888888888888888888888888888888888888888888888888888886666666666666666666666667777777777766666668888888888888888888888888888888888888888888888888888888888888888888888888
8888888888888888888888888886666666668888888888888888888888888888888667777777666688888888888888888888888888888888888888888888888888888888888886686666666666666666666777777777777666666888888888888888888888888888888888888888888888888888888888888888888888888888
8888888888888888888888888666666666688888888888888888888888888888888666666666666888888888888888888888888888888888888888888888888888888888888888888866666677777766667777777777777766668888888888888888888888888888888888888888888888888888888888888888888888888888
8888888888888888888886666666666888888888888888888888888888888888888866666666668888888888888888888888888888888888888888888888888888888888888888888866666677777777777777777777776666668888888888888888888888888888888888888888888888888888888888888888888888888888
8888888888888888886666666666666888888888888888888888888888888888888886666666668888888888888888888888888888888888888888888888888888888888888888888866666667777777777777777777776666668888888888888888888888888888888888888888888888888888888888888888888888888888
8888888888888888886666777666668888888888888888888888888888888888888886666666668888888888888888888888888888888888888888888888888888888888888888888886666666777777777777777777777666668888888888888888888888888888888888888888888888888888888888888888888888888888
8888888888888888666667766668888888888888888888888888888888888888888888666666668888888888888888888888888888888888888888888888888888888888888888888886666666677777777777777777777666668888888888888888888888888888888888888888888888888888888888888888888888888888
6688888888888866666777666668888888888888888888888888888888888888888888666666688888888888888888888888888888888888888888888888888888888888888888888888666666667777777777777777777766668888888888888888888888888888888888888888888888888888888888888888888888888888
6668888888886666667777666688888888888888888888888888888888888888888888886666688888888888888888888888888888888888888888888888888888888888888888888888666666666777777777777667777766668888888888888888888888888888888888888888888888888888888888888888888888888888
6666888866666666777776668888888888888888888888888888888888888888888888888866668888888888888888888888888888888888888888888888888888888888888888888888866666667777777777766666677766666888888888888888888888888888888888888888888888888888888888888888888888888888
6666666666666677777766688888888888888888888888888888888888888888888888888886668888888888888888888888888888888888888888888888888888888888888888888888866666677777777766666666666666666668888888888888888888888888888888888888888888888888888888888888888888888888
6666666666667777777666688888888888888888888888888888888888888888888888888886668888888888888888888888888888888888888888888888888888888888888888888888866666777777776666666666666666866666888888888888888888888888888888888888888888888888888888888888888888888888
8888666667777777776666688888888888888888888888888888888888888888888888888886666888888888888888888888888888888888888888888888888888888888888888888888666677777766666666688888888888886666666888888888888888888888888888888888888888888888888888688888888888888888
8888666667777777766666888888888888888888888888888888888888888888888888888886666688888888888888888888888888888888888888888888888888888888888888888886666677777666666668888888888888888868666688888888888888888888888888888888888888888888888888668888888888888888
8888888666777777766688888888888888888888888888888888888888888888888888888866666668888888888888888888888888888888888888888888888888888888888888888666666777766666666888888888888888888888866666888888888888888888888888888888888888888888888888668888888888886888
8888888866677777666688888888888888888888888888888888888888888888888888888666666666688888888888888888888888888888888888888888888888888888888888866666667777776668888888888888888888888888888666688888888888888888888888888888888888888888888888866688888888888888
8888888886666777666668888888888888888888888888888888888888888888888888888666666666668888888888888888888888888888888888888888888888888888888886666666677777766688888888888888888888888888888866668888888888888888888888888888888888888888888888866666888888888888
8888888886666677666668888888888888888888888888888888888888888888888888888666666666668888888888888888888888888888888888888888888888888888888666666677776666668888888888888888888888888888888886666688888888888888888888888888888888888888888888666666688888888888
8888888888866666666666888888888888888888888888888888888888888888888888888888866666688888888888888888888888888888888888888888888888888888866666667777776666888888888888888888888888888888888888866668888888888888888888888888888888888888888886666666688888888888
8888888888886666666666888888888888888888888888888888888888888888888888888888888888888888888888888888888888888888888888888888888888888888666666677777766888888888888888888888888888888888888888886666888888888888888888888888888888888888888886666666888888888888
8888888888888666666666888888888888888888888888888888888888888888888888888888888888888888888888888888888888888888888888888888888888886666666666777776666888888888888888888888888888888888888888888866688888888888888888888888888888888888888666666888888888888888
8888888888888666666666688888888888888888888888888888888888888888888888888888888888888888888888888888888888888888888888888888888888866666666666677666668888888888888888888888888888888888888888888886666888888888888888888888888888888888888666668888888888888888
8888888888888666666666668888888888888888888888888888888888888888888888888888888888888888888888888888888888888888888888888888888666666666677666666666668888888888888888888888888888888888888888888888666668888888888888888888888888888866666666888888888888888888
8888888888888866667766666888888888888888888888888888888888888888888888888888888888888888888888888888888888888888888888888888666666666666666666666666666888888888888888888888888888888888888888888888866666888888888888888888888888886666666666888888888888888888
8888888888888666667776666688888888888888888888888888888888888888888888888888888888888888888888866668888888888888888888866666666666666666666666666666666888888888888888888888888888888888888888888888866666688888888888888888888888866677766668888888888888888888
8888888888888666667776666668888888888888888888888888888888888888888888888888888888888888888888866666888888888888888888666666666666688888888888886888866688888888888888888888888888888888888888888888866666666666888888888888888888666777766688888888888888888888
8888888888866666667777666668888888888888888888888888888888888888888888888888888888888888888888866666688888888888888866666666666668888888888888888888886688888888888888888888888888888888888888888888666666666666668888888888888666677766668888888888888888888888
8888888888866666667777666666888888888888888888888888888888888888888888888888888888888888888888886666666666666666666666666666666888888888888888888888888888688888888888888888888888888888888888888888666666667776666666666666666666677766688888888888888888888888
8888888888866666666677766666668888888888888888888888888888888888888888888888888888888888888888888666666666666666666666666888888888888888888888888888888888688888888888888888888888888888888888888888666666667777666666666666667777777666688888888888888888888888
8888888888866666666667777666666888888888888888888888888888888888888888888888888888888888888888888866666666667776666688668888888888888888888888888888888888688888888888888888888888888888888888888888866666677777666666666666677777776668888888888888888888888888
8888888888666666666666677766666688888888888888888888888888888888888888888888888888888888888888888886666666677776666688888888888888888888888888888888888888888888888888888888888888888888888888888888866666666766666666666677777777766688888888888888888888888888
8888888886666666666666666666666666888888888888888888888888888888888888888888888888888888888888888866667777766666666888888888888888888888888888888888888888888888888888888888888888888888888888888866666666666666666666666777777777766688888888888888888888888888
8888888688668888888886666666666666668888888888888888888888888888888888888888888888888888888888888666677777666666666688888888888888888888888888888888888888888888888888888888888888888888888888888666666666666666666666666777777777666688888888888888888888888888
8888866688888888888888866666676666666888888888888888888888888888888888888888888888888888888888886677777766666666666888888888888888888888888888888888888888888888888888888888888888888888888888886668888888888888866666666677777777666688888888888888888888888888
8888666688888888888888888666667666666688888888888888888888888888888888888888888888888888888888866777776666666666668888888888888888888888888888888888888888888888888888888888888888888888888888868888888888888888886666666666677777766688888888888888888888888888
6688668888888888888888888866666777666666666888888888888888888888888888888888888888888888888888677777766666666668888888888888888888888888888888888888888888888888888888888888888888888888888888888888888888888888888888886666667777766688888888888888888888888888
6688888888888888888888888866666777766666666666688888888888888888888888888888888888888888888866677777666666666888888888888888888888888888888888888888888888888888888888888888888888888888888888888888888888888888888888888886666677776668888888888888888888888888
6688888888888888888888888886666677776666666666688888888888888888888888888888888888888888888666677776666666668888888888888888888888888888888888888888888888888888888888888888888888888888888888888888888888888888888888888886666667776666888888888888888888888888
6688888888888888888888888886666667777666666666688888888888888888888888888888888888888888886666777776666666888888888888888888888888888888888888888888888888888888888888888888888888888888888888888888888888888888888888888888866666776666888888888888888888888888
8888888888888888888888888886666666677766666666668888888888888888888888888888888888888888666677776666668888888888888888888888888888888888888888888888888888888888888888888888888866666668888888888888888888888888888888888888886666677666688888888888888888888888
8888888888888888888888888886666666677776666666666888888888888888888888888888888888888886667777766666668888888888888888888888888888888888888888888888888888888888888888888888866666666666888888888888888888888888888888888888888666666766666688888888888888888888
8888888888888888888888888866666666677777666666666688888888888888888888888888888888888866677777666666688888888888888888888888888888888888888888888888888888888888888888888888666666666668888888888888888888888888888888888888888888666666666668888888888888888888
8888888888888888888888888866666666777777766666666668888888888888888888888888888888888666777776666668888888888888888888888888888888888888888888888888888888888888888888888866666666666888888888888888888888888888888888888888888888866666676666688888888888888888
8888888888888888888888888666666667777777777666666666668888888888888888888888888886666667777666666688888888888888888888888888888888888888888888888888888888888888888888888886666666668888888888888888888888888888888888888888888888886666677766688888888888888888
8888888888888888888888886666666667777777777776666666666668888888888888888888886666666777776666666888888888888888888888888888888888888888888888888888888888888888888888888666666666668888888888888888888888888888888888888888888888888666667777666666888888888888
7768888888888888888888888666666666667777777777766666666666688888888888888886666666677777766666668888888888888888888888888888888888888888888888888888888888888888888888866666666668888888888888888888888888888888888888888888888888888666667777766666668888888888
7766888888888888888888888886666666666677777777777666666666666668888888886666666667777776666666888888888888888888888888888888888888888888888888888888888888888888888888666666666668888888888888888888888888888888888888888888888888888886666777776666666688888888
7666888888888888888888888888866666666667777777777777766666666666666666666666677777777766666668888888888888888888888888888888888888888888888888888888888888888888888886666666666888888888888888888888888888888888888888888888888888888888666667777776666666888888
6666888888888888888888888888888666666666667777777777777776666666666666666667777777776666666688888888888888888888888888888888888888888888888888888888888888888888888866666666668888888888888888888888888888888888888888888888888888888888888666777777766666668888
6668888888888888888888888888888886666666666777777777777777766666666666666777777777766666668888888888888888888888888888888888888888888888888888888888888888888888888666666666688888888888888888888888888888888888888888888888888888888888888666667777777776666888
8888888888888888888888888888888888866666666667777777777777777777666666666777777777666666668888888888888888888888888888888888888888888888888888888888888888888888888666666666668888888888888888888888888888888888888888888888888888888888888666666777777777666666
8888888888888888888888888888888888886666666666777777777777777777776666667777777776666666888888888888888888888888888888888888888888888888888886688888888888888888888666666666668888888888888888888888888888888888888888888888888888888888888866666677777777777666
8888888888888888888888888888888888888666666666677777777777777777777777777777777776666668888888888888888888888888888888888888888888888888888886666668888888888888888666666666666888888888888888888888888888888888888888888888888888888888888866666667777777777766
8888888888888888888888888888888888888866666666777777777777777777777777777777777666666668888888888888888888888888888888888888888888888888888888666668888888888888888886666666666688888888888888888888888888888888888888888888888888888888888866666666777777777777
8888888888888888888888888888888888888866666667777777777666666666667777777777777766666668888888888888888888888888888888888888888888888888888888666666888888888888888888866666666668888888888888888888888888888888888888888888888888888888888866666666777777777777
8888888888888888888888888888888888888866666677777777666666666666666777777777777666666688888888888888888888888888888888888888888888888888888888666666668888888888888888888886666668888888888888888888888888888888888888888888888888888888888666666677777777777777
8888888888888888888888888888888888888666666777777766666666666666666666777777777666666888888888888888888888888888888888888888888888888888888888866666668888888888888888888888886666888888888888888888888888888888888888888888888888888888888866666777777777777777
8888888888888888888888888888888888888666667777666666666668886666666666667777777666666688888888888888888888888888888888888888888888888888888888866666688888888888888888888888888666688888888888888888888888888888888888888888888888888888888666667777777777777777
8888888888888888888888888888888888886666677776666668888888888888866666666677777766666688888888888888888888888888888888888888888888888888888888666688888888888888888888888888888886666888888888888888888888888888888888888888888888888888886666677777777776666666
8888888888888888888888888888888888886666777766666668888888888888888866666667777776666688888888888888888888888888888888888888888888888888888888668888888888888888888888888888888888666688888888888888888888888888888888888888888888888888866666777777766666666688
8888888888888888888888888888888888667777766666666688888888888888888886666666667777666688888888888888888888888888888888888888888888888888886666888888888888888888888888888888888888888666888888888888888888888888888888888888888888888886666667777776666666888888
8888888888888888888888888888888866677776666666888888888888888888888888888666666677766688888888888888888888888888888888888888888888888888886668888888888888888888888888888888888888888666668888888888888888888888888888888888888888888866666677777666666888888888
8888888888888888888888888888888666767766666668888888888888888888888888888866666667776668888888888888888888888888888888888888888888888888886668888888888888888888888888888888888888888866666888888888888888888888888888888888888888888666777776666666688888888888
8888888888888888888888888888866667666666666888888888888888888888888888888886666666776666688888888888888888888888888888888888888888888888666668888888888888888888888888888888888888888886666666888888888888888888888888888888888888886677777666666688888888888888
8888888888888888888888888888666667766666688888888888888888888888888888888888866666677666668888888888888888888888888888888888888888888888688888888888888888888888888888888888888888888888866666688888888888888888888888888888888888866677776666888888888888888888
8888888888888888888888888866666666666666888888888888888888888888888888888888886666666776666888888888888888888888888888888888888888888668888888888888888888888888888888888888888888888888886666668888888888888888888888888888888866667777766666888888888888888888
8888888888888888888888888866666666666688888888888888888888888888888888888888888666666776666688888888888888888888888888888888888888866688888888888888888888888888888888888888888888888888888866666666888888888888888888888888666667777776666888888888888888888888
8888888888888888888888886666666666666888888888888888888888888888888888888888888886666777766668888888888888888888888888888888888888668888888888888888888888888888888888888888888888888888888888666666688888888888888888888886666777777766668888888888888888888888
8888888888888888888888866666666666668888888888888888888888888888888888888888888888866667766666688888888888888888888888888888888888668888888888888888888888888888888888888888888888888888888888666666666668888888888888866666677777777666688888888888888888888888
8888888888888888888888866666666666668888888888888888888888888888888888888888888888866666666666668888888888888888888888888888888888668888888888888888888888888888888888888888888888888888888888866666666668888888888888886666677777776666888888888888888888888888
8888888888888888888886666666666666668888888888888888888888888888888888888888888888888666666666666888888888888888888888888888888666666688888888888888888888888888888888888888888888888888888888866666667766666688888886666666667777776668888888888888888888888888
8888888888888888888666666666688666666888888888888888888888888888888888888888888888888886667776666688888888888888888888888888886666888888888888888888888888888888888888888888888888888888888888866667777777666666888888666666666677776668888888888888888888888888
8888888888888888886666666668888866666888888888888888888888888888888888888888888888888888667777666666888888888888888888888888866666688888888888888888888888888888888888888888888888888888888888866667777777766668888888888866666667666668888888888888888888888888
8888888888888888666666666688888886666688888888888888888888888888888888888888888888888888666777766666688888888888888888888888666666688888888888888888888888888888888888888888888888888888888888666677777777666888888888888888666666666666888888888888888888888888
8888888888888688666666688888888888666888888888888888888888888888888888888888888888888888666777776666666688888888888888888888666666668888888888888888888888888888888888888888888888888888888888666777777776688888888888888888888886666666688888888888888888888888
8888888888866688888888888888888888888888888888888888888888888888888888888888888888888888666677777766666666888888888888888888866666666888888888888888888888888888888888888888888888888888888886667777776668888888888888888888888888886666668888888888888888888888
8888888888666688888888888888888888888888888888888888888888888888888888888888888888888888666777777777776666666666888888888888888886666688888888888888888888888888888888888888888888888888888866677777888888888888888888888888888888888866666888888888888888888888
8888888886666688888888888888888888888888888888888888888888888888888888888888888888888888666777777777777666666666688888888888888888866666668888888888888888888888888888888888888888888888888666667666888888888888888888888888888888888886666688888888888888888888
8888888666668888888888888888888888888888888888888888888888888888888888888888888888888888666777777777777776666666688888888888888888886666666888888888888888888888888888888888888888888888886666666668888888888888888888888888888888888888886666888888888888888888
6666666666668888888888888888888888888888888888888888888888888888888888888888888888888888667777777777777766666668888888888888888888888866668888888888888888888888888888888888888888888888886666666888888888888888888888888888888888888888888866688888888888888888
6666666666888888888888888888888888888888888888888888888888888888888888888888888888888886667777777777776666668888888888888888888888888888868868888888888888888888888888888888888888888888886666668888888888888888888888888888888888888888888866666888888888888888
6666666666888888888888888888888888888888888888888888888888888888888888888888888888888886677777777777766666688888888888888888888888888888888666888888888888888888888888888888888888888888666666888888888888888888888888888888888888888888888888666888888888888888
7776666668888888888888888888888888888888888888888888888888888888888888888888888888888866777777777776666688888888888888888888888888888888888888888888888888888888888888888888888888888667776668888888888888888888888888888888888888888888888888866666888888888888
7776666688888888888888888888888888888888888888888888888888888888888888888888888888886667777777777666666888888888888888888888888888888888888888888886688888888888888888888888888888886677776688888888888888888888888888888888888888888888888888886666888888888888
6766666888888888888888888888888888888888888888888888888888888888888888888888888888866777777777776666688888888888888888888888888888888888888888888888688888888888888888888888888886666677766888888888888888888888888888888888888888888888888888888868688888888888
6666668888888888888888888888888888888888888888888888888888888888888888888888888666677777777777666666888888888888888888888888888888888888888888888888888888888888888888888888866666666676688888888888888888888888888888888888888888888888888888888888888888888888
6666888888888888888888888888888888888888888888888888888888888888888888888888886666777777777766666888888888888888888888888888888888888888888888888888888888888888888888888886666667777766688888888888888888888888888888888888888888888888888888888888888668888888
6666888888888888888888888888888888888888888888888888888888888888888888888888666667777777777666688888888888888888888888888888888888888888888888888888888888888888888888886666666677777666888888888888888888888888888888888888888888888888888888888888888866668888
6666888888888888888888888888888888888888888888888888888888888888888888888888666677777777776666668888888888888888888888888888888888888888888888888888888888888888888886666666666777777668888888888888888888888888888888888888888888888888888888888888888866666688
6668888888888888888888888888888888888888888888888888888888888888888868888886666667777777666666888888888888888888888888888888888888888888888888888888888888888888888888666666667777777688888888888888888888888888888888888888888888888888888888888888888866666666
6668888888888888888888888888888888888888888888888888888888888888888866866666666667777766666668888888888888888888888888888888888888888888888888888888888888888888888888886666677777766688888888888888888888888888888888888888888888888888888888888888888866666677
6666888888888888888888888888888888888888888888888888888888888888888888886666666666666666666688888888888888888888888888888888888888888888888888888888888888888888888888886666667777666688888888888888888888888888888888888888888888888888888888888888888866666666
6666888888888888888888888888888888888888888888888888888888888888888888888666666666666666666888888888888888888888888888888888888888888888888888888888888888888888888888886666667776666688888888888888888888888888888888888888888888888888888888888888888888666666
