8888888888888888888888888888888889988888888888888888888888888888888999999911111999988888888888888888888888888888888888888888888888888888888888888888888888888888888888888888888888888888888888888888888888888888888888999111999998888888888888888888888899991111
8888888888888888888888888888888888888888888888888888888888888888888999999111111999888888888888888888888888888888888888888888888888888888888888888888888888888888888888888888888888888888888888888888888888888888888889911119999988888888888888888888888889999111
8888888888888888888888888888888888888888888888888888888888888888889999111111119998888888888888888888888888888888888888888888888888888888888888888888888888888888888888888888888888888888888888888888888888888888888999911199988888888888888888888888888888889911
8888888888888888888888888888888888888888888888888888888888888888999991111111199998888888888888888888888888888888888888888888888888888888888888888888888888888888888888888888888888888888888888888888888888888888889999999998888888888888888888888888888888888999
8888888888888888888888888888888888888888888888888888888888888999999911111111999988888888888888888888888888888888888888888888888888888888888888888888888888888888888888888888888888888888888888888888888888888888911199998888888888888888888888888888888888888889
8888888888888888888888888888888888888888888888888888888888889999999111111111999988888888888888888888888888888888888888888888888888888888888888888888888888888888888888998888888888888888888888888888888888888888111199888888888888888888888888888888888888888888
8888888888888888888888888888888888888888888888888888888888999999111111111119999988888888888888888888888888888888888888888888888888888888888888888888888888888888888888999988888888888888888888888888888889888889919898888888888888888888888888888888888888888888
8888888888888888888888888888888888888888888888888888899999999991111111111119999988888888888888888888888888888888888888888888888888888888888888888888888888888888888888899998888888888888888888888888888899988889988888888888888888888888888888888888888888888888
8888888888888888888888888888888888888888888888888889999999999111111111111199999988888888888888888888888888888888888888888888888888888888888888888888888888888888888888889999988888888888888888888888888899888888888888888888888888888888888888888888888888888888
8888888888888888888888888888888888888888888888888899999999999111111111111119999998888888888888888888888888888888888888888888888888888888888888888888888888888888888888888999998888888888888888888888888888888888888888888888888888888888888888888888888888888888
8888888888888888888888888888888888888888888888888899999999999111111111111111999998888888888888888888888888888888888888888888888888888888888888888888888888888888888888888899999999888888888888888888888888888888888888888888888888888888888888888888888888888888
8888888888888888888888888888888888888888888888888999999999999911111111111111999999888888888888888888888888888888888888888888888888888888888888888888888888888888888888888899999999999999998888888888888888888888888888888888888888888888888888888888888888888888
8888888888888888888888888888888888888888899988888899999999999999999911111111199999988888888888888888888888888888888888888888888888888888888888888888888888888888888888888899999111119999998888888888888888888888888888888888888888888888888888888888888888888888
8888888888888888888888888888888888888888999998888889999999999999999991111111111999999888888888888888888888888888888888888888888888888888888888888888888888888888888888888999911111119999988888888888888888888888888888888888888888888888888888888888888888888888
8888888888888888888888888888888888888888999999888888899999999999999999111111111199999998888888888888888888888888888888888888888888888888888888888888888888888888888888889999111199999888888888888888888888888888888888888888888888888888888888888888888888888888
8888888888888888888888888888888888888999999998888888888888888899999999999111111119999999888888888888888888888888888888888888888888888888888888888888888888888888888888899911111998888888888888888888888888888888888888888888888888888888888888888888888888888888
8888888888888888888888888888888888889999999998888888888888888888889999999999911111999999998888888888888888888888888888888888888888888888888888888888888888888888888888999111999988888888888888888888888888888888888888888888888888888888888888888888888888888888
8888888888888888888888888888888888899999999988888888888888888888888999999999999911999999999888888888888888888888888888888888888888888888888888888888888888888888888889911119998888888888888888888888888888888888888888888888888888888888888888888888888888888888
9888888888888888888888888888889999999999888888888888888888888888888899999999999999999999999988888888888888888888888888888888888888888888888888888888888888888888888999111199888888888888888888888888888888888888888888888888888888888888888888888888888888888888
9999888888888888888888888888899999999998888888888888888888888888888889999999999999999999999999999888888888888888888888888888888888888888888888888888888888888888899999999998888888888888888888888888888888888888888888888888888888888888888888888888888888888888
9999888888888888888888888888999999999988888888888888888888888888888889999999999999999991111999999999888888888888888888888888888888888888888888888888888888888888999999999888888888888888888888888888888888888888888888888888888888888888888888888888888888888899
1999998888888888888889999999999999999888888888888888888888888888888889999999999999999999991199999999999999988888888888888888888888888888888888888888888888888889911199998888888888888888888888888888888888888888888888888888888888888888888888888888888888888999
1999999998888888999999999999999998888888888888888888888888888888888889999999988888999999999911999999999999999999988888888888888888888888888888888888888888888899111199988888888888888888888888888888888888888888888888888888888888888888888888888888999999999999
1199999999999999999999999999888888888888888888888888888888888888888888888888888888888889999999999119999999999999999999999988888888888888888888888888888888898911119998888888888888888888888888888888888888888888888888888888888888888888888888888888999999999999
9999999999999999111199999999888888888888888888888888888888888888888888888888888888888888999999999911111111999999999999999998888888888888888888888888888889999111199988888888888888888888888888888888888888888888888888888888888888888888888888888888899999999988
9999999999999999911119999998888888888888888888888888888888888888888888888888888888888888899999999991111111119999999999999999988888888888888888888888888999991111999988888888888888888888888888888888888888888888888888888888888888888888888888888888889999998888
8899999199999111111199999998888888888888888888888888888888888888888888888888888888888888888899999991111111111111111999999999999888888888888888888888889999911119999888888888888888888888888888888888888888888888888888888888888888888888888888888888888999988888
8888899999991111111199998888888888888888888888888888888888888888888888888888888888888888888888899999111111111111111119999999999998888888888888888888999991111199999888888888888888888888888888888888888888888888888888888888888888888888888888888888888999988888
8888888999991111111999998888888888888888888888888888888888888888988888888888888888888888888888889999999999111111111111199999999999888888888888888889999111111199999888888888888888888888888888888888888888888888888888888888888888888888888888888888888999988888
8888888899991111111999998888888888888888888888888888888888888899988888888888888888888888888888888999999999991111111111111199999999988888888888888999991111111999999888888888888888888888888888888888888888888888888888888888888888888888888888888888889999988888
8888888888999111111999998888888888888888888888888888888888888888888888888888888888888888888888888888899999999911111111111111999999998888888888889999911111111199999888888888888888888888888888888888888888888888888888888888888888888888888888888888889998888888
8888888888889991111999998888888888888888888888888888888888888888888888888888888888888888888888888888889999999999111111111111111119999999999999999999999991111111999988888888888888888888888888888888888888888888888888888888888888888888888888888888889998888888
8888888888888899919999998888888888888888888888888888888888888888888888888888888888888888888888888888888899999999911111111111111111999999999119999999999999991111999998888888888888888888888888888888888888888888888888888888888888888888888888888888899888888888
8888888888888889999999999888888888888888888888888888888888888888888888888888888888888888888888888888888888999999999111111111111111119999999119999999999999999111199999888888888888888888888888888888888888888888888888888888888888888888888888888888999888888888
8888888888888888899999999988888888888888888888888888888888888888888888888888888888888888888888888888888888889999999911111111111111111119999999999999999999999999999999988888888888888888888888888888888888888888888888888888888888888888888888888888999888888888
8888888888888888899999999999888888888888888888888888888888888888888888888888888888888888888888888888888888888999999991111111111111111119999999999888889988899999999999988888888888888888888888888888888888888888888888888888888888888888888888888889888888888888
8888888888888888889999999999988888888888888888888888888888888888888888888888888888888888888888888888888888888899999999111111111111111199999999988888888888888888899999999888888888888888888888888888888888888888888888888888888888888888888888888999888888888888
8888888888888888888999999999999888888888888888888888888888888888888888888888888888888888888888888888888888888889999999911111111111119999999999888888888888888888888888999999888888888888888888888888888888888888888888888888888888888888888888899999998888888888
8888888888888888888999999919999999998888888888888888888888888888888888888888888888888888888888888888888888888888999999991111111111199999999988888888888888888888888888899999988888888888888888888888888888888888888888888888888888888888888888999999998888888888
8888888888888888888899991111199999999999999999888888888888888888888888888888888888888888888888888888888888888889999999991111111111999999999888888888888888888888888888888889999988888888888888888888888888888888888888888888888888888888888888999999998888888888
8888888888888888888999999111119999999999999999888888888888888888888888888888888888888888888888888888888888888889999999911111111111999999998888888888888888888888888888888889999199888888888888888888888888888888888888888888888888888888888899911999998888888888
8888888888888888888999999911111199999999999998888888888888888888888888888888888888888888888888888888888888888889999999111111119999999999998888888888888888888888888888888888881199988888888888888888888888888888888888888888888888888888889991111119999888888888
8888888888888888888999999991111111999999999988888888888888888888888888888888888888888888888888888888888888888889999991111111199999999999988888888888888888888888888888888888888889999888888888888888888888888888888888888888888888888889999911111111999988888888
8888888888888888888999999991111111111199999988888888888888888888888888888888888888888888888888888888888888888889999911111111999999999998888888888888888888888888888888888888888888999999988888888888888888888888888888888888888888888899999111111111999998888888
8888888888888888889999999999111111111199999988888888888888888888888888888888888888888888888888888888888888888889999111111119999999999988888888888888888888888888888888888888888888999999999988888888888888888888888888888888888888899999999111111111999999999888
8888888888888888889999999999911111111199999988888888888888888888888888888888888888888888888888888888888888888899991111111199999999888888888888888888888888888888888888888888888888888889999999998888888888888888888888888888888889999999999111999999999999999888
8888888888888888889998889999991111111119999988888888888888888888888888888888888888888888888888888888888888889999991111111999999998888888888888888888888888888888888888888888888888888888888199998888888888888888888888888888888899999911999999888899888888999888
8888888888888888888888888999999111111111119988888888888888888888888888888888888888888888888888888888888888899999911111999999999888888888888888888888888888888888888888888888888888888888888119999889998888888888888888888888999999999999999988888888888888888888
8888888888888888888888888899999911111111111999888888888888888888888888888888888888888888888888888888888888999991111119999999988888888888888888888888888888888888888888888888888888888888888889911199999888888888888888888899999999999999999888888888888888888888
8888888888888888888888888899999991111111111119998888888888888888888888888888888888888888888888888888888899991111111119999999888888888888888888888888888888888888888888888888888888888888888888911119999999999888888888999999999119999988888888888888888888888888
8888888888888888888888888888889999111111111119999888888888888888888888888888888888888888888888888888889999911111111199999998888888888888888888888888888888888888888888888888888888888888888888891111119999999988888899999999111199998888888888888888888888888888
8888888888888888888888888888888999111111111111199888888888888888888888888888888888888888888888888888999999111111111999999988888888888888888888888888888888888888888888888888888888888888888888889911111119999999999999999911111999988888888888888888888888888888
8888888888888888888888888888888999111111111111111999888888888888888888888888888888888888888888888888999911111111111999998888888888888888888888888888888888888888888888888888888888888888888888888991111111199999999999111111199999888888888888888888888888888888
8888888888888888888888888888888999911111111111111199988888888888888888888888888888888888888888999999991111111111119999988888888888888888888888888888888888888888888888888888888888888888888888888999111111111111999911111119999988888888888888888888888888888888
8888888888888888888888888888888999911119999991111111998888888888888888888888888888888888888888999999911111111111199999988888888888888888888888888888888888888888888888888888888888888888888888888889911111111111111111111199998888888888888888888888888888888888
8888888888888888888888888888888999999999999999911111199888888888888888888888888888888888888899999999111111111111199999988888888888888888888888888888888888888888888888888888888888888888888888888888991111111111111111111999988888888888888888888888888888888888
8888888888888888888888888888889999999999999999991119991188888888888888888888888888888888888899999999911111111111119999988888888888888888888888888888888888888888888888888888888888888888888888888888899111111111111111199999888888888888888888888888888888888888
8888888888888888888888888888899999999999999999999999111118888888888888888888888888888888888899999999999999111111111999988888888888888888888888888888888888888888888888888888888888888888888888888888899911111111111119999998888888888888888888888888888888888888
8888888888888888888888888888899999999999999999999999911119998888888888888888888888888888888889999999999999911111111199988888888888888888888888888888888888888888888888888888888888888888888888888888899991111111111199999998888888888888888888888888888888888888
8888888888888888888888888888999999888888888888888889991199999999888888888888888888888888888888899999999999991111111119998888888888888888888888888888888888888888888888888888888888888888888888888888899991111111111199999988888888888888888888888888888888888888
8888888888888888888888888888999888888888888888888888899999999999999988888888888888888888888888888999999999999999111119999988888888888888888888888888888888888888888888888888888888888888888888888888899991111111119999999888888888888888888888888888888888888888
8888888888888888888888888888888888888888888888888888888999999999999988888888888888888888888888888899999999999999999911999998888888888888888888888888888888888888888888888888888888888888888888888888899911111111199999998888888888888888888888888888888888888888
8888888888888888888888889888888888888888888888888888888899999999988888888888888888888888888888888889999998888899999999999999888888888888888888888888888888888888888888888888888888888888888888888888899911111111199999988888888888888888888888888888888888888888
8888888888888888888888889888888888888888888888888888888899999998888888888888888888888888888888888888898988888889999999999999888888888888888888888888888888888888888888888888888888888888888888888888899111111119999999888888888888888888888888888888888888888888
8888888888888888888888888888888888888888888888888888888889999998888888888888888888888888888888888888888888888888888999999999988888888888888888888888888888888888888888888888888888888888888888888889999111111119999988888888888888888888888888888888888888888888
8888888888888888888888888888888888888888888888888888888889999998888888888888888888888888888888888888888888888888888888999999999888888888888888888888888888888888888888888888888888888888888888888899991111111199999888888888888888888888888888888888888888888888
8888888888888888888888888888888888888888888888888888888888899998888888888888888888888888888888888888888888888888888888889999999998888888888888888888888888888888888888888888888888888888888888888999111111111199999888888888888888888888888888888888888888888888
8888888888888888888888888888888888888888888888888888888888888999888888888888888888888888888888888888888888888888888888888999999999888888888888888888888888888888888888888888888888888888888888888991111111111119999888888888888888888888888888888888888888888888
8888888888888888888888888888888888888888888888888888888888888899988888888888888888888888888888888888888888888888888888888889991199988888888888888888888888888888888888888888888888888888888888899911111111111111999888888888888888888888888888888888888888888888
8888888888888888888888888888888888888888888888888888888888888889999888888888888888888888888888888888888888888888888888888888899999999888888888888888888888888888888888888888888888888888888888899911111111111111199888888888888888888888888888888888888888888888
8888888888888888888888888888888888888888888888888888888888888889999888888888888888888888888888888888888888888888888888888888889991199988888888888888888888888888888888888888888888888888888899999991199911111111119888888888888888888888888888888888888888888888
8888888888898888888888888888888888888888888888888888888888888888899988888888888888888888888888888888888888888888888888888888888899199988888888888888888888888888888888888888888888888888888899999999999999111111111988888888888888888888888888888888888888888888
8888888899998888888888888888888888888888888888888888888888888888899998888888888888888888888888888888888888888888888888888888888889999999888888888888888888888888888888888888888888888888888999999999999999991111119999888888888888888888888888888888888888888888
8888999999988888888888888888888888888888888888888888888888888888888998888888888888888888888888888888888888888888888888888888888888999999988888888888888888888888888888888888888888888888889999999888888888888811999999888888888888888888888888888888888888888888
8999999999988888888888888888888888888888888888888888888888888888888899998888888888888888888888888888888888888888888888888888888888999999999888888888888888888888888888888888888888888888899999998888888888888889999999888888888888888888888888888888888888888888
8999999999988888888888888888888888888888888888888888888888888888888889999888888888888899998888888888888888888888888888888888888888899999999999888888888888888888888888888888888888888888999988888888888888888888999999988888888888888888888888888888888888888888
8991119999988888888888888888888888888888888888888888888888888888888889999998888888889999998888888888888888888888888888888888888888889999911999988888888888888888888888888888888888888899988888888888888888888888899999988888888888888888888888888888888888888888
8111111119988888888888888888888888888888888888888888888888888888888889999999999999991119988888888888888888888888888888888888888888888999991111999988888888888888888888888888888888889999988888888888888888888888888999988888888888888888888888888888888888888888
8111111119998888888888888888888888888888888888888888888888888888888889999999999999911199888888888888888888888888888888888888888888888889999111199998888888888888888888888888888888899998888888888888888888888888888999188888888888888888888888888888888888888888
8111111119998888888888888888888888888888888888888888888888888888888889999999991111111199888888888888888888888888888888888888888888888888999111199999988888888888888888888888888899999998888888888888888888888888888111111988888888888888888888888888888888888888
8111111111999888888888888888888888888888888888888888888888888888888889999999111111111999888888888888888888888888888888888888888888888888889911191119999888888888888888888888889999999998888888888888888888888888888911111998888888888888888888888888888888888888
8891111111199998888888888888888888888888888888888888888888888888888899999999111111111999888888888888888888888888888888888888888888888888888899991111111999999988888888888899991119999998888888888888888888888888888911111999888888888888888888888888888888888888
8899991111119999888888888888888888888888888888888888888888888888888899999999999111111199888888888888888888888888888888888888888888888888888889999111111199999999888888888999911111199998888888888888888888888888888911111999988888888888888888888888888888888888
8899999911111999999988888888888888888888888888888888888888888888888899999999999911111199988888888888888888888888888888888888888888888888888889999911111119999999999999999999111111199998888888888888888888888888889911111999988888888888888888888888888888888888
8899999999111119999988888888888888888888888888888888888888888888888898888999999999111119998888888888888888888888888888888888888888888888888888899991111111111999999999999111111111199999888888888888888888888888999111111199988888888888888888888888888888888888
8888999999911111999988888888888888888888888888888888888888888889998888888899999999991199999988888888888888888888888888888888888888888888888888889999111111111119999999911111111119999999888888888888888888888889991111111119998888888888888888888888888888888888
8888888999999111119999988888888888888888888888888888888888888899988888888888888889999999999988888888888888888888888888888888888888888888888888888999911111111111111111111111119999999999988888888888888888888899991111111119999888888888888888888888888888888888
9988888889999991111999999888888888888888888888888888888888888899988888888888888888899999999998888888888888888888888888888888888888888888888888888999991111111111111111111999999999999999988888888888888888889999911111111111999988888888888888888888888888888888
9988888888899999111111999988888888888888888888888888888888888888888888888888888888888889999999888888888888888888888888888888888888888888888888888889999111111111111111119999999988888888888888888888888888889999991111111111199998888888888888888888888888888888
9988888888888999991111119999999888888888888888999888888888888888888888888888888888888888899999988888888888888888888888888888888888888888888888888888999991111111111119999999988888888888888888888888888888888899999991111111119999988888888888888888888888888888
1188888888888889999911111999999999998888888888888888888888888888888888888888888888888888889999998888888888888888888888888888888888888888888888888888999991111111111999999888888888888888888888888888888888888889999999911111111999998888888888888888888888888888
1188888888888888899991111119999999999999999999888888888888888888888888888888888888888888888999999888888888888888888888888888888888888888888888888888999991111111119999888888888888888888888888888888888888888888888899999111111199999998888888888888888888888888
1188888888888888888999111111119999999999999999888888888888888888888888888888888888888888888899999988888888888888888888888888888888888888888888888888899911111111999888888888888888888888888888888888888888888888888888999991111111999998888888888888888888888888
9988888888888888888999991111111111111111199998888888888888888888888888888888888888888888888889999998888888888888888888888888888888888888888888888888999111111199998888888888888888888888888888888888888888888888888888899999911111119999998888888888888888888888
8988888888888888888899999111111111111111199998888888888888888888888888888888888888888888888888999999988888888888888888888888888888888888888888888888991111111999888888888888888888888888888888888888888888888888888888888999991111111199999888888888888888888888
8888888888888888888889999911111111111199999888888888888888888888888888888888888888888888888888999999998888888888888888888888888888888888888888888889911111119998888888888888888888888888888888888888888888888888888888888899999991111111999988888888888888888888
8888888888888888888888999991111111111999988888888888888888888888888888888888888888888888888888889991999988888888888888888888888888888888888888888899111111199998888888888888888888888888888888888888888888888888888888888888999999111111111999988888888888888888
8888888888888888888888899999111111119999888888888888888888888888888888888888888888888888888888888999199998888888888888888888888888888888888888888891111111999988888888888888888888888888888888888888888888888888888888888888889999991111111119998888888888888888
8888888888888888888888889999111111999998888888888888888888888888888888888888888888888888888888888899919999888888888888888888888888888888888888888911111119999888888888888888888888888888888888888888888888888888888888888888889999999111111111999998888888888888
8888888888888888888888888991111119999998888888888888888888888888888888888888888888888888888888888899919999988888888888888888888888888888888888889911111199998888888888888888888888888888888888888888888888888888888888888888888999999999999911999999988888888888
8888888888888888888888888991111999999988888888888888888888888888888888888888888888888888888888888889999999999888888888888888888888888888888888999911111999998888888888888888888888888888888888888888888888888888888888888888888999999999999999999999998888888888
8888888888888888888888889991111999999888888888888888888888888888888888888888888888888888888888888889999199999988888888888888888888888888888889999911199999998888888888888888888888888888888888888888888888888888888888888888888899999999999999999999999999998888
8888888888888888888888889991119999998888888888888888888888888888888888888888888888888888888888888888999111999998888888888888888888888888888899119999999888888888888888888888888888888888888888888888888888888888888888888888888899999999999999999999999999998888
8888888888888888888888889999919999988888888888888888888888888888888888888888888888888888888888888888999111199999888888888888888888888888888991111999888888888888888888888888888888888888888888888888888888888888888888888888888899988888888888889999999999999888
8888888888888888888888999999999999988888888888888888888888888888888888888888888888888888888888888888999911119999988888888888888888888888889111111999888888888888888888888888888888888888888888888888888888888888888888888888888889888888888888888888999999911119
8888888888888888888888888899999999888888888888888888888888888888888888888888888888888888888888888888999911111199998888888888888888888889111111119998888888888888888888888888888888888888888888888888888888888888888888888888888888888888888888888888888899991111
8888888888888888888888888888999999888888888888888888888888888888888888888888888888888888888888888888999911111119999888888888888888888891111111199888888888888888888888888888888888888888888888888888888888888888888888888888888888888888888888888888888888999911
8888888888888888888888888888899999888888888888888888888888888888888888888888888888888888888888888889999911111111199999888888888888899111111111998888888888888888888888888888888888888888888888888888888888888888888888888888888888888888888888888888888888899991
8888888888888888888888888888889999888888888888888888888888888888888888888888888888888888888888888889999111111111111999999999999999911111111119988888888888888888888888888888888888888888888888888888888888888888888888888888888888888888888888888888888888888899
8888888888888888888888888888888999988888888888888888888888888888888888888888888888888888888888888899991111111111111199999999999999111111111998888888888888888888888888888888888888888888888888888888888888888888888998888888888888888888888888888888888888888889
8888888888888888888888888888888899988888888888888888888888888888888888888888888888888888888888888999911111111111111111119999991111111111199988888888888888888888888888888888888888888888888888888888888888888888888998888888888888888888888888888888888888888888
8888888888888888888888888888888899998888888888888888888888888888888888888888888888888888888888889991111111111111111111111111111111111111999888888888888888888888888888888888888888888888888888888888888888888888888888888888888888888888888888888888888888888888
8888888888888888888888888888888899999988888888888888888888888888888888888888888888888888888888999991111111199999999911111111111111111119999888888888888888888888888888888888888888888888888888888888888888888889998888888888888888888888888888888888888888888888
8888888888888888888888888888888899999988888888888888888888888888888888888888888888888888888889999991111199999999999991111111111111111119998888888888888888888888888888888888888888888888888888888888888888899999988888888888888888888888888888888888888888888888
8888888888888888888888888888888899999998888888888888888888888888888888888888888888888888888899911199119999999999999999111111111111111199998888888888888888888888888888888888888888888888888888888888888888899999888888888888888888888888888888888888888888888888
8888888888888888888888888888888899999999888888888888888888888888888888888888888888888888888999111199999988888888899999991111111111111999998888888888888888888888888888888888888888888888888888888888888888999998888888888888888888888888888888888888888888888888
8888888888888888888888888888888999999999998888888888888888888888888888888888888888888888899991111999998888888888888888999991111111111999998888888888888888888888888888888888888888888888888888888888888999999998888888888888888888888888888888888888888888888888
8888888888888888888888888888888999111999999888888888888888888888888888888888888888888899991111999988888888888888888888899999911111111199998888888888888888888888888888888888888888888888888888888888999999999998888888888888888888888888888888888888888888888888
8889988888888888888888888888888999111119999999888888888888888888888888888888888888889999991119888888888888888888888888888999991111111119998888888888888888888888888888888888888888888888888999999999999999999998888888888888888888888888888888888888888888888888
8899998888888888888888888888889991111111999999888888888888888888888888888888888899999999999998888888888888888888888888888899999111111119999888888888888888888888888888888888888888888888888999999999999999999998888888888888888888888888888888888888888888888888
9999998888888888888888888888899911111111999999888888888888888888888888888888889999999999998888888888888888888888888888888889999911111111199888888888888888888888888888888888888888888888888999999999999999999998888888888888888888888888888888888888888888888888
9999999888888888888888888889999111111199999999988888888888888888888888888888999999919999998888888888888888888888888888888888999991111111199988888888888888888888888888888888888888888888888999999999888888888888888888888888888888888888888888888888888888888888
9911999988888888888888899999991111111999999999888888888888888888888888888999999911119999988888888888888888888888888888888888899999111111119999988888888888888888888888888888888888888888888999999988888888888888888888888888888888888888888888888888888888888888
1111119999988888888888999999911111999999988888888888888888888888888888899111111111119999888888888888888888888888888888888888899991111111119999998888888888888888888888888888888888888888999999999988888888888888888888888888888888888888888888888888888888888889
1111119999999888999999999991111119999988888888888888888888888888888888899111111111199999888888888888888888888888888888888888899911111111199999999888888888888888888888888888888888888889999999999888888888888888888888888888888888888888888888888888888888888899
9999999999999999999999999911111999988888888888888888888888888888888888889991111111999998888888888888888888888888888888888888999911111111999999999888888888888888888888888888888888888899999988888888888888888888888888888888888888888888888888888888888888888999
9999999991119999999911111199999998888888888888888888888888888888888888888899999999999998888888888888888888888888888888888889999111111199999999988888888888888888888888888888888888111119998888888888888888888888888888888988888888888888888888888888888888899999
8888889991111199999111111199998888888888888888888888888888888888888888888899999999999998888888888888888888888888888888888899999911111999999999888888888888888888999998888889999111111119988888888888888888888888888888888888888888888888888888888888888889999199
8888888991111111111111111999988888888888888888888888888888888888888888888889999999999998888888888888888888888888888888888999999911999999988888888888888888888888899999999911111111111118888888888888888888888888888888888888888888888888888888888888888899999999
8888888999111111111111199999988888888888888888888888888888888888888888888889999999999988888888888888888888888888888888889999999999999999888888888888888888888888899999999111111111111118888888888888888888888888888888888888888888888888888888888888888999999999
8888888888991111111111999988888888888888888888888888888888888888888888888889999999998888888888888888888888888888888888889999999888888889888888888888888888888888888899999111111111111888888888888888888888888888888888888888888888888888888888888889999999999999
8888888888899911111119999988888888888888888888888888888888888888888888888889999998888888888888888888888888888888888888999999988888888888888888888888888888888888888889999911111111118888888888888888888888888888888888888888888888888888888888888899999999999998
8888888888889991111199999888888888888888888888888888888888888888888888888889999988888888888888888888888888888888888888999999988888888888888888888888888888888888888888999911111111188888888888888888888888888888888888888888888888888888888888889999999999998888
8888888888889999111199999888888888888888888888888888888888888888888888888899988888888888888888888899998888888888888889999999888888888888888888888888888888888888888888899991111119888888888888888888888888888888888888888888888888888889888888999911999999988888
8888888888888999911199999888888888888888888888888888888888888888888888888899888888888888888888888899998888888888888888988988888888888888888888888888888888888888888888889999999998888888888888888888888888888888888888888888888888888899999999999111199998888888
8888888888888899991199999888888888888888888888888888888888888888888888888888888888888888888888888889998888899999999888888888888888888888888888888888888888888888888888889999999988888888888888888888888888888888888888888888888888888899999999991111999988888888
8888888888888899991119999888888888888888888888888888888888888888888889988888888888888888888888888888888888999999999888888888888888888888888888888888888888888888888888889999999888888888888888888888888888888888888888888888888888888999999991111119999888888888
8888888888888889991119999888888888888888888888888888888888888888888889888888888888888888888888888888888888999111988888888888888888888888888888888888888888888888888888889999998888888888888888888888888888888888888888888888888888888999111111119999888888888888
8888888888888899999199999988888888888888888888888888888888888888888888888888888888888888888888888888888888999119988888888888888888888888888888888888888888888888888888889999998888888888888888888888888888888888888888888888888888888999111111999998888888888888
8888888888888899999991119988888888888888888888888888888888888888888888888888888888888888888888888888888888999999988888888888888888888888888888888888888888888888888888889999998888888888888888888888888888888888888888888888888888888991111119999888888888888888
8888888888888899999991119999888888888888888888888888888888888888888888888888888888888888888888888888888888999999988888888888888888888888888888888888888888888888888888899999999888888888888888888888888888888888888888888888888888899111119199998888888888888888
8888888888888999999991111999988888888888888888888888888888888888888888888888888888888888888888888888888888899999888888888888888888888888888888888888888888888888888888999999999888888888888888888888888888888888888888888888888888991111191999988888888888888888
8888888888889999999991111199998888888888888888888888888888888888888888888888888888888888888888888888888888899999888888888888888888888888888888888888888888888888888889999999999888888888888888888888888888888888888888888888888899111111999998888888888888888888
8888888888889999999999111119999888888888888888888888888888888888888888888888888888888888888888888888888888999988888888888888888888888888888888888888888888888888888889999119999888888888888888888888888888888888888888888888888891111111999988888888888888888888
8888888888899999999999999111199998888888888888888888888888888888888888888888888888888888888888888888888888999888888888888888888888888888888888888888888888888888888889991111999888888888888888888888888888888888888888888888889991111119999888888888888888888888
8888888889999999999999999991111999988888888888888888888888888888888888888888888888888888888888888888888888999888888888888888888888888888888888888888888888888888888889991111999988888888888888888888888888888888888888888888899991111199998888888888888888888888
8888888889998888888888889999911199999888888888888888888888888888888888888888888888888888888888888888888889999888888888888888888888888888888888888888888888888888888888999111199988888888888888888888888888888888888888888888999911111999988888888888888888888888
8888888988888888888888888999999999999999999999888888888888888888888888888888888888888888888888888888888899999888888888888888888888888888888888888888888888888888888888899991119999888888888888888888888888888888888888888899999111199999888888888888888888888888
8888888888888888888888888899999991999999999999998888888888888888888888888888888888888888888888888888888999999988888888888888888888888888888888888888888888888888888888889999111999888888888888888888888888888888888888889999911111199999888888888888888888888888
8998888888888888888888888888999999999999999999998888888888888888888888888888888888888888888888888888889999999988888888888888888888888888888888888888888888888888888888888999111119888888888888888888888888888888888888889999111111199999888888888888888888888888
8999888888888888888888888888899999999999999999998888888888888888888888888888888888888888888888888888999111999998888888888888888888888888888888888888888888888888888888888899911111198888888888888888888888888888888889999111111111199999888888888888888888888888
8888888888888888888888888888888999999911199999998888888888888888888888888888888888888888888888888999991111119999888888888888888888888888888888888888888888888888888888888889991111119999998888888888888888888888888999911111111111119999988888888888888888888888
8888888888888888888888888888888889999111119999998888888888888888888888888888888888888888888888888999991111111999988888888888888888888888888888888888888888888888888888888889991111111999999888888888888888888888999111111111111111199999998888888888888888888888
8888888888888888888888888888888888999111111999998888888888888888888888888888888888888888888888899999991111111999998888888888888888888888888888888888888888888888888888888889999111111119999999998888888889999999991111111111999999999999999988888888888888888888
8888888888888888888888888888888888999911111119999998888888888888888888888888888888888888888889999999999999999999999988888888888888888888888888888888888888888888888888888889999911111111999999999999999999999999911111999999999999999999999998888888888888888888
9888888888888888888888888888888888899991111111119999988888888888888888888888888888888888888899999919999999999999999988999898888888888888888888888888888888888888888888888889999911111111111111111199999999999999999999999999999999998888999999988888888888888888
9888888888888888888888888888888888899991111111111119998888888888888888888888888888888888889999999999999999999999999888999999999888888888888888888888888888888888888888888889999111111111111111111119999999999999999999999999999999988888899999998888888888888888
9888888888888888888888888888888888999991111111111119999988888888888888888888888888888888999999999999988888888888888888888999999888888888888888888888888888888888888888888889991111111111111111111111999999999988888888888888888899988888888888888888888888888888
9888888888888888888888888888888888999911111119999999999998888888888888888888888888889999999999988888888888888888888888888888888888888888888888888888888888888888888888888899911111111111111111111199999999998888888888888888888888888888888888888888888888888888
9888888888888888888888888888888889999111111999999999999998888888888888888888888888899999999999988888888888888888888888888888888888888888888888888888888888888888888888889999111111111111111111119999999999988888888888888888888888888888888888888888888888888888
9888888888888888888888888888888889911111999999999999999998888888888888888889999999999999999888888888888888888888888888888888888888888888888888888888888888888888888888889911111111111111111119999999988888888888888888888888888888888888888888888888888888888888
8888888888888888888888888888888899111119999999999888888888888888888888999999999999999998888888888888888888888888888888888888888888888888888888888888888888888888888888991111111111111111199999999998888888888888888888888888888888888888888888888888888888888888
8888888888888888888888888888899999999999999998888888888888888888889991111111119999998888888888888888888888888888888888888888888888888888888889998888888888888888889999911111111111111119999999999888888888888888888888888888888888888888888888888888888888888888
8888888888888888888888888888999999999999888888888888888888888888888991111111119998888888888888888888888888888888888888888888888888888888888889999999999999999999999991111111111111111999999999888888888888888888888888888888888888888888888888888888888888888888
8888888888888888888888888889999999998888888888888888888888888888888999111111199988888888888888888888888888888888888888888888888888888888888888999999999999999999999111111111111111199999999998888888888888888888888888888888888888888888888888888888888888888888
8888888888888888888888888999999999988888888888888888888888888888888899999999999988888888888888888888888888888888888888888888888888888888888888899999999999999999991111111111111111199999998888888888888888888888888888888888888888888888888888888888888888888888
8888888888888888888889999999999888888888888888888888888888888888888899999999999888888888888888888888888888888888888888888888888888888888888888899999999991111111111111111111111111199998888888888888888888888888888888888888888888888888888888888888888888888888
8888888888888888889999991199999888888888888888888888888888888888888889999999998888888888888888888888888888888888888888888888888888888888888888888889999991111111111111111111111111999988888888888888888888888888888888888888888888888888888888888888888888888888
8888888888888888889999111999998888888888888888888888888888888888888889999999998888888888888888888888888888888888888888888888888888888888888888888888999999111111111111111111111199999988888888888888888888888888888888888888888888888888888888888888888888888888
8888888888888888999991199998888888888888888888888888888888888888888888999999998888888888888888888888888888888888888888888888888888888888888888888888999999911111111111111111111199999988888888888888888888888888888888888888888888888888888888888888888888888888
9988888888888999999111199998888888888888888888888888888888888888888888999999998888888888888888888888888888888888888888888888888888888888888888888888899999991111111111111111111119999988888888888888888888888888888888888888888888888888888888888888888888888888
9998888888899999911111999988888888888888888888888888888888888888888888889999998888888888888888888888888888888888888888888888888888888888888888888888899999999111111111111111111119999988888888888888888888888888888888888888888888888888888888888888888888888888
9999999999999991111119998888888888888888888888888888888888888888888888888899998888888888888888888888888888888888888888888888888888888888888888888888899999991111111111111111111111999988888888888888888888888888888888888888888888888888888888888888888888888888
9999999999999911111199988888888888888888888888888888888888888888888888888889998888888888888888888888888888888888888888888888888888888888888888888888889999911111111111111199991111999998888888888888888888888888888888888888888888888888888888888888888888888888
8888999999111111111999988888888888888888888888888888888888888888888888888889998888888888888888888888888888888888888888888888888888888888888888888888889999111111111111111999999919999999988888888888888888888888888888888888888888888888888888888888888888888888
8888999991111111119999888888888888888888888888888888888888888888888888888889999988888888888888888888888888888888888888888888888888888888888888888888899911111111111119999999999999999999998888888888888888888888888888888888888888888888888888888888888888888888
8888888999111111199988888888888888888888888888888888888888888888888888888889999988888888888888888888888888888888888888888888888888888888888888888888999111111111111999999999999999999999999998888888888888888888888888888888888888888888888888889888888888888888
8888888899911111999988888888888888888888888888888888888888888888888888888899999998888888888888888888888888888888888888888888888888888888888888888899911111111119999999999888888888888999999999888888888888888888888888888888888888888888888888889988888888888898
8888888889991111999988888888888888888888888888888888888888888888888888888999999999988888888888888888888888888888888888888888888888888888888888888999911111111999999999988888888888888889999999998888888888888888888888888888888888888888888888889988888888888998
8888888889999111999998888888888888888888888888888888888888888888888888888999999999998888888888888888888888888888888888888888888888888888888888999991119111119999999998888888888888888888899999999888888888888888888888888888888888888888888888889989888888888888
8888888888899999999998888888888888888888888888888888888888888888888888888999999999998888888888888888888888888888888888888888888888888888888899991111111199999999988888888888888888888888888899999998888888888888888888888888888888888888888888888999888888888888
8888888888889999999999888888888888888888888888888888888888888888888888888888999999988888888888888888888888888888888888888888888888888888889999111111111199999988888888888888888888888888888889999999888888888888888888888888888888888888888888888999998888888888
8888888888888999999999888888888888888888888888888888888888888888888888888888888888888888888888888888888888888888888888888888888888888888899999111111111199998888888888888888888888888888888888999999988888888888888888888888888888888888888888889999999888888888
8888888888888999999999888888888888888888888888888888888888888888888888888888888888888888888888888888888888888888888888888888888888888999999999111111119998888888888888888888888888888888888888889999998888888888888888888888888888888888888888899999998888888888
8888888888888999999999988888888888888888888888888888888888888888888888888888888888888888888888888888888888888888888888888888888888889999919999991111999988888888888888888888888888888888888888888999999988888888888888888888888888888888888888899998888888888888
8888888888888899999999998888888888888888888888888888888888888888888888888888888888888888888888888888888888888888888888888888888899999999111119999999999988888888888888888888888888888888888888888889999998888888888888888888888888888888888889999998888888888888
8888888888888999991199999888888888888888888888888888888888888888888888888888888888888888888888888888888888888888888888888888999999999999999119999999999988888888888888888888888888888888888888888888999999988888888888888888888888888888888889999888888888888888
8888888888889999911119999988888888888888888888888888888888888888888888888888888888888888888888889998888888888888888888899999999999999999999999999999999988888888888888888888888888888888888888888888899999998888888888888888888888888889999999999888888888888888
8888888888889999911119999988888888888888888888888888888888888888888888888888888888888888888888899999888888888888888888999999999999999999999999999999999998888888888888888888888888888888888888888888889999999888888888888888888888888999999999988888888888888888
8888888888899999991111999998888888888888888888888888888888888888888888888888888888888888888888889999998888888888888899999999999999888888888888889988899998888888888888888888888888888888888888888888888999999999898888888888888888889999911999888888888888888888
8888888888999999999111199999888888888888888888888888888888888888888888888888888888888888888888888999999999999999999999999999999988888888888888888888888899988888888888888888888888888888888888888888889999999999999988888888888899999999919988888888888888888888
8888888888999999999911111999998888888888888888888888888888888888888888888888888888888888888888888899999999999999999999999988888888888888888888888888888888888888888888888888888888888888888888888888889999999999999999899999999999999919999888888888888888888888
8888888888999999999999911999999888888888888888888888888888888888888888888888888888888888888888888889999999991111999998999888888888888888888888888888888888888888888888888888888888888888888888888888889999999991199999999999999999911119999888888888888888888888
8888888889999999999999991999999998888888888888888888888888888888888888888888888888888888888888888899999999911111999988888888888888888888888888888888888888888888888888888888888888888888888888888888888999999911119999999999999111111199988888888888888888888888
8888888889998888888889999999999999988888888888888888888888888888888888888888888888888888888888888999999111111199999988888888888888888888888888888888888888888888888888888888888888888888888888888888888999999911119999999999911111111999888888888888888888888888
8888888988888888888888899999199999998888888888888888888888888888888888888888888888888888888888899999911111199999999988888888888888888888888888888888888888888888888888888888888888888888888888888888999999999999999999999991111111119999888888888888888888888888
8888899988888888888888888999919999999888888888888888888888888888888888888888888888888888888888999991111119999999999888888888888888888888888888888888888888888888888888888888888888888888888888888889999999999999999999999991111111119999888888888888888888888888
8888998888888888888888888899991111999999988888888888888888888888888888888888888888888888888899999111111999999999998888888888888888888888888888888888888888888888888888888888888888888888888888888899988888888888889999999999111111119999888888888888888888888888
9988888888888888888888888899991111999999999998888888888888888888888888888888888888888888889999911111119999999998888888888888888888888888888888888888888888888888888888888888888888888888888888889888888888888888888899999999991111119999888888888888888888888888
9888888888888888888888888889999111199999999998888888888888888888888888888888888888888888899999911111199999999888888888888888888888888888888888888888888888888888888888888888888888888888888888888888888888888888888888889999999111119999888888888888888888888888
9888888888888888888888888889999911119999999998888888888888888888888888888888888888888889999999111111999999998888888888888888888888888888888888888888888888888888888888888888888888888888888888888888888888888888888888888889999991111999988888888888888888888888
8888888888888888888888888889999999111999999999888888888888888888888888888888888888888899999911111119999888888888888888888888888888888888888888888888888888888888888888888888888888888888888888888888888888888888888888888888899999111199998888888888888888888888
8888888888888888888888888889999999911199999999988888888888888888888888888888888888888999991111119999998888888888888888888888888888888888888888888888888888888888888888888888888899999999888888888888888888888888888888888888899999991199999888888888888888888888
8888888888888888888888888889999999911111999999998888888888888888888888888888888888889999911111199999988888888888888888888888888888888888888888888888888888888888888888888888889999999999988888888888888888888888888888888888888999999999999988888888888888888888
8888888888888888888888888899999999111111199999999888888888888888888888888888888899999999111111999998888888888888888888888888888888888888888888888888888888888888888888888888999999999999888888888888888888888888888888888888888899999999999999988888888888888888
8888888888888888888888888999999991111111119999999999888888888888888888888888889999999991111119999988888888888888888888888888888888888888888888888888888888888888888888888888999999999988888888888888888888888888888888888888888888999999999999998888888888888888
8888888888888888888888889999999991111111111199999999999888888888888888888888999999999111111999999888888888888888888888888888888888888888888888888888888888888888888888888889999999999888888888888888888888888888888888888888888888889999999999999888888888888888
1988888888888888888888888889999999991111111111999999999998888888888888888999999999911111119999998888888888888888888888888888888888888888888888888888888888888888888888888999999999999888888888888888888888888888888888888888888888889999999199999888888888888888
1188888888888888888888888888899999999111111111119999999999999988888888899999999991111111199999888888888888888888888888888888888888888888888888888888888888888888888888889999999999888888888888888888888888888888888888888888888888888999999911199999988888888888
9998888888888888888888888888889999999991111111111111111199999999999999999999911111111119999988888888888888888888888888888888888888888888888888888888888888888888888889999999999999888888888888888888888888888888888888888888888888888889999991119999999888888888
9988888888888888888888888888888899999999911111111111111119999999999999999991111111111199999888888888888888888888888888888888888888888888888888888888888888888888888899999999999988888888888888888888888888888888888888888888888888888888999991111999999998888888
8888888888888888888888888888888888999999991111111111111111111199999999991111111111119999998888888888888888888888888888888888888888888888888888888888888888888888888999999999999888888888888888888888888888888888888888888888888888888888889999911111999999999888
8888888888888888888888888888888888899999999911111111111111111111999999111111111111199999988888888888888888888888888888888888888888888888888888888888888888888888889999999999998888888888888888888888888888888888888888888888888888888888888889999111119999999988
8888888888888888888888888888888888889999999999111111111111111111111111111111111111999998888888888888888888888888888888888888888888888888888899988888888888888888889999999999999888888888888888888888888888888888888888888888888888888888888889999911111111999999
8888888888888888888888888888888888888999999999111111111111111111111111111111111119999988888888888888888888888888888888888888888888888888888889999998888888888888888999999999999888888888888888888888888888888888888888888888888888888888888889999991111111199999
8888888888888888888888888888888888888999999999111111111119999991111111111111111119999988888888888888888888888888888888888888888888888888888889999998888888888888888889999999999988888888888888888888888888888888888888888888888888888888888888999999111111111199
8888888888888888888888888888888888888999999911111111199999999999911111111111199999999888888888888888888888888888888888888888888888888888888889999999998888888888888888899999999998888888888888888888888888888888888888888888888888888888888888999999911111111119
8888888888888888888888888888888888888899999111111119999999999999999911111111199999999888888888888888888888888888888888888888888888888888888888999999998888888888888888888889999999888888888888888888888888888888888888888888888888888888888888999999991111111111
8888888888888888888888888888888888888999991111199999998888899999999999911111199999998888888888888888888888888888888888888888888888888888888888999999988888888888888888888888889999888888888888888888888888888888888888888888888888888888888899999999911111111111
8888888888888888888888888888888888888999111119999888888888888888999999991111119999998888888888888888888888888888888888888888888888888888888889999998888888888888888888888888888999988888888888888888888888888888888888888888888888888888888899999999111111111111
8888888888888888888888888888888888889911119999998888888888888888888999999911111999998888888888888888888888888888888888888888888888888888888899999888888888888888888888888888888889999888888888888888888888888888888888888888888888888888888899999911111111111111
8888888888888888888888888888888888999111999999998888888888888888888899999999911199998888888888888888888888888888888888888888888888888888999999888888888888888888888888888888888888999988888888888888888888888888888888888888888888888888888999999911111111199999
8888888888888888888888888888888899991199999888888888888888888888888888889999991119998888888888888888888888888888888888888888888888888888999988888888888888888888888888888888888888888999888888888888888888888888888888888888888888888888889999991111119999999999
8888888888888888888888888888888999911999999888888888888888888888888888888999999111999888888888888888888888888888888888888888888888888889999988888888888888888888888888888888888888888999988888888888888888888888888888888888888888888888999999911111199999999998
8888888888888888888888888888889999999999988888888888888888888888888888888899999911999988888888888888888888888888888888888888888888888899999988888888888888888888888888888888888888888999998888888888888888888888888888888888888888888899999999111119999999988888
8888888888888888888888888888999911999998888888888888888888888888888888888888999999999998888888888888888888888888888888888888888888888899888888888888888888888888888888888888888888888899999998888888888888888888888888888888888888888899999991199999999988888888
8888888888888888888888888889999999999988888888888888888888888888888888888888899999999999888888888888888888888888888888888888888888899898888888888888888888888888888888888888888888888888999999888888888888888888888888888888888888889999111199999999998888888888
8888888888888888888888888999999999998888888888888888888888888888888888888888889999991199988888888888888888888888888888888888888889999888888888888888888888888888888888888888888888888888899999988888888888888888888888888888888888899991111999999998888888888888
8888888888888888888888888999999999988888888888888888888888888888888888888888888899991199998888888888888888888888888888888888888899988888888888888888888888888888888888888888888888888888888999999998888888888888888888888888888899999911199999988888888888888888
8888888888888888888888899999999999888888888888888888888888888888888888888888888889991199999988888888888888888888888888888888888899988888888888888888888888888888888888888888888888888888888889999999888888888888888888888888999999911119999999888888888888888888
8888888888888888888888899999999999888888888888888888888888888888888888888888888888999999999998888888888888888888888888888888888999988888888888888888888888888888888888888888888888888888888889999999988888888888888888888899999911111199998888888888888888888888
8888888888888888888888999999999999888888888888888888888888888888888888888888888888889999999999988888888888888888888888888888999988888888888888888888888888888888888888888888888888888888888888999999999988888888888888899999991111111999988888888888888888888888
8888888888888888888899999999889999988888888888888888888888888888888888888888888888888999111999998888888888888888888888888889999988888888888888888888888888888888888888888888888888888888888888999999999988888888888888899999991111199999888888888888888888888888
8888888888888888889999999988888899998888888888888888888888888888888888888888888888888999111199999988888888888888888888888899999988888888888888888888888888888888888888888888888888888888888888999911111999999888888889999999999111199998888888888888888888888888
8888888888888888899999999888888899998888888888888888888888888888888888888888888888888999911119999998888888888888888888888999999998888888888888888888888888888888888888888888888888888888888889999911111199999988888888888999999991199998888888888888888888888888
8888888888888889999999888888888889998888888888888888888888888888888888888888888888888999911111999999998888888888888888888999999999888888888888888888888888888888888888888888888888888888888889999111111999998888888888888889999999999998888888888888888888888888
8888888888889888888888888888888888888888888888888888888888888888888888888888888888888999911111199999999999999888888888888899989999988888888888888888888888888888888888888888888888888888888889911111119999888888888888888888888999999998888888888888888888888888
8888888888899888888888888888888888888888888888888888888888888888888888888888888888888999911111111111999999999988888888888888888899999998888888888888888888888888888888888888888888888888888999111199999988888888888888888888888889999999888888888888888888888888
8888888888999888888888888888888888888888888888888888888888888888888888888888888888888899911111111111199999999988888888888888888889999999888888888888888888888888888888888888888888888888889999919998888888888888888888888888888888889999988888888888888888888888
8888888889998888888888888888888888888888888888888888888888888888888888888888888888888899111111111111199999999888888888888888888888899998888888888888888888888888888888888888888888888888899999999998888888888888888888888888888888888899998888888888888888888888
8888888999988888888888888888888888888888888888888888888888888888888888888888888888888999111111111111999999988888888888888888888888888898888888888888888888888888888888888888888888888888999999999888888888888888888888888888888888888889999888888888888888888888
8888889999888888888888888888888888888888888888888888888888888888888888888888888888888991111111111119999988888888888888888888888888888888898888888888888888888888888888888888888888888888999999988888888888888888888888888888888888888888899988888888888888888888
9999999998888888888888888888888888888888888888888888888888888888888888888888888888889911111111111999999888888888888888888888888888888888898888888888888888888888888888888888888888888899999999888888888888888888888888888888888888888888888999888888888888888888
9999999998888888888888888888888888888888888888888888888888888888888888888888888888999911111111199999988888888888888888888888888888888888888888888888888888888888888888888888888888899999999888888888888888888888888888888888888888888888888999988888888888888888
9999999988888888888888888888888888888888888888888888888888888888888888888888888889999111111111999999888888888888888888888888888888888888888888889888888888888888888888888888888888991199998888888888888888888888888888888888888888888888888889998888888888888888
1119999888888888888888888888888888888888888888888888888888888888888888888888889999911111111119999988888888888888888888888888888888888888888888888888888888888888888888888888888999999999988888888888888888888888888888888888888888888888888888999888888888888888
1119998888888888888888888888888888888888888888888888888888888888888888888888899991111111111999999888888888888888888888888888888888888888888888888888888888888888888888888889999999999998888888888888888888888888888888888888888888888888888888899998888888888888
9999988888888888888888888888888888888888888888888888888888888888888888888888999911111111199999888888888888888888888888888888888888888888888888888888888888888888888888888999991119999988888888888888888888888888888888888888888888888888888888888999888888888888
9999888888888888888888888888888888888888888888888888888888888888888888888999999111111111999998888888888888888888888888888888888888888888888888888888888888888888888889999999111119999888888888888888888888888888888888888888888888888888888888888899888888888888
9998888888888888888888888888888888888888888888888888888888888888888888888999991111111119999998888888888888888888888888888888888888888888888888888888888888888888889999999991111119998888888888888888888888888888888888888888888888888888888888888888899888888888
9998888888888888888888888888888888888888888888888888888888888888889888889999991111111199999888888888888888888888888888888888888888888888888888888888888888888888888999999911111199988888888888888888888888888888888888888888888888888888888888888888899998888888
9998888888888888888888888888888888888888888888888888888888888888889989999999999111199999888888888888888888888888888888888888888888888888888888888888888888888888888899999911119999988888888888888888888888888888888888888888888888888888888888888888889999998888
9988888888888888888888888888888888888888888888888888888888888888888888999999999999999999888888888888888888888888888888888888888888888888888888888888888888888888888889999991199999988888888888888888888888888888888888888888888888888888888888888888889999999988
9998888888888888888888888888888888888888888888888888888888888888888888899999999999999999888888888888888888888888888888888888888888888888888888888888888888888888888889999999999999988888888888888888888888888888888888888888888888888888888888888888889999999999
9998888888888888888888888888888888888888888888888888888888888888888888888888888888888888888888888888888888888888888888888888888888888888888888888888888888888888888888888888811111988888888888888888888888888888888888888888888888888888888888888888889999999999
8888888888888888888888888888888888888888888888888888888999999999888888888888888888888888888888888888888888888888888888888888888888888888888888888888888888888888888888888888811111999988888888888888888888888888888888888888888888888888888888888888889999991199
