8888888888888888888888888888888888888888888888888888888888888888888888888888888888888888999991199998888888888888888888888888999999888888888888889999999999988888888888888888888888888888888888888888888888888899911111999988888888888888888888888888888888888888
8888888888888888888888888888888888888888888888888888888888888888888888888888888888888888889999999998888888888888888888888888999998888888888888889999999999988888888888888888888888888888888888888888888888888899911111999988888888888888888888888888888888888888
8888888888888888888888888888888888888888888888888888888888888888888888888888888888888888889999999999888888888888888888888888888888888888888888889999999999988888888888888888888888888888888888888888888888888899911119999988888888888888888888888888888888888888
8888888888888888888888888888888888888888888888888888888888888888888888888888888888888888888999999999998888888888888888889999888888888888888888888888999999998888888888888888888888888888888888888888888888889999111199998888888888888888888888888888888888888888
8888888888888888888888888888888888888888888888888888888888888888888888888888888888888888888888999999999988888888888888899999888888888888888888888888888999999988888888888888888888888888888888888888888888899911199999988888888888888888888888888888888888888888
8888888888888888888888888888888888888888888888888888888888888888888888888888888888888888888888999999199999988888888899999998888888888888888888888888888899999998888888888888888888888888888888888888888899991119999988888888888888888888888888888888888888888888
8888888888888888888888888888888888888888888888888888888888888888888888888888888888888888888888899999111999998888889999999998888888888888888888888888888889999999988888888888888888888888888888888888889999111119999888888888888888888888888888888888888888888888
8888888888888888888888888888888888888888888888888888888888888888888888888888888888888888888888889999991111199999999999999988888888888888888888888888888889999999998888888888888888888888888888888888899991111199998888888888888888888888888888888888888888888888
8888888888888888888888888888888888888888888888888888888888888888888888888888888888888888888888888889999111119999999999988888888888888888888888888888888889999999999988888888888888888888888888888888999111119999988888888888888888888888888888888888888888888889
8888888888888888888888888888888888888888888888888888888888888888888888888888888888888888888888888888999911111119999999988888888888888888888888888888888889999999999999999988888888888888888888889999911111199999888888888888888888888888888888888888888888888881
8888888888888888888888888888888888888888888888888888888888888888888888888888888888888888888888888888889991111111999999988888888888888888888888888888888889999999999999999988888888888888888888999991111111999998888888888888888888888888888888888888888888888888
8888888888888888888888888888888888888888888888888888888888888888888888888888888888888888888888888888888999911111999999988888888888888888888888888888888999999999999999999999999988888899999999999111111111999998888888888888888888888888888888888888888888888888
9988888888888888888888888888888888888888888888888888888888888888888888888888888888888888888888888888888889991111999999988888888888888888888888888888888999999888888999999999999999999999999999999111111119999998888888888888888888888888888888888888888888888888
9999888888888888888888888888888888888888888888888888888888888888888888888888888888888888888888888888888889999111999999988888888888888888888888888888888888888888888888999999999999999999999999999999111111999998888888888888888888888888888888888888888888888888
9999888888888888888888888888888888888888888888888888888888888888888888888888888888888888888888888888888888899999999999998888888888888888888888888888888888888888888888899999999911111991119999999999991119999998888888888888888888888888888888888888888888888888
9999998888888888888888888888888888888888888999988888888888888888888888888888888888888888888888888888888888889999119999999888888888888888888888888888888888888888888888888889999999911111999999999999999999999998888888888888888888888888888888888888888888888888
9999999888888888888888888888888888888888899999998888888888888888888888888888888888888888888888888888888888889999111999999998888888888888888888888888888888888888888888888888899999991199999999999999999999999998888888888888888888888888888888888888888888888888
1199999999888888888888888888888888888888999999999998888888888888888888888888888888888888888888888888888888888999111199999999888888888888888888888888888888888888888888888888889999999999999988888888999999999999888888888888888888888888888888888888888888888888
1119999999888888888888888888888888888889999999999999888888888888888888888888888888888888888888888888888888888999911119999999999888888888888888888888888888888888888888888888888999999999999888888888889999999999998888888888888888888888888888888888888888888888
1111999999988888888888888888888888888899999911199999888888888888888888888888888888888888888888888888888888888899991111199999999999888888888888888888888888888888888888888888888999999999988888888888888888899999999888888888888888888888888888888888888888888888
1111119999999999888888888888888888899999999911119999988888888888888888888888888888888888888888888888888888888999991111119999999999988888888888888888888888888888888888888888888899999999988888888888888888889999999988888888888888888888888888888888888888888888
1111111199999999999988888888888888888888888811199999999988888888888888888888888888888888888888888888888888888999991111111999999999988888888888888888888888888888888888888888888889999988888888888888888888888889999998888888888888888888888888888888888888888888
1111111111119999999999999888888888888888888889999999999999988888888888888888888888888888888888888888888888889999991111111999999999988888888888888888888888888888888888888888888888999988888888888888888888888888899998888888888888888888888888888888888888888888
1111111111111199999999999888888888888888888888889999999999988888888888888888888888888888888888888888888888899999911111111999999999888888888888888888888888888888888888888888888888899888888888888888888888888888888999888888888888888888888888888888888888888888
1111111111111119999999988888888888888888888888889999999999999988888888888888888888888888888888888888888888999999111111119999999988888888888888888888888888888888888888888888888888888888888888888888888888888888888899989988888888888888888888888888888888888888
1111111111111119999988888888888888888888888888888889999999999988888888888888888888888888888888888888888888999991111111199999998888888888888888888888888888888888888888888888888888888888888888888888888888888888888888999999888888888888888888888888888888888888
1111111111111199999888888888888888888888888888888888888999999998888888888888888888888888888888888888888889999911111111199999988888888888888888888888888888888888888888888888888888888888888888888888888888888888888888999999999888888888888888888888888888888888
1111111111111199999888888888888888888888888888888888888888999999888888888888888888888888888888888888889999991111111111999999988888888888888888888888888888888888888888888888888888888888888888888888888888888888888888999999999888888888888888888888888888888888
1111111111111999998888888888888888888888888888888888888888888998888888888888888888888888888888888889999999111111111111999999998888888888888888888888888888888888888888888888888888888888888888888888888888888888888888899999999999988888888888888888888888888888
1111111111111999998888888888888888888888888888888888888888888888888999888888888888888888888888888999999991111111111111999999988888888888888888888888888888888888888888888888888888888888888888888888888888888888888888889999919999998888888888888888888888888888
1111111111111999999888888888888888888888888888888888888888888888888999998888888888888888888888888999999911111111111111199999988888888888888888888888888888888888888888888888888888888888888888888888888888888888888888889999991111999999888888888888888888888888
1111111111119999999888888888888888888888888888888888888888888888888899999988888888888888888888889999999999999999999111119999998888888888888888888888888888888888888888888888888888888888888888888888888888888888888888889999991111999999988888888888888888888888
1119999999999999999998888888888888888888888888888888888888888888888888999999999999999999988888899999999999999999999911111999998888888888888888888888888888888888888888888888888888888888888888888888888888888888888888889999991111999999998888888888888888888888
1999999999999999999998888888888888888888888888888888888888888888888888888999999999999999999999999999999999999999999999111999999888888888888888888888888888888888888888888888888888888888888888888888888888888888888888889999999999991119999999898888888888888888
9999999999999998899999888888888888888888888888888888888888888888888888888999999999999999999999999999999999999999999999999999999999888888888888888888888888888888888888888888888888888888888888888888888888888888888888889999999999991119999999998888888888888988
9999888888888888889999988888888888888888888888888888888888888888888888888889999999999111111999999999998888888888899999999991199999988888888888888888888888888888888888888888888888888888888888888888888888888888888888999999999999999999999119999999999999999999
9888888888888888888999998888888888888888888888888888888888888888888888888889999999111111111999998998888888888888889999999999119999998888888888888888888888888888888888888888888888888888888888888888888888888888888999999999988999999999999111111999999999999999
9888888888888888888888889998888888888888888888888888888888888888888888888888999999111111119999988888888888888888888889999999919999998888888888888888888888888888888888888888888888888888888888888888888888888888888999999988888888899999999111111111999999999999
8888888888888888888888888999988888888888888888888888888888888888888888888888889999111111998888888888888888888888888888899999999999999888888888888888888888888888888888888888888888888888888888888888888888888888889999888888888888888899999911111111199911999999
8888888888888888888888888999998888888888888888888888888888888888888888888888888999111119888888888888888888888888888888888888999999999988888888888888888888888888888888888888888888888888888888888888888888888888889999888888888888888888999991111111111111999999
8888888888888888888888888899999888888888888888888888888888888888888888888888888999111198888888888888888888888888888888888888899999999998888888888888888888888888888888888888888888888888888888888888888888888888888888888888888888888888889999111111111119999999
8888888888888888888888888888889999888888888888888888888888888888888888888888888999919988888888888888888888888888888888888888889999999999888888888888888888888888888888888888888888888888888888888888888888888888888888888888888888888888888899991111111119999999
8888888888888888888888888888889999999888888888888888888888888888888888888888889999999888888888888888888888888888888888888888888999999999988888888888888888888888888888888888888888888888888888888888888888888888888888888888888888888888888889999911111999999999
8888888888888888888888888888888999999998888888888888888888888888888888888888888899999888888888888888888888888888888888888888888899999999999988888888888888888888888888888888888888888888888888888888888888888888888888888888888888888888888889999991119988888888
8888888888888888888888888888888899999119988888888888888888888888888888888888888999998888888888888888888888888888888888888888888889999999999988888888888888888888888888888888888888888888888888888888888888888888888888888888888888888888888888999999999988888888
8888888888888888888888888888888889999111998888888888888888888888888888888888889999998888888888888888888888888888888888888888888888999999999998888888888888888888888888888888888888888888888888888999998888888888888888888888888888888888888888899999999888888888
8888888888888888888888888888888888999111198888888888888888888888888888888888899999888888888888888888888888888888888888888888888888999999999999988888888888888888888888888888888888888888888888999999998888888888888888888888888888888888888888899999998888888888
8888888888888888888888888888888888899991119988888888888888888888888888888888999988888888888888888888888888888888888888888888888888899999999999998888888888888888888888888888888888888888888888999999998888888888888888888888888888888888888888899999988888888888
8888888888888888888888888888888888899999111998888888888888888888888888888889999888888888888888888888888888888888888888888888888888889999999999999888888888888888888888888888888888888888888888888999888888888888888888888888888888888888888888999999888888888888
8888888888888888888888888888888888889999911199988888888888888888888888888899999888888888888888888888888888888888888888888888888888888999999999999988888888888888888888888888888888888888888888888888888888888888888888888888888888888888888888899998888888888888
8888888888888888888888888888888888889999999999999888888888888888888888889999999888888888888888888888888888888888888888888888888888888899999999999999988888888888888888888888888888888889999888888888888888888888888888888888888888888888888888889998888888888888
8888888888888888888888888888888888888999999999999988888888888888888899999999999888888888888888888888888888888888888888888888888888888889999991199999998888888888888888888888888888889999999988888888888888888888888888888888888888888888888888889888888888888888
8888888888888888888888888888888888889999999999999999998888888888888999991111988888888888888888888888888888888888888888888888888888888888899999119999998888888888888888888888888888889999998888888888888888888888888888888888888888888888888888899888888888888888
8888888888888888888888888888888888889999999999999911199999888888889999111111988888888888888888888888888888888888888888888888888888888888889999911999999888888888888888888888888888889999988888888888888888888888888888888888888888888888888888899888888888888888
8888888888888888888888888888888888888888888899999911119999999999999991111111988888888888888888888888888888888888888888888888888888888888888999991119999998888888888888888888888899999999888888888888888888888888888888888888888888888888888888998888888888888888
8888888888888888888888888888888888888888888888999991119919999999991111111111888888888888888888888888888888888888888888888888888888888888888899999911199999998888888888888888888999999888888888888888888888888888888888888888888888888888888889988888888888888888
8888888888888888888888888888888888888888888888889999999911199999911111111118888888888888888888888888888888888888888888888888888888888888888899999991119999999888888888888888999999998888888888888888888888888888888888888888888888888888888889998888888888888888
8888888888888888888888888888888888888888888888888899999991111111111111111198888888888888888888888888888888888888888888888888888888888888888899999991111199999998888888888889999999988888888888888888888888888888888888888888888888888888888889998888888888888888
8888888888888888888888888888888888888888888888888888999999111111111111111998888888888888888888888888888888888888888888888888888888888888888889999999111111199999999999999999999999888888888888888888888888888888888888888888888888888888888889999888888888888888
8888888888888888888888888888888888888888888888888888889999991111111111111998888888888888888888888888888888888888888888888888888888888888888888999999991111119999999999999999999988888888888888888888888888888888888888888888888888888888888889999988888888888888
8888888888888888888888888888888888888888888888888888888999999991111111111998888888888888888888888888888888888888888888888888888888888888888888899999999111111119999999999999999888888888888888888888888888888888888888888888888888888888888889999998888888888888
8888888888888888888888888888888888888888888888888888888899999999111111111999888888888888888888888888888888888888888888888888888888888888888888889999999911111111111111999999999888888888888888888888888888888888888888888888888888888888888899111199888888888888
9888888888888888888888888888888888888888888888888888888889999999911111111199988888888888888888888888888888888888888888888888888888888888888888888999999999111111111111199999999888888888888888888888888888888888888888888888888888888888889999111199888888888888
9998888888888888888888888888888888888888888888888888888888899999999111111111999888888888888888888888888888888888888888888888888888888888888888888899999999911111111111199999999888888888888888888888888888888888888888888888888888888888999999999999888888888888
9998888888888888888888888888888888888888888888888888888888888999999991111111199988888888888888888888888888888888888888888888888888888888888888888888999999991111111111199999999888888888888888888888888888888888888888888888888888888889999999999999888888888999
9998888888888888888888888888888888888888888888888888888888888899999999111111199998888888888888888888888888888888888888888888888888888888888888888888899999999111111111111999999988888888888888888888888888888888888888888888888888888889999999999988888888888999
8888888888888888888888888888888888888888888888888888888888888888899999911111119999888888888888888888888888888888888888888888888888888888888888888888889999999111111111111119999998888888888888888888888888888888888888888888888888899999999999888888888888888899
8888888888888888888888888888888888888888888888888888888888888888889999991111111999998888888888888888888888888888888888888888888888888888888888888888889999999111111111111111199999998888888888888888888888888888888888888888888889999999999888888888888888888888
8888888888888888888888888888888888888888888888888888888888888888888999999111111199999888888888888888888888888888888888888888888888888888888888888888889999999111111111111111119999998888888888888888888888888888888888888888899999999999988888888888888888888888
8888889888888888888888888888888888888888888888888888888888888888888999199911111119999988888888888888888888888888888888888888888888888888888888888888889999991111111111111111111199999998888888888888888888888888888888888999999999999998888888888888888888888888
8888899988888888888888888888888888888888888888888888888888888888888889911111111111119998888888888888888888888888888888888888888888888888888888888888899999911111111199999999999119999999888888888888888888888888888888899999999999998888888888888888888888888888
8888899988888888888888888888888888888888888888888888888888888888888888991111111111111998888888888888888888888888888888888888888888888888888888888888899999111111199999999999999999999999988888888888888888888888899999999999999999988888888888888888888888888888
8888899988888888888888888888888888888888888888888888888888888888888888999111111111111198888888888888888888888888888888888888888888888888888888888888999991111111999999999999999999999988888888888888888888888888999999999999999999888888888888888888888888888888
8888899988888888888888888888888888888888888888888888888888888888888888899111111111111199888888888888888888888888888888888888888888888888888888888889999911111999999999999888888888888888888888888888888888888999999991111199999988888888888888888888888888888888
8888899988888888888888888888888888888888888888888888888888888888888888899111111111111999988888888888888888888888888888888888888888888888888888888899999111119999999999888888888888888888888888888888888888889991111111111199999888888888888888888888888888888888
8888899998888888888888888888888888888888888888888888888888888888888888999111111111999999988888888888888888888888888888888888888888888888888888889999991111119999998888888888888888888888888888888888888888889911111111111199999888888888888888888888888888888888
8888889998888888888888888888888888888888888888888888888888888888888888999111111119999999888888888888888888888888888888888888888888888888888888999999911119999998888888888888888888888888888888888888888888889911111111119999988888888888888888888888888888888888
8888889998888888888888888888888888888888888888888888888888888888888888991111111199988888888888888888888888888888888888888888888888888888888888999991111199988888888888888888888888888888888888888888888888888899111111199999888888888888888888888888888888888888
8888899998888888888888888888888888888888888888888888888888888888888888991111119998888888888888888888888888888888888888888888888888888888888899999911119998888888888888888888888888888888888888888888888888888889991111199998888888888888888888888888888888888888
8888899999888888888888888888888888888888888888888888888888888888888889911111199988888888888888888888888888888888888888888888888888888888889999999111199988888888888888888888888888888888888888888888888888888888999911999998888888888888888888888888888888888888
8888899999988888888888888888888888888888888888888888888888888888888889911199998888888888888888888888888998888888888888888888888888888888899999991111199888888888888888888888888888888888888888888888888888888888999999999998888888888888888888888888888888888888
8888891111998888888888888888888888888888888888888888888888888888888999991999988888888888888888888888888899888888888888888888888888888888899999111111999888888888888888888888888888888888888888888888888888888888888999999998888888888888888888888888888888888888
8888911111199998888888888888888888888888888888888888888888888888888991911999988888888888888888888888888889988888888888888888888888888888999911111119998888888888888888888888888888888888888888888888888888888888888899999998888888888888888888888888888888888888
8889911111199999998998888888888888888888888888888888888888888888889911119999888888888888888888888888888888999888888888888888888888888899991111111199988888888888888888888888888888888888888888888888888888888888888889999998888888888888888888888888888888888888
8899999999999999999999888888888888888888888888888888888888888888999111199999888888888888888888888888888888889988888888888888888888899999911111111999888888888888888888888888888888888888888888888888888888888888888888899998888888888888888888888888888888888888
9999999999999998889999998888888888888888888888888888888888888889911111199998888888888888888888888888888888888888888888888888888888999999111111111998888888888888888888888888888888888888888888888888888888888888888888899999888888888888888888888888888888888888
9999999999999988888999999988888888888888888888888888888888888899111111199888888888888888888888888888888888888888898888888888888899999999911111111198888888888888888888888888888888888888888888888888888888888888888888889999988888888888888888888888888888888888
9999999988888888888899999999888888888888888888888888888888889991111111988888888888888888888888888888888888888888999889999988899999999999999991111118888888888888888888888888888888888888888888888888888888888888888888889999988888888888888888888888888888888888
9998888888888888888888899999999999998888888888888888888889999911111119988888888888888888888888888888888888888888899989999999999999999999999991111199888888888888888888888888888888888888888888888888888888888888888888889999998888888888888888888888888888888888
9988888888888888888888889999999999999888888888888888888999991111111199888888888888888888888888888888888888888888888889999999119999999999999999911119998888888888888888888888888888888888888888888888888888888888888888889999998888888888888888888888888888888888
9988888888888888888888889999999119999999988888888888899999111111111199988888888888888888888888888888888888888888888889999119119999999999999999999911999888888888888888888888888888888888888888888888888888888888888888889999999888888888888888888888888888888888
9888888888888888888888889999911111199999998888888889999911111111111199988888888888888888888888888888888888888888888889999119999999999888888899999999199988888888888888888888888888888888888888888888888888888888888888899999911998888888888888888888888888888888
8888888888888888888888888999911111199999999888888889999111111111111119988888888888888888888888888888888888888888888888999999998888888888888888999999999998888888888888888888888888888888888888888888888888888888888888899999911199888888888888888888888888888888
8888888888888888888888888999991111999999988888888888999911111111111119998888888888888888888888888888888888888888888888999998888888888888888888888999999999988888888888888888888888888888888888888888888888888888888888999999991119988888888888888888888888888888
8888888888888888888888888999999999999999998888888888999999999991111111999888888888888888888888888888888888888888888888999998888888888888888888888888889999998888888888888888888888888888888888888888888888888888888889999999999111999988888888888888888888888888
8888888888888888888888888999999999988888888888888888888888889999111111999888888888888888888888888888888888888888888888999988888888888888888888888888889999998888888888888888888888888888888888888888888888888888888888999999999999999998888888888888888888888888
8888888888888888888888888999999998888888888888888888888888888999911111999988888888888888888888888888888888888888888888999988888888888888888888888888888899999888888888888888888888888888888888888888888888888888888888888998888999999998888888888888888888888888
8888888888888888888888888888888888888888888888888888888888888889991119111999888888888888888888888888888888888888888899999988888888888888888888888888888889999988888888888888888888888888888888888888888888888888888888888888888888899999888888888888888888888888
9988888888888888888888888888888888888888888888888888888888888888899991111199998888888888888888888888888888888888888999999888888888888888888888888888888888999998888888888888888888888888888888888888888888888888888888888888888888888999988888888888888888888888
9999888888888888888888888888888888888888888888888888888888888888888991111119999888888888888888888888888888888888888999998888888888888888888888888888888888899998888888888888888888888888888888888888888888888888888888888888888888888888888888888888888888888888
9999998888888888888888888888888888888888888888888888888888888888888899111119999888888888888888888888888888888888888888888888888888888888888888888888888888888999988888888888888888888888888888888888888888888888888888888888888888888888889998888888888888888888
9999119998888888888888888888888888888888888888888888888888888888888888911199999988888888888888888888888888888888888888888888888888888888888888888888888888888889998888888888888888888888888888888888888888888888888888888888888888888888889999988888888888888888
1111111199888888888888888888888888888888888888888888888888888888888888899999999999888888888888888888888888888888888888888888888888888888888888888888888888888888999988888888888888888888888888888888888888888888888888888888888888888888888889999999888888888888
1111111199988888888888888888888888888888888888888888888888888888888888888899991999988888888888888888888888888888888888888888888888888888888888888888888888888888999988888888888888888888888888888888888888888888888888888888888888888888888889999999999888888888
1111111199988888888888888888888888888888888888888888888888888888888888888888919111988888888888888888888888888999888888888888888888888888888888888888888888888888889999888888888888888888888888888888888888888888888888888888888888888888888888899999111118888898
1111119999988888888888888888888888888888888888888888888888888888888888888889911119999888888888888888888888889998888888888888888888888888888888888888888888888888888999988888888888888888888888888888888888888888888888888888888888888888888888889999991111999999
1111999999988888888888888888888888888888888888888888888888888888888888888888899199999999988888888888888889999998888888888888888888888888888888888888888888888888888999999888888888888888888888888888888888888888888888888888888888888888888888888888899911111111
1119999999888888888888888888888888888888888888888888888888888888888888888888888999999999999988888888888899999988888888888888888888888888888888888888888888888888888999999999888888888888888888888888888888888888888888888888888888888888888888888888888991111111
1199999988888888888888888888888888888888888888888888888888888888888888888888888889999111999999999999999999999988888888888888888888888888888888888888888888888888888899999999988888888888888888888888888888888888888888888888888888888888888888888888888889911111
1199999988888888888888888888888888888888888888888888888888888888888888888888888888991111119999999999999119999988888888888888888888888888888888888888888888888888888899991111198888888888888888888888888888888888888888888888888888888888888888888888888888999111
1999999888888888888888888888888888888888888888888888888888888888888888888888888888891111111199999999911119999888888888888888888888888888888888888888888888888888888899991111119988888888888888888888888888888888888888888888888888888888888888888888888888889999
9999988888888888888888888888888888888888888888888888888888888888888888888888888888888111111111999991111119998888888888888888888888888888888888888888888888888888888899999111111999988888888888888888888888888888888888888888888888888888888888888888888888888999
9999888888888888888888888888888888888888888888888888888888888888888888888888888888888991111111111111111199988888888888888888888888888888888888888888888888888888888899999911111199988888888888888888888888888888888888888888888888888888888888888888888888888888
9999888888888888888888888888888888888888888888888888888888888888888888888888888888888899111111111111119999888888888888888888888888888888888888888888888888888888888889999991111999988888888888888888888888888888888888888888888888888888888888888888888888888888
9999888888888888888888888888888888888888888888888888888888888888888888888888888888888899911111111111119998888888888888888888888888888888888888888888888888888888888889999999999999888888888888888888888888888888888888888888888888888888888888888888888888888888
9999888888888888888888888888888888888888888888888888888888888888888888888888888888888899999911111111199998888888888888888888888888888888888888888888888888888888888899999999999988888888888888888888888888888888888888888888888888888888888888888888888888888888
9999998888888888888888888888888888888888888888888888888888888888888888888888888888888899999911111111999998888888888888888888888888888888888888888888888888888888888999999999888888888888888888888888888888888888888888888888888888888888888888888888888888888888
1199999888888888888888888888888888888888888888888888888888888888888888888888888888888899999111111111999999888888888888888888888888888888888888888888888888888888888999999999888888888888888888888888888888888888888888888888888888888888888888888888888888888888
1119999888888888888888888888888888888888888888888888888888888888888888888888888888888899991111111111199999988888888888888888888888888888888888888888888888888888889999899998888888888888888888888888888888888888888888888888888888888888888888888888888888888888
1119999988888888888888888888888888888888888888888888888888888888888888888888888888888999911111111111119999998888888888888888888888888888888888888888888888888888888888888888888888888888888888889999998888888888888888888888888888888888888888888888888888888888
1111999998888888888888888888888888888888888888888888888888888888888888888888888888889999911111111111111999999888888888888888888888888888888888888888888888888888888888888888888888888888888888889999999988888888888888888888888888888888888888888888888888888881
1111999999888888888888888888888888888888888888888888888888888888888888888888888888899999111111111111111199999988888888888888888888888888888888888888888888888888888888888888888888888888888888889999999999988888888888888888888888888888888888888888888888888111
1111199999888888888888888888888888888888888888888888888888888888888888888888888888999911111999999911111119999988888888888888888888888888888888888888888888888888888888888888888888888888888888888889999999998888888888888888888888888888888888888888888999111111
1111119999998888888888888888888888888888888888888888888888888888888888888888888889999111999999999991111111999988888888888888888888888888888888888888888888888888888888888888888888888888888888888888999999999998888888888888888888888888888888888888889911119999
9111111999999988888888888888888888888888888888888888888888888888888888888888888888999999999999999999991111199999888888888888888888888888888888888888888898888888888888888888888888888888888888888888999991199999888888888888888888888888888888889888991111999888
9991111199999998888888888888888888888888888888888888888888888888888888888888888888999999999999999999999911111999988888888888888888888888888888888888888998888888888888888888888888888888888888888888889999999999998888888888888888888888888888899999991119888888
9999911119999999888888888888888888888888888888888888888888888888888888888888888888999999999999999999999999111199999888888888888888888888888888888888889999888888888888888888888888888888888888888888888999999999999988888888888888888888888899999119999888888888
9999999111999999988888888888888888888888888888888888888888888888888888888888899888899998888888888999999999911111199998888888888888888888888888888888899988888888888888888888888888888888888888888888888889999111199999998888888888888888899999911119988888888888
9999999991111999988888888888888888888888888888888888888888888888888888888888899888888888888888888888899999999111111999888888888888888888888888888889998888888888888888888888888888888888888888888888888889999911111999999998888888888888999991111999888888888888
9999999999111199999888888888888888888888888888888888888888888888888899999888889888888888888888888888888999999911111999999988888888888888888888888899988888888888888888888888888888888888888888888888888888899911111119999999999998888999999991119888888888888888
8888899999999999999988888888888888888888888888888888888888888888899999999888888888888888888888888888888888899991111119999988888888888888888888888999988888888888888888888888888888888888888888888888888888889991111111199999999999999911199999998888888888888888
8888888999999999199998888888888888888888888888888888888888888888999999999888888888888888888888888888888888889999911111999999888888888888888888899999988888888888888888888888888888888888888888888888888888889999111111111199999111111111119998888888888888888888
8888888899999999999999988888888888888888888888888888888888888999999999998888888888888888888888888888888888888899991111111199999888888888888888999999988888888888888888888888888888888888888888888888888888888999991111111111111111111111199988888888888888888888
8888888888899999999999998888888888888888888888888888888888899999999999898888888888888888888888888888888888888889999991111119999998888888889911999999988888888888888888888888888888888888888888888888888888888999991111111111111111111199999988888888888888888888
8888888888889999999999999999888888888888888888888888888889999999999988888888888888888888888888888888888888888888999991111111999998888888899111199999988888888888888888888888888888888888888888888888888888888999999111111111111111119999988888888888888888888888
8888888888888888888888999999998888888888888888888888889999999999999988888888888888888888888888888888888888888888899999111111111199199999999111199999988888888888888888888888888888888888888888888888888888888999991111111111111119999999888888888888888888888888
8888888888888888888888899999999999988888888888888899999999999999999888888888888888888888888888888888888888888888889999911111111111119999999999999999998888888888888888888888888888888888888888888888888888889999911111111111111119999998888888888888888888888888
8888888888888888888888889899999999999988888888999999999911199999998888888888888888888888888888888888888888888888888899999111111111119999999999999999999999888888888888888888888888888888888888888888888888999999111111111111111999999988888888888888888888888888
8888888888888888888888888888889999999999999999999999991111999999988888888888888888888888888888888888888888888888888889999111111111199999999999999999999999988888888888888888888888888888888888888888888899999991111111111111999999998888888888888888888888888888
8888888888888888888888888888888899999999999999999991111119999988888888888888888888888888888888888888888888888888888888999911111119999999888888999999999999988888888888888888888888888888888888888888888999999911111111111119999999998888888888888888888888888888
8888888888888888888888888888888889999119999999991111111199999888888888888888888888888888888888888888888888888888888888899911111999998888888888888888888898888888888888888888888888888888888888888888899999991111111111111119999999988888888888888888888888888888
8888888888888888888888888888888889999911111111111111111999988888888888888888888888888888888888888888888888888888888888899991199999888888888888888888888888888888888888888888888888888888888888888889999991111111111111111199999999888888888888888888888888888888
8888888888888888888888888888888888899991111111111111199999888888888888888888888888888888888888888888888888888888888888899999999999888888888888888888888888888888888888888888888888888888888888888999999911111111111111999999999999888888888888888888888888888888
8888888888888888888888888888888888899999111111111111999999888888888888888888888888888888888888888888888888888888888888899199999998888888888888888888888888888888889988888888888888888888888888899999991111111111111119999999999988888888888888888888888888888888
8888888888888888888888888888888888889999111111111119999998888888888888888888888888888888888888888888888888888888888888899199999988888888888888888888888888888888889999888888888888888888888899999999911111111111119999999999988888888888888888888888888888888888
8888888888888888888888888888888888889999911111111199999888888888888888888888888888888888888888888888888888888888888888899199999888888888888888888888888888888888889999999988888888888888888999999911111111111119999999999999888888888888888888888888888888888888
8888888888888888888888888888888888889999911111111999998888888888888888888888888888888888888888888888888888888888888888899999998888888888888888888888888888888888889888899999988888888899999999999111111111111199999999999998888888888888888888888888888888888888
8888888888888888888888888888888888899999911111111999998888888888888888888888888888888888888888888888888888888888888889999999888888888888888888888888888888888888888888889999999999999999999999111111111111111999999999888888888888888888888888888888888888888888
8888888888888888888888888888888888999999111111119999998888888888888888888888888888888888888888888888888888888888888899999999888888888888888888888888888888888888888888889999999999999999911111111111111111199999999888888888888888888888888888888888888888888888
8888888888888888888888888888888899999999111111119999998888888888888888888888888888888888888888888888888888888888888889999998888888888888888888888888888888888888888888888999999999999991111111111111111111999999998888888888888888888888888888888888888888888888
8888888888888888888888888888888999999991111111199999998888888888888888888888888888888888888888888888888888888888888999999888888888888888888888888888888888888888888888888899999999991111111111111111111199999998888888888888888888888888888888888888888888888888
8888888888888888888888888888899999991111111111199999998888888888888888888888888888888888888888888888888888888888889999998888888888888888888888888888888888888888888888888899999991111111111111111111111999999998888888888888888888888888888888888888888888888888
8888888888888888888888888888999999911111111111199999998888888888888888888888888888888888888888888888888888888888899999998888888888888888888888888888888888888888888888888899999991111111111111111111111999999998888888888888888888888888888888888888888888888888
8888888888888888888888899999999999111111111111119999998888888888888888888888888888888888888888888888888888888888999999998888888888888888888888888888888888888888888888888899999991111111111991111111111199999998888888888888888888888888888888888888888888888888
8888888888888888888888999999999999111111111111111999999888888888888888888888888888888888888888888888888888888889999999998888888888888888888888888888888888888888888888888899999991111119999999999111111119999998888888888888888888888888888888888888888888888888
8888888888888888888888999999999999999999111111111199999988888888888888888888888888888888888888888888888888888889999999999888888888888888888888888888888888888888888888888899999911119999999999999991111111999998888888888888888888888888888888888888888888888888
8888888888888888888888888888899999999999991111111119999999888888888888888888888888888888888888888888888888888889999999999888888888888888888888888888888888888888888888888889999111999999999999999999111111199999888888888888888888888888888888888888888888888888
8888888888888888888888888888888888899999999991111111999999999888888888888888888888888888888888888888888888888889999999999888888888888888888888888888888888888888888888888889999999998888888889999999991111199999998888888888888888888888888888888888888888888888
8888888888888888888888888888888888888899999999111111199999999988888888888888888888888888888888888888888888888899999999999888888888888888888888888888888888888888888888888889999999988888888888888999999991119999999888888888888888888888888888888888888888888888
9888888888888888888888888888888888888888899999991111111999999998888888888888888888888888888888888888888888888899999999999988888888888888888888888888888888888888888888888889999888888888888888888888899999991199999998888888888888888888888888888888888888888888
8888888888888888888888888888888888888888888899999911111119999999888888888888888888888888888888888888888888888899999999999999988888888888888888888888888888888888888888888899999888888888888888888888889999999119999999888888888888888888888888888888888888888888
8888888888888888888888888888888888888888888889999999111199999999988888888888888888888888888888888888888888888999999999888888888888888888888888888888888888888888888888888889888888888888888888888888888899999919999999988888888888888888888888888888888888888888
8888888888888888888888888888888888888888888888999999999999999999999888888888888888888888888888888888888888889999999998888888888888888888888888888888888888888888888888888888888888888888888888888888888889999999999999998888888888888888888888888888888888888888
8888888888888888888888888888888888888888888888899999999999999999999999988888888888888888888888888888888888999999999988888888888888888888888888888888888888888888888888988888888888888888888888888888888888889999911111999988888888888888888888888888888888888888
8888888888888888888888888888888888888888888888888999999999999999999999998888888888888888888888888888888888999999999988888888888888888888888888888888888888888888888899988888888888888888888888888888888888888999991111119988888888888888888888888888888888888888
8888888888888888888888888888888888888888888888888899999999999999999999998888888888888888888888888888889999999999988888888888888888888888888888888888888888888888889999988888888888888888888888888888888888888899999111111998888888888888888888888888888888888888
8888888888888888888888888888888888888888888888888999999999999999999999999888888888888888888888888888889999999999888888888888888888888888888888888888888888888888899999888888888888888888888888888888888888888889999991111119998888888888888888888888888888888888
8888888888888888888888888888888888888888888888888999999988888888899999999999999988888888888888888899999999998888888888888888888888888888888888888888888888888888999999888888888888888888888888888888888888888888999999111111199999999988888888888888888888888888
8888888888888888888888888888888888888888888888888999988888888888888888999999999998888888888888888999999199988888888888888888888888888888888888888888888888888888999988888888888888888888888888888888888888888888888999911111119999999999888888888888888888888888
8888888888888888888888888888888888888888888888888888888888888888888888999999999999999999999999999999991199888888888888888888888888888888888888888888888888888889999888888888888888888888888888888888888888888888888899999111111999999999988888888888888888888888
8888888888888888888888888888888888888888888888888888888888888888888888888899999999999999999999999999911999888888888888888888888888888888888888888888888888889999999888888888888888888888888888888888888888888888888889999911111999999999988888888888888888888888
8888888888888888888888888888888888888888888888888888888888888888888888888888999999999999999999999111199998888888888888888888888888888888888888888888888888899999999888888888888888888888888888888888888888888888888888899999119911111999999998888888888888888888
8888888888888888888888888888888888888888888888888888888888888888888888888888899999999999999999991111999998888888888888888888888888888888888888888888888899999999999888888888888888888888888888888888888888888888888888888899999911111119999999999888888888888888
8888888888888888888888888888888888888888888888888888888888888888888888888888888999999999999999911111999988888888888888888888888888888888888888888888888999999999999888888888888888888888888888888888888888888888888888888889999911111111999999999988888888888888
8888888888888888888888888888888888888888888888888888888888888888888888888888888899999999991111111119999888888888888888888888888888888888888888888888888999999199998888888888888888888888888888888888888888888888888888888889999991111111111199999999988888888888
8888888888888888888888888888888888888888888888888888888888888888888888888888888888899999991111111999999888888888888888888888888888888888888888888888888999999199988888888888888888888888888888888888888888888888888888888888889999911111111111199999999888888888
8888888888888888888888888888888888888888888888888888888888888888888888888888888888888899999111111999998888888888888888888888888888888888888888888888889999999998888888888888888888888888888888888888888888888888888888888888888999991111111111111111119999888888
8888888888888888888888888888888888888888888888888888888888888888888888888888888888888899999911111999998888888888888888888888888888888888888888888888889999999998888888888888888888888888888888888888888888888888888888888888888999999111111111111111111999999998
8888888888888888888888888888888888888888888888888888888888888888888888888888888888888889999991111999998888888888888888888888888888888888888888888888888999999998888888888888888888888888888888888888888888888888888888888888888899999911111111111111119999999998
8888888888888888888888888888988888888888888888888888888888888888888888888888888888888889999999911999998888888888888888888888888888888888888888888888889999999998888888888888888888888888888888888888888888888888888888888888888889999991111111111111999999999888
8888888888888888888888888888988888888888888888888888888888888888888888888888888888888889999999999999998888888888888888888888888888888888888888888888899999999998888888888888888888888888888888888888888888888888888888888888888889999991111111119999999998888889
8888888888888888888888888889988888888888888888888888888888888888888888888888888888888889999999999999998888888888888888888888888888888888888888888888999919999998888888888888888888888888888888888888888888888888888888888888888889999991111111199999999988888889
8888888888888888888888889999888888888888888888888888888888888888888888888888888888888889999999999999999988888888888888888888888888888888888888888899991111999998888888888888888888888888888888888888888888888888888888888888888889999991111119999999988888888889
9998888888888888888889999998888888888888888888888888888888888888888888888888888888888888899999999991119998888888888888888888888888888888888888899999111111199999888888888888888888888888888888888888888888888888888888888888888889999911111199999998888888888881
9999888888888888888899999988888888888888888888888888888888888888888888888888888888888888888888999999111199888888888888888888888888888888888888899991111111119999888888888888888888888888888888888888888888888888888888888888888889999111119999999888888888888881
9888888888888888899999999988888888888888888888888888888888888888888888888888888888888888888888888899911119999888888888888888888888888888888899999111111111111999998888888888888888888888888888888888888888888888888888888888888899991111199999988888888888888881
8888888888888888899999999888888888888888888888888888888888888888888888888888888888888888888888888889999119999999888888888888888888888888889999991111111111111999998888888888888888888888888888888888888888888888888888888888888899991111999998888888888888888889
8888888888888888889999999888888888888888888888888888888888888888888888888888888888888888888888888889999911999999988888888888888888888888899999111111119999999999998888888888888888888888888888888888888888888888888888888888888999999999988888888888888888888889
8888888888888888888889998888888888888888888888888888888888888888888888888888888888888888888888888888999991111999999888888888888888888889999911111111999999999999998888888888888888888888888888888888888888888888888888888888889999999999988888888888888888888889
8888888888888888888888899888888888888888888888888888888888888888888888888888888888888888888888888888899999111119999988888888888888889999999111111199999999999888888888888888888888888888888888888888888888888888888888888888889999999998888888888888888888888889
8888888888888888888888888888888888888888888888888888888888888888888888888888888888888888888888888888889999911111119999999888888888999999911111119999999988888888888888888888888888888888888888888888888888888888888888888888999999999988888888888888888888888889
8888888888888888888888888888888888888888888888888888888888888888888888888888888888888888888888888888889999991111111111199999999999999991111111999999998888888888888888888899888988888888888888888888888888888888888888888899999999998888888888888888888888888888
8888888888888888888888888888888888888888888888888888888888888888888888888888888888888888888888888888888999991111111111111111111111111111111119999999888888888888888888888999999998888888888888888888888888888888888888888899999999988888888888888888888888888888
8888888888888888888888888888998888888888888888888888888888888888888888888888888888888888888888888888888999999111111111111111111111111111111199999988888888888888888888888899999998888888888888888888888888888888888888888999999999988888888888888888888888888888
8888888888888888888888888888899988888888888888888888888888888888888888888888888888888888888888888888889999991111111111111111111111111111199999988888888888888888888888888889999998888888888888888888888888888888888888999999999998888888888888888888888888888888
8888888888888888888888888888888998888888888888888888888888888888888888888888888888888888888888888888889999991111111111111111111111111119999998888888888888888888888888888888999999888888888888888888888888888888888888999999999988888888888888888888888888888888
8888888888888888888888888888888899888888888888888888888888888888888888888888888888888888888888888888889999911111111111119999991111111119999998888888888888888888888888888888899999888888888888888888888888888888888889999999999988888888888888888888888888888888
8888888888888888888888888888888888988888888888888888888888888888888888888888888888888888888888888888899991111111199999999999999999111119999988888888888888888888888888888888888899888888888888888888888888888888888999999999998888888888888888888888888888888888
8888888888888888888888888888888888999888888888888888888888888888888888888888888888888888888888888888899991111119999999888888888999999999999988888888888888888888888888888888888899888888888888888888888888888888899999111999988888888888888888888888888888888888
8888888888888888888888888888888888899988888888888888888888888888888888888888888888888888888888888888999991111999998888888888888888999999999988888888888888888888888888888888888889988888888888888888888888888888999999111999888888888888888888888888888888888888
8888888888888888888888888888888888889998888888888888888888888888888888888888888888888888888888888889911119999999988888888888888888888999999988888888888888888888888888888888888889999888888888888888888888888889999999999998888888888888888888888888888888888888
8888888888888888888888888888888888888999888888888888888888888888888888888888888888888888888888888899111199999888888888888888888888888999999988888888888888888888888888888888888888999888888888888888888888888899991111999988888888888888888888888888888888888888
8888888888888888888888888888888888888999111888888888888888888888888888888888888888888888888888888911111999988888888888888888888888888888888898888888888888888888888888888888888888999998888888888888888888888999911111999988888888888888888888888888888888888888
8888888888888888888888888888888888888888911118888888888888888888888888888888888888888888888888889111199988888888888888888888888888888888888888998888888888888888888888888888888888999999888888888888888888889911111111999988888888888888888888888888888888888888
8888888888888888888888888888888888888888111111118888888888888888888888888888888888888888888888911111999888888888888888888888888888888888888888898888888888888888888888888888888888999999999988888888888888991111111119999888888888888888888888888888888888888888
8888888888888888888888888888888888888888111111111199988888888888888888888888888888888888889111111199988888888888888888888888888888888888888888889988888888888888888888888888888888899999999999999999999999911111111119999888888888888888888888888888888888888888
8888888888888888888888888888888888888888111111111111199999988888888888888888888888888899111111111199888888888888888888888888888888888888888888889998888888888888888888888888888888999999999999999999999991111111111119999888888888888888888888888888888888888888
8888888888888888888888888888888888888889911111111111199998888888888888888888888888889999111111111998888888888888888888888888888888888888888888888999888888888888888888888888888889999999111999999999111111111111111111999988888888888888888888888888888888888888
8888888888888888888888888888888888888889911111111111999888888888888888888888888888999999911111119998888888888888888888888888888888888888888888888888888888888888888888888888888899999991111119999991111111111111111111119999888888888888888888888888888888888888
8888888888888888888888888888888888888889991111111999988888888888888888888888888888888889999111119998888888888888888888888888888888888888888888888888888888888888888888888888899999999111111111111111111111111999999911119999988888888888888888888888888888888888
8888888888888888888888888888888888888899911111999999888888888888888888888888888888888888999991119988888888888888888888888888888888888888888888888888889998888888888888888999999999991111111111111111119999999999999999199999999888888888888888888888888888888888
8888888888888888888888888888888888888899111999999988888888888888888888888888888888888888889999119988888888888888888888888888888888888888888888888888888999998888888888889999999911111111111111111119999999999999999999999999999999888888888888888888888888888888
8888888888888888888888888888888888888991119999998888888888888888888888888888888888888888888999991988888888888888888888888888888888888888888888888888888899999988888888899999991111111111111119999999999999999999999999999999999999888888888888888888888888888899
8888888888888888888888888888888888899911199999988888888888888888888888888888888888888888888889999988888888888888888888888888888888888888888888888888888899999999999999999991111111111111111999999999998888888888888888889999999999888888888888888888888888888999
8888888888888888888888888888888888999111999998888888888888888888888888888888888888888888888888899988888888888888888888888888888888888888888888888888888888999999999999991111111111111111999999998888888888888888888888888888888888888888888888888888888888888999
8888888888888888888888888888888889911119999998888888888888888888888888888888888888888888888888889998888888888888888888888888888888888888888888888888888888999991111999111111111111111119999999888888888888888888888888888888888888889999999888888888888888888999
8888888888888888888888888888888899111199999988888888888888888888888888888888888888888888888888888999988888888888888888888888888888888888888888888888888888999911111111111111111119999999998888888888888888888888888888888888888888899989999998888888888888888999
8888888888888888888888888888889999111999999988888888888888888888888888888888888888888888888888888899998888888888888888888888888888888888888888888888888888999911111111111111111999999998888888888888888888888888888888888888888888888888889999999998888888888888
8888888888888888888888888889999991199999999988888888888888888888888888888888888888888888888888888899998888888888888888888888888888888888888888888888888888999991111111111111119999999998888888888888888888888888888888888888888888888888889999999999888888888888
8888888888888888888888888899999911199999999998888888888888888888888888888888888888888888888888888889999888888888888888888888888888888888888888888888888888999999111111111111199999998888888888888888888888888888888888888888888888888888888899999999999888888888
8888888888888888888888999999999119999999999888888888888888888888888888888888888888888888888888888889999988888888888888888888888888888888888888888888888888999991111111111111999999988888888888888888888888888888888888888888888888888888888888899991119999999888
8888888888888888888889999999999999999999888888888888888888888888888888888888888888888888888888888889999999888888888888888888888888888888888888888888888889999911111111111119999999888888888888888888888888888888888888888888888888888888888888889999111111119888
8888888888888889999999999911199999998888888888888888888888888888888888888888888888888888888888888899999999988888888888888888888888888888888888888888888899999111111111111999999988888888888888888888888888888888888888888888888888888888888888888999911111111888
8888888888888899999999999911999999888888888888888888888888888888888888888888888888888888888888888889999999998888888888888888888888888888888888888888888899991111111111119999999888888888888888888888888888888888888888888888888888888888888888888899991111111888
8888888888888999999999911999999888888888888888888888888888888888888888888888888888888888888888888889999999999988888888888888888888888888888888888888888999911111111111199999999888888888888888888888888888888888888888888888888888888888888888888889999911111888
8888888888889999991111111999998888888888888888888888888888888888888888888888888888888888888888888889999999999998888888888888888888888888888888888888889991111111111199999999999888888888888888888888888888888888888888888888888888888888888888888888999999999888
8888888999999991111111119999888888888888888888888888888888888888888888888888888888888888888888888899998888889999888888888888888888888888888888888888899911111111111999999999999888888888888888888888888888888888888888888888888888888888888888888888999999999888
8888889999999111111111999988888888888888888888888888888888888888888888888888888888888888888888888888888888888888888888888888888888888888888888888888999111111111199999999999999888888888888888888888888888888888888888888888888888888888888888888888999999998888
8888889999991111111199999888888888888888888888888888888888888888888888888888888888888888888888888888888888888888888888888888888888888888888888888899991111111199999999999999999888888888888888888888888888888888888888888888888888888888888888888888999999988888
8999999911111111111999998888888888888888888888888888888888888888888888888888888888888888888888888888888888888888888898888888888888888888888888888999911111111999999999999999999888888888888888888888888888888888888888888888888888888888888888888888999999888888
8999991111111111119999998888888888888888888888888888888888888888888888888888888888888888888888888888888888888888888899998888888888888888888888889991111111199999999999999999998888888888888888888888888888888888888888888888888888888888888888888888999988888888
9999911111111111199999988888888888888888888888888888888888888888888888888888888888888888888888888888888888888888888889999999888888888888888888899111111111999998888888899988888888888888888888888888888888888888888888888888888888888888888888888889999888888888
9911111111111111999998888888888888888888888888888888888888888888888888888888888888888888888888888888888888888888888888889999888888888888888889991111111999998888888888888888888888888888888888888888888888888888888888888888888888888888888888888888888888888888
1111111111111119999988888888888888888888888888888888888888888888888888888888888888888888888888888888888888888888888888888899999888888889999999111111199998888888888888888888888888888888888888888888888888888888888888888888888888888888888888888888888888888888
1111111111111999999988888888888888888888888888888888888888888888888888888888888888888888888888888888888888888888888888888888999889999999999991111111999988888888888888888888888888888888888888888888888888888888888888888888888888888888888888888888888888888888
1111111111119999999888888888888888888888888888888888888888888888888888888888888888888888888888888888888888888888888888888888999999999999991111111119999888888888888888888888888888888888888888888888888888888888888888888888888888888888888888888888888888888888
1111111111999999998888888888888888888888888888888888888888888888888888888888888889888888888888888888888888888888888888888888888999999111111111111199999888888888888888888888888888888888998888888888888888888888888888888888888888888888888888888888888888888888
1111111111999999998888888888888888888888888888888888888888888888888888888888899998888888888888888888888888888888888888888888888899999111111111111199998888888888888888888888888888888888898888888888888888888888888888888888888888888888888888888888888888888888
1111111119999999998888888888888888888888888888888888888888888888888888888888899998888888888888888888888888888888888888888888888889999111111111111999998888888888888888888888888888888888888888888888888888888888888888888888888888888888888888888888888888888888
1111111111999999998888888888888888888888888888888888888888888888888888888888899988888888888888888888888888888888888888888888888888999991111111119999988888888888888888888888888888888888888888888888888888888888888888888888888888888888888888888888888888888888
1111111111119999998888888888888888888888888888888888888888888888888888888888899888888888888888888888888888888888888888888888888888899999111111119999988888888888888888888888888888888888888888888888888888888888888888888888888888888888888888888888888888888888
1111111111111999998888888888888888888888888888888888888888888888888888888888998888888888888888888888888888888888888888888888888888888999911111119999988888888888888888888888888888888888888888888999888888888888888888888888888888888888888888888888888888888888
1111111111111199999888888888888888888888888888888888888888888888888888888888888888888888888888888888888888888888888888888888888888888889999111111999988888888888888888888888888888888888888888888999988888888888888888888888888888888888888888888888888888888888
9911111111111119999888888888888888888888888888888888888888888888888888888888998888888888888888888888888888888888888888888888888888888889999911111999988888888888888888888888888888888888888888888899999988888888888888888888888888888888888888888888888888888888
9991111111111111199998888888888888888888888888888888888888888888888888888888988888888888888888888888888888888888888888888888888888888888999911111999988888888888888888888888888888888888888888888899999988888888888888888888888888888888888888888888888888889999
9991111111111111119998888888888888888888888888888888888888888888888888888888888888888888888888888888888888888888888888888888888888888888899991111199988888888888888888888888888888888888888888888888999998888888888888888888888888888888888888888888888888881199
9999111111111111111999888888888888888888888888888888888888888888888888888888888888888888888888888888888888888888888888888888888888888888899991111119988888888888888888888888888888888888888888888888999999999888888888888888888888888888888888888888888888889999
9999911111111111111199988888888888888888888888888888888888888888888888888888888888888888888888888888888888888888888888888888888888888888899999111119999888888888888888888888888888888888888888888888888899999988888888888888888888888888888888888888888888889999
9999911111111111111199998888888888888888888888888888888888888888888888888888888888888888888888888888888888888888888888888888888888888888899999911111999988888888888888888888888888888888888888888888888899999999999999888888888888888888888888888888888888889988
9999111111111111111119998888888888888888888888888888888888888888888888888888888888888888888888888888888888888888888888888888888888888888899999911111199988888888888888888888888888888888888888888888888889999999999999999888888888888888888888888888888888888888
9999111111111111111119998888888888888888888888888888888888888888888888888888888888888888888888888888888888888888888888888888888888888888899999111111119998888888888888888888888888888888888888888888888888899999999999999888888888888888888888888888888888888888
9991111199999999999999999888898888888888888888888888888888888888888888888888888888888888888888888888888888888888888888888888888888888888899991111111111999988888888888888888888888888888888888888888888888899999111999999888888888888888888888888888888888888888
9911111999999999999999999111999888888888888888888888888888888888888888888888888888888888888888888888888888888888888888888888888888888888999991111111111199998888888888888888888888888888888888888888888888899991111999998888888888888888888888888888888888888888
9111999999999999988888899111999999988888888888888888888888888888888888888888888888888888888888888888888888888888888888888888888888888888999911111111111111199888888888888888888888888888888888888888888888899911111999988888888888888888888888888888888888888888
9199999999888888888888889999999999988888888888888888888888888888888888888888888888888888888888888888888888888888888888888888888888888889999911111199911111111199888888888888888888888888888888888888888888899111119999988888888888888888888888888888888888888888
1999999998888888888888888889999999999888888888888888888888888888888888888888888888888888888888888888888888888888888888888888888888888899999111119999999911111119988888888888888888888888888888888888888888891111119999988888888888888888888888888888888888888888
