8888888888888888888888888888888888888888888888888888888888899999999888888888888888888888888888888888888888888888888888888888888888888888888888888888888888888888888888899999999999999988888888888888888888888888888888888888888888888888888888888888888889999999
8888888888888888888888888888888888888888888888888888888888888999999888888888888888888888888888888888888888888888888888888888888888888888888888888888888888888888888888888888888911119888888888888888888888888888888888888888888888888888888888888888888889999999
8888888888888888888888888888888888888888888888888888888888888899999998888888888888888888888888888888888888888888888888888888888888888888888888888888888888888888888888888888888911119999888888888888888888888888888888888888888888888888888888888888888889999999
8888888888888888888888888888888888888888888888888888888888888889999998888888888888888888888888888888888888888888888888888888888888888888888888888888888888888888888888888888888111119999888888888888888888888888888888888888888888888888888888888888888888999999
8888888888888888888888888888888888888888888888888888888888888889999998888888888888888888888888888888888888888888888888888888888888888888888888888888888888888888888888888888891111199999888888888888888888888888888888888888888888888888888888888888888888889999
8888888888888888888888888888888888888888888888888888888888888888899999888888888888888888888888888888888888888888888888888888888888888888888888888888888888888888888888888888911111999998888888888888888888888888888888888888888888888888888888888888888888888899
8888888888888888888888888888888888888888888888888888888888888888889999988888888888888888888888888888888888888888888888888888888888888888888888888888888888888888888888888999111119999998888888888888888888888888888888888888888888888888888888888888888888888899
8888888888888888888888888888888888888888888888888888888888888888889999998888888888888888888888888888888888888888888888888888888888888888888888888888888888888888888888889991111199998888888888888888888888888888888888888888888888888888888888888888888888888899
8888888888888888888888888888888888888888888888888888888888888888889999999888888888888888888888888888888888888888888888888888888888888888888888888888888888888888888888899911111999988888888888888888888888888888888888888888888888888888888888888888888888888899
8888888888888888888888888888888888888888888888888888888888888888888999999998888888888888888888888888888888888888888888888888888888888888888888888898888888888888888889999111111999988888888888888888888888888888888888888888888888888888888888888888888888888899
8888888899888888888888888888888888888888888888888888888888888888889999111999888888888888888888888888888888888888888888888888888888888888888888888888988888888888888899991111119999988888888888888888888888888888888888888888888888888888888888888888888888888899
8888888888888988888888888888888888888888888888888888888888888888889991111199988888888888888888888888888888888888888888888888888888888888888888888888988888888888899999111119999999988888888888888888888888888888888888888888888888888888888888888888888888888999
8888888888888888888888888888888888888888888888888888888888888888899991111111988888888888888888888888888888888888888888888888888888888888888888888888999888888899999999111999999999888888888888888888888888888888888888888888888888888888888888888888888888888999
8888888888888888888888888888888888888888888888888888888888888888999911111111998888888888888888888888888888888888888888888888888888888888888888888888899999999991999999999999999999888888888888888888888888888888888888888888888888888888888888888888888888899999
8888888888888888888888888888888888888888888888888888888888888889999111111999988888888888888888888888888888888888888888888888888888888888888888888888889999991111199999999999999999888888888888888888888888888888888888888888888888888888888888888888888888899999
8888888888888888888888888888888888888888888888888888888888888889991111199999888888888888888888888888888888888888888888888888888888888888888888888888899999111111199999999988888888888888999888888888888888888888888888888888888888888888888888888888888888999999
8888888888888888888888888888888888888888888888888888888888888899111199999998888888888888888888888888888888888888888888888888888888888888888888888888999999111111999999998888888888888888999888888888888888888888888888888888888888888888888888888888888999999991
8888888888888888888888888888888888888888888888888888888888888999111999999998888888888888888888888888888888888888888888888888888888888888888888888889999991111119999999988888888888888888899888888888888888888888888888888888888888888888888888888888889999999999
8888888888888888888888888888888888888888888888888888888888899999999998888888888888888888888888888888888888888888888888888888888888888888888888888899999999919999998888888888888888888888888888888888888888888888888888888888888888888888888888888888889999911199
8888888888888888888888888888888888888888888888888888888888991199999888888888888888888888888888888888888888888888888888888888888888888888888888888999911199999999888888888888888888888888888888888888888888888888888888888888888888888888888888888888999999111199
8888888888888888888888888888888888888888888888888888889999111199988888888888888888888888888888888888888888888888888888888888888888888888888888899999911999998888888888888888888888888888888888888888888888888888888888888888888888888888888888888889999999999999
8888888888888888888888888888888888888888888888998999999911119998888888888888888888888888888888888888888888888888888888888888888888888888888899999999999999888888888888888888888888888888888888888888888888888888888888888888888888888888888888888888999999999999
8888888888888888888888888888888888888888888888999999999111199988888888888888888888888888888888888888888888888888888888888888888888888888889999999999999998888888888888888888888888888888888888888888888888888888888888888888888888888888888888888888889999999888
8888888888888888888888888888888888888888888888899999991111999888888888888888888888888888888888888888888888888888888888888888888888888888999999999999998888888888888888888888888888888888888888888888888888888888888888888888888888888888888888888888888888888888
8888888888888888888888888888888888888888888888889999991119999888888888888888888888888888888888888888888888888888888888888888888888888889999999999999988888888888888888888888888888888888888888888888888888888888888888888888888888888888888888888888888888888888
8888888888888888888888888888888888888888888888889999991199888888888888888888888888888888888888888888888888888888888888888888888888899999999999999998888888888888888888888888888888888888888888888888888888888888888888888888888888888888888888888888888888888888
8888888888888888888888888888888888888888888888888999999998888888888888888888888888888888888888888888888888888888888888999999999999911119999998888998888888888888888888888888888888888888888888888888888888888888888888888888888888888888888899998888888888888888
8888888888888888888888888888888888888888888888888999999998888888888888888888888888888888888888888888888888888888888888999999999991111199999988888888888888888888888888888888888888888888888888888888888888889988888888888888888888888888888999998888888888888888
8888888888888888888888888888888888888888888888888899999988888888888888888888888888888888888888888888888888888888888888888999991111111199999888888888888888888888888888888888888888888888888888888888888888889999888888888888888888888888888999998888888888888888
8888888888888888888888888888888888888888888888888899999988888888888888888888888888888888888888888888888888888888888888888999999111111999998888888888888888888888888888888888888888888888888888888888888888889999888888888888888888888888888998888888888888888888
8888888888888888888888888888888888888888888888888899999988888888888888888888888888888888888888888888888888888888888888888889999911199999888888888888888888888888888888888888888888888888888888888888888888888999888888888888888888888888888888888888888888888888
8888888888888888888888888888888888888888888888888911199988888888888888888888888888888888888888888888888888888888888888888888899999999888888888888888888888888888888888888888888888888888888888888888888888888888888888888888888888888888888888888888888888888888
9888888888888888888888888888888888888888888888888911199988888888888888888888888888888888888888888888888888888888888888888888889999998888888888888888888888888888888888888888888888888888888888888888888888888888888888888888888888888888888888888888888888888888
9888888888888888888888888888888888888888888888899111199988888888888888888888888888888888888888888888888888888888888888888888888999988888888888888888888888888888888888888888888888888888888888888888888888888888888889988888888888888888888888888888888888888888
9888888888888888888888888888888888888888888888991111199998888888888888888888888888888888888888888888888888888888888888888888888999888888888888888888888888888888888888888888888888888888888888888888888888888888888999998888888888899988888888888888888888888888
9888888888888888888888888888888888888888888889911111119998888888888888888888888888888888888888888888888888888888888888888888888888888888888888888888888888888888888888888888888888888888888888888888888888888888888999999989999999999998888888888888888888888888
9888888888888888888888888888888888888888889999911111111999888888888888888888888888888888888888888888888888888888888888888888888888888888888888888888888888888888888888888888888888888888888888888888888888888888888899991999999999999998888888888888888888888888
9999888888888888888888888888888888888888999999999999999999988888888888888888888888888888888888888888888888888888888888888888889998888888888888888888888888888888888888888888888888888888888888888888888888888888888899911119999999999998888888888888888888888888
8999888888888888888888888888888888899999999999999999999999999888888888888888888888888888888888888888888888888888888888888888889998888888888888888888888888888888888888888888888888888888888888888888888888888888888899991111999999999998888888888888888888888888
8999888888888888888888888888888888999999998888888888999999999999988888888888888888888888888888888888888888888888888888888888889998888888888888888888888888888888888888888888888888888888888888888888888888888888888899991111119999999999998888888888888888888888
8999988888888888888888888888889999988888888888888888899999999999998888888888888888888888888888888888888888888888888888888888889999888888888888888888888888888888888888888888888888888888888888888888888888888888888999999111111111119999999888888888888888888888
8999999999888888888888888888889999888888888888888888888999999999999988888888888888888888888888888888888888888888888888888888999999888888888888888888888888888888888888888888888888888888888888888888888888888888888999999111111111111119999988888888888888888888
8888999999999998888888888888988888888888888888888888888888889999911998888888888888888888888888888888888888888888888888888899999999888888888888888888888888888888888888888888888888888888888888888888888888888888889999111111111111111111999988888888888888888888
8888899999999999998899999888888888888888888888888888888888888999911119989888888888888888888888888888888888888888888888888999999998888888888888888888888888888888888888888888888888888888888888888888888888888888899991111111111111111111199988888888888888888888
8888888999999999999998888888888888888888888888888888888888888899999111199988888888888888888888888888888888888888888888888999999999888888888888888888888888888888888888888888888888888888888888888888888888888888991111111111111111111111199888888888888888888888
8888888888999999999888888888888888888888888888888888888888888888999911119999988888888888888888888888888888888888888888889999919999888888888888888888888888888888888888888888888888888888888888888888888888888899911111111111111111119999999888888888888888888888
8888888888888888888888888888888888888888888888888888888888888888999991111999998888888888888888888888888888888888888888899991111999998888888888888888888888888888888888888888888888888888888888888888888888888899111111111111111111999999998888888888888888888888
8888888888888888888888888888888888888888888888888888888888888888889999111111119999888888888888888888888888888888889889999111111999999888888888888888888888888888888888888888888888888888888888888888888888888999111111111111199999999999988888888888888888888888
8888888888888888888888888888888888888888888888888888888888888888888999991111111999999888888888888888888888888888899999911119999999999988888888888888888888888888888888888888888888888888888888888888888888888999911111111119999999999988888888888888888888888888
8888888888888888888888888888888888888888888888888888888888888888888889999911111119999998888888888888888888888889999999111199999999999988888888888888888888888888888888888888888888888888888888888888888888888899999111111199999999988888888888888888888888888888
8888888888888888888888888888888888888888888888888888888888888888888889999991111111999999998888888888888888888999999999999999999999998888888888888888888888888888888888888888888888888888888888888888888888888899999911111999999988888888888888888888888888888888
8888888888888888888888888888888888888888888888888888888888888888888888899999911111111999999888888888889999999999999999999988888888888888888888888888888888888888888888888888888888888888888888888888888888888889999911119999999888888888888888888888888888888888
8888888888888888888888888888888888888888888888888888888888888888888888888999991111111119999988888888999999999999999999988888888888888888888888888888888888888888888888888888888888888888888888888888888888888888999111119999888888888888888888888888888888888888
8888888888888888888888888888888888888888888888888888888888888888888888888899999111111111999999999999991199911199999998888888888888888888888888888888888888888888888888888888888888888888888888888888888888888888999111199998888888888888888888888888888888888888
8888889888888888888888888888888888888888888888888888888888888888888888888899999911111111199999999991111111911999999888888888888888888888888888888888888888888888888888888888888888888888888888888888888888888888999119999988888888888888888888888888888888888888
8999999988888888888888888888888888888888888888888888888888888888888888888889999991111111111199999111111119999999988888888888888888888888888888888888888888888888888888888888888888888888888888888888888888888888999999999888888888888888888888888888888888888888
8999999988888888888888888888888888888888888888888888888888888888888888888888999999111111111111111111111199999999888888888888888888888888888888888888899888888888888888888888888888888888888888888888888888888888999999988888888888888888888888888888888888888888
8119999998888888888888888888888888888888888888888888888888888888888888888888899999911111111111111111119999999998888888888888888888888888888888888889999998888888888888888888888888888888888888888888888888888888999999988888888888888888888888888888888888888888
8111999998888888888888888888888888888888888888888888888888888888888888888888889999991111111111111111999999998888888888888888888888888888888888888888899999888888888888888888888888888888888888888888888888888889999999888888888888888888888888888888888888888888
1111199999888888888888888888888888888888888888888888888888888888888888888888888999991111111111111199999999988888888888888888888888888888888888888888889999999888888888888888888888888888888888888888888888888889999999888888888888888888888888888888888888888888
9999911199988888888888888888888888888888888888888888888888888888888888888888888999999111111111111999999998888888888888888888888888888888888888888888888999999999888888888888888888888888888888888888888888888999999998888888888888888888888888888888888888888888
9999991199988888888888888888888888888888888888888888888888888888888888888888888999991111111111119999999988888888888888888888888888888888888888888888888888889998888888888888888888888888888888888888888888888999999998888888888888888888888888888888888888888888
9999999999999888888888888888888888888888888888888888888888888888888888888888888999911111111111199999999888888888888888888888888888888888888888888888888888889999999888888888888888888888888888888888888888899999999988888888888888888888888888888888888888888888
8889999999999999988888888888888888888888888888888888888888888888888888888888888999111111111111199999998888888888888888888888888888888888888888888888888888888889999988888888888888888888888888888888888888999999988888888888888888888888888888888888888888888888
8888889999999999998888888888888888888888888888888888888888888888888888888888889991111111111111199999988888888888888888888888888888888888888888888888888888888889999988888888888888888888888888888888888888999999988888888888888888888888888888888888888888888888
8888888888889999999888888888888888888888888888888888888888888888888888888888899991111111111111199999988888888888888888888888888888888888888888888888888888888888999998888888888888888888888888888888888889999998888888888888888888888888888888888888888888888888
8888888888888999999988888888888888888888888888888888888888888888888888888888999911111199911111199999988888888888888888888888888888888888888888888888888888888888888888888888888888888888888888888888888999999988888888888888888888888888888888888888888888888888
8888888888888899999988888888888888888888888888888888888888888888888888888889999111199999999111119999988888888888888888888888888888888888888888888888888888888888888888888888888888888888888888888888891199998888888888888888888888888888888888888888888888888888
8888888888888888999999988888888888888888888888888888888888888888888888888899999119999999999999999999988888888888888888888888888888888888888888888888888888888888888888888888888888888888888888888899991199988888888888888888888888888888888888888888888888888888
8888888888888888888999998888888888888888888888888888888888888888888888888999999999999999999999999999998888888888888888888888888888888888888888888888888888888888888888888888888888898888888888899991999999988888888888888888888888888888888888888888888888888888
8888888888888888888899999888888888888888888888888888888888888888888888889999999999998888888999999999998888888888888888888888888888888888888888888888888888888888888888888888888888999999999999999111199999888888888888888888888888888888888888888888888888888888
8888888888888888888889999988888888888888888888888888888888888888888888899999999998888888888889999999999888888888888888888888888888888888888888888888888888888888888888888888888888999999999999991111199998888888888888888888888888888888888888888888888888888888
8888888888888888888888999998888888888888888888888888888888888888888888999911999998888888888888899999999988888888888888888888888888888888888888888888888888888888888888888888888888888899999991111111999888888888888888888888888888888888888888888888888888888888
8888888888888888888888889999988888888888888888888888888888888888888899991119998888888888888888888999999998888888888888888888888888888888888888888888888888888888888888888888888888888888999991111119999888888888888888888888888888888888888888888888888888888888
8888888888888888888888888899999888888888888888888888888888888888888999991999888888888888888888888889999999988888888888888888888888888888888888888888888888888888888888888888888888888888899991111119999888888888888888888888888888888888888888888888888888888888
8888888888888888888888888889999988888888888888888888888888888888888999999888888888888888888888888888899999998888888888888888888888888888888888888888888888888888888888888888888888888888888891111119999888888888888888888888888888888888888888888888888888888888
8888888888888888888888888888999998888888888888888888888888888888889999988888888888888888888888888888888999999888888888888888888888888888888888888888888888888888888888888888888888888888888888911119998888888888888888888888888888888888888888888888888888888888
8888888888888888888888888888889999988888888888888888888888888888899999888888888888888888888888888888888899999988888888888888888888888888888888888888888888888888888888888888888888888888888888899199998888888888888888888888888888888888888888888888888888888888
8888888888888888888888888888888889998888888888888888888888888999999998888888888888888888888888888888888888999999888888888888888888888888888888888888888888888888888888888888888888888888888888889999998888888888888888888888888888888888888888888888888888888888
8888888888888888888888888888888889999988888888888888888888888999888888888888888888888888888888888888888888899999988888888888888888888888888888888888888888888888888888888888888888888888888888889999998888888888888888888888888888888888888888888888888888888888
8888888888888888888888888888888889999998988888888888888888899999888888888888888888888888888888888888888888888999999988888888888888888888888888888888888888888888888888888888888888888888888888889999998888888888888888888888888888888888888888888888888888888888
8888888888888888888888888888888888899999999988888888888899999999888888888888888888888888888888888888888888888999999998888888888888888888888888888888888888888888888888888888888888888888888888889999999888888888888888888888888888888888888888888888888888888888
8888888888888888888888888888888888888999999999888888888999999998888888888888888888888888888888888888888888888899999999998888888888888888888888888888888888888888888888888888888888888888888888889999999999888888888888888888888888888888888888888888888888888888
8888888888888888888888888888888888888999999999999999999999999988888888888888888888888888888888888888888888888888999999999999998888888888888888888888888888888888888888888888888888888888888888899999999999988888888888888888888888888888888888888888888888888888
8888888888888888888888888888888888888888999999999999999999999888888888888888888888888888888888888888888888888888889999999999999888888888888888888888888888888888888888888888888888888888888888999999199999988888888888888888888888888888888888888888888888888888
8888888888888888888888888888888888888888899999999999999999988888888888888888888888888888888888888888888888888888889999999999999999888888888888888888888888888888888888888888888888888888888889999991119999998888888888888888888888888888888888888888888888888888
8888888888888888888888888888888888888888899999919999999998888888888888888888888888888888888888888888888888888888889991111999999999888888888888888888888888888888888888888888888888888888888899999911119999998888888888888888888888888888888888888888888888888888
8888888888888888888888888888888888888888899999911119999998888888888888888888888888888888888888888888888888888888889999111199999999888888888888888888888888888888888888888888888888888888899999999111111999998888888888888888888888888888888888888888888888888888
8888888888888888888888888888888888888888899999911119999998888888888888888888888888888888888888888888888888888888899999111119999998888888888888888888888888888888888888888888888888888888999999991111111999998888888888888888888888888888888888888888888888888888
8888888888888888888888888888888888888888899999999999999998888888888888888888888888888888888888888888888888888888899991111199999988888888888888888888888888888888888888888888888888888899999999111111111199999888888888888888888888888888888888888888888888888888
8888888888888888888888888888888888888888899999999999999998888888888888888888888888888888888888888888888888888889999911199999999888888888888888888888888888888888888888888888888888888999999911111111111119999988888888888888888888888888888888888888888888888888
8888888888888888888888888888888888888888899999999999999998888888888888888888888888888888888888888888888888888889999999999999988888888888888888888888888898888888888888888888888888899999911111111111111111199998888888888888888888888888888888888888888888888888
8888888888888888888888888888888888888888899999999999999998888888888888888888888888888888888888888888888888888999999999999988888888888888888888888888888899999988888888888888888888889999111111111111111111119999988888888888888888888888888888888888888888888888
8888888888888888888888888888888888888888898999999999999999888888888888888888888888888888888888888888888888889999999999988888888888888888888888888888888889999991998888888888888888888999991111111111111111111999999988888888888888888888888888888888888888888888
8888888888888888888888888888888888888888888888999999988999988888888888888888888888888888888888888888888888899999999999888888888888888888888888888888888888899991199999988888888888888889999999999111111111111119999999988888888888888888888888888888888888888888
8888888888888888888888888888888888888888888888888888888899988888888888888888888888888888888888888888888888999999999888888888888888888888888888888888888888899999999999988888888888888888999999999999111111111111199999999988888888888888888888888888888888888888
8888888888888888888888888888888888888888888888888888888888988898888888888888888888888888888888888888888899999999998888888888888888888888888888888888888888889999999999988888888888888888888888999999991111111111119999999998888888888888888888888888888888888889
8888888888888888888888888888888888888888888888888888888888888899888888888888888888888888888888888888888999999988888888888888888888888888888888888888888888888999999988888888888888888888888888889999999911111111111119999999988888888888888888888888888888888889
8888888888888888888888888888888888888888888888888888888888888888888888888888888888888888888888888888899911999888888888888888888888888888888888888888888888888999998888888888888888888888888888888888899999999911111111119999999988888888888888888888888888888999
8888888888888888888888888888888888888888888888888888888888888888888899988888888888888888888888888999999119998888888888888888888888888888888888888888888888888899988888888888888888888888888888888888889999999999111111111999999999998888888888888888888889999999
8888888888888888888888888888888888888888888888888888888888888888888888888888888888888888888888899999991199988888888888888888888888888888888888888888888888888899988888888888888888888888888888888888888899999999911111111199999999999888888888888888888999991119
9998888888888888888888888888888888888888888888888888888888888888888888888888888888888888888889999999911999988888888888888888888888888888888888888888888888888899988888888888888888888888888888888888888888999999991111111111119999999999888888888888999999111199
9998888888888888888888888888888888888888888888888888888888888888888888888889988888888888888999999991199999888888888888888888888888888888888888888888888888888899888888888888888888888888888888888888888888888999999911111111111111999999998888888889111111199999
9998888888888888888888888888888888888888888888888888888888888888888888888888999999999999999999999111999988888888888888888888888888888888888888888888888888888999888888888888888888888888888888888888888888888889999999111111111111119999999999999991111111999999
9999999988888888888888888888888888888888888888888888888888888888888888888888899999999999999999911111999888888888888888888888888888888888888888888888888888888999888888888888888888888888888888888888888888888888899999911111111111111111111111999999999999999999
1199999998888888888888888888888888888888888888888888888888888888888888888888889999999999999991111119999888888888888888888888888888888888888888888888888888888888888888888888888888888888888888888888888888888888889999999111111111111111111111199999999999999988
1119999999888888888888888888888888888888888888888888888888888888888888888888888899999999991111111199998888888888888888888888888888888888888888888888888888888888888888888888888888888888888888888888888888888888888999999991111111111111111111999999999999999988
1111199999988888888888888888888888888888888888888888888888888888888888888888888888999999991111111999988888888888888888888888888888888888888888888888888888888888888888888888888888888888888888888888888888888888888889999999111111111111111999999998888999999988
9991119999988888888888888888888888888888888888888888888888888888888888888888888888899999991111119999888888888888888888888888888888888888888888888888888888888888888888888888888888888888888888888888888888888888888889999999911111111111199999998888888888888888
9999111999998888888888888888888888888888888888888888888888888888888888888888888888889999991111199998888888888888888888888888888888888888888888888888888888888888888888888888888888888888888888888888888888888888888888999999911111119999999998888888888888888888
9999111199998888888888888888888888888888888888888888888888888888888888888888888888889999991111999998888888888888888888888888888888888888888888888888888888888888888888888888888888888888888888888888888888888888888888899999911111199999999888888888888888888888
9999111119998888888888888888888888888888888888888888888888888888888888888888888888889999991111999998888888888888888888888888888888888888888888888888888888888888888888888888888888888888888888888888888888888888888888899999911111999999988888888888888888888888
8899111119999888888888888888888888888888888888888888888888888888888888888888888888889999911111999998888888888888888888888888888888888888888888888888888888888888888888888888888888888888888888888888888888888888888888899991111119999988888888888888888888888888
8899911119999988888888888888888888888888888888888888888888888888888888888888888888899999111111999998888888888888888888888888888888888888888888888888888888888888888888888888888888888888888888888888888888888888888888889991111999999888888888888888888888888888
8899991119999988888888888888888888888888888888888888888888888888888888888888888888999999111111199998888888888888888888888888888888888888888888888888888888888888888888888888888888888888888888888888888888888888888888899991111999999888888888888888888888888888
8899991111999998888888888888888888888888888888888888888888888888888888888888888889999999111111199998888888888888888888888888888888888888888888888888888888888888888888888888888888888888888888888888888888888888888888999991119999998888888888888888888888888888
8899991111199999888888888888888888888888888888888888888888888888888888888888888899999999999111119998888888888888888888888888888888888888888888888888888888888888888888888888888888888888888888888888888888888888888888999911119999998888888888888888888888888888
9999911111199999998888888888888888888888888888888888888888888888888888888888888999999999999999119999988888888888888888888888888888888888888888888888888888888888888888888888888888888888888888888888888888888888888899999111119999998888888888888888888888888888
9999111111119999999888888888888888888888888888888888888888888888888888888888889999999999999999999999998888888888888888888888888888888888888888888888888888888888888888888888888888888888888888888888888888888888888899991111119999999888888888888888888888888888
9911111111111199999988888888888888888888888888888888888888888888888888899999999999999988888899999999999888888888888888888888888888888888888888888888888888888888888888888888888888888888888888888888888888888888888999911111999999999988888888888888888888888888
9911111111111119999999988888888888888888888888888888888888888888888888999999999999888888888888999999999988888888888888888888888888888888888888888888888888888888888888888888888888888888888888888888888888888888899999911199999999999998888888888888888888888888
9999999991111111999999988888888888888888888888888888888888888888888889999999999888888888888888889999999988888888888888888888888888888888888888888888888888888888888888888888888888888888888888888888888888888888999991111999999999999999998888888888888888888888
9999999999911111119999999988888888888888888888888888888888888888889999999999888888888888888888888899999999888888888888888888888888888888888888888888888888888888888888888888888888888888888888888888888888888889999111119999999999999999998888888888888888888888
9999999999999111111199999999888888888888888888888888888888888888899999999999888888888888888888888889999999888888888888888888888888888888888888888888888888888888888888888888888888888888888888888888888888888899991111199998888888888888888888888888888888888888
8888899999999999111111119999998888888888888888888888888888888999999999999988888888888888888888888888999999988888888888888888888888888888888888888888888888888888888888888888888888888888888888888888888888889999911111998998888888888888888888899888888888888888
8888888888999999991111111999999999999888888888888888888888899111111999999988888888888888888888888888999999998888888888888888888888888888888888888888888888888888888888888888888888888888888888888888888888899999911199888888888888888888888888899988888888888888
8888888888898999999911111111111999999988888888888888888889111111111999999988888888888888888888888888999991199988888888888888888888888888888888888888888888988888888888888888888888888888888888888888888888899911999998888888888888888888888888888999888888888888
8888888888888899999991111111111111999998888888888888999999111111111999999988888888888888888888888888999991119999888888888888888888888888888888888888888888998888888888888888888888888888888888888888888889991111999998888888888888888888888888888889999998888888
8888888888888889999999911111111111111119999999999999999999911111199999999988888888888888888888888888999991119999988888888888888888888888888888888888888889998888888888888888888888888888888888888888888899911119999988888888888888888888888888888888999998888888
8888888888888888889999999111111111111111119999999999988888999999999999999988888888888888888888888888999991111999999988888888888888888888888888888888888899998888888888888888888888888888888888888888888999111199999988888888888888888888888888888888899999888888
8888888888888888888889999911111111111111199999988888888888889999999999999988888888888888888888888889999911111199999998888888888888888888888888888888889999999888888888888888888888888888888888888888889911111999988888888888888888888888888888888888899999988888
8888888888888888888888899991111111111199999999888888888888888888999999999998888888888888888888888899999911111119999999888888888888888888888888888888889999111988888888888888888888888888888888888888999111199999988888888888888888888888888888888888888999998888
8888888888888888888888899999111111111999999998888888888888888888889999999999998888888888888888888899999911111111999999998888888888888888888888888888899991111988888888888888888888888888888888888889911111999998888888888888888888888888888888888888888899999988
8888888888888888888888888999911111199999988888888888888888888888888889888888888889988888888888888899999999111111111199999998888888888888888888888999999911111988888888888888888888888888888888888811111199999888888888888888888888888888888888888888888889999988
8888888888888888888888888999911111999999888888888888888888888888888888888888888888988888888888888889999999991111111119999999999888888888888888889999999998888888888888888888888888888888888888881111111999999888888888888888888888888888888888888888888888999998
8888888888888888888888888899911119999998888888888888888888888888888888888888888888888888888888888889999999991111111111199999999998888888888888999999999998888888888888888888888888888888888888811111119999988888888888888888888888888888888888888888888888889999
8888888888888888888888888889911199999888888888888888888888888888888888888888888888888888888888888888889999999911111111119999999999998888889999999999999988888888888888888899888888888888888899911111199999988888888888888888888888888888888888888888888888888999
8888888888888888888888888889999999988888888888888888888888888888888888888888888888888888888888888888888899999991111111111111999999999999999999999988888888888888888888888899888888888888999999991111999999988888888888888888888888888888888888888888888888888999
8888888888888888888888888889999999888888888888888888888888888888888888888888888888888888888888888888888889999999911111111111199999999999999999988888888888888888888888888888888888888888999999999999999999988888888888888888888888888888888888888888888888888899
8888888888888888888888888889999988888888888888888888888888888888888888888888888888888888888888888888888888999999999111111111119991111119999888888888888888888888888888888888888888888888889999999999999999998888888888888888888888888888888888888888888888888889
8888888888888888888888888888999888888888888888888888888888888888888888888888888888888888888888888888888888888899999911111111111111111119998888888888888888888888888888888888888888888888888888999999888999998888888888888888888888888888888888888888888888888888
8888888888888888888888888888998888888888888888888888888888888888888888888888888888888888888888888888888888888889999999111111111111111199998888888888888888888888888888888888888888888888888888888888888889988888888888888888888888888888888888888888888888888888
8888888888888888888888888889998888888888888888888888888888888888888888888888888888888888888888888888888888888888999999111111111111119999998888888888888888888888888888888888888888888888888888888888888888888888888888888888888888888888888888888888888888888888
8888888888888888888888888899988888888888888888888888888888888888888888888888888888888888888888888888888888888888899999911111111111119988888888888888888888888888888888888888888888888888888888888888888888888888888888888888888888888888888888888888888888888888
8888888888888888888888888999988888888888888888888888888888888888888888888888888888888888888888888888888888888888889999991111111111199988888888888888888888888888888888888888888888888888888888888888888888888888888888888888888888888888888888888888888888888888
8888888888888888888888889999988888888888888888888888888888888888888888888888888888888888888888888888888888888888888999999111111111999988888888888888888888888888888888888888888888888888888888888888888888888888888888888888888888888888888888888888888888888888
8888888888888888888888899999988888888888888888888888888888888888888888888888888888888888888888888888888888888888888899999911111111999988888888888888888888888888888888888888888888888888888888888888888888888888888888888888888888888888888888888888888888888889
8888888888888888888888999999888888888888888888888888888888888888888888888888888888888888888888888888888888888888888889999991111111199998888888888888888888888888888888888888888888888888888888888888888888888888888888888888888888888888888888888888888888888899
8888888888888888888889999998888888888888888888888888888888888888888888888888888888888888888888888888888888888888888889999991111111119988888888888888888888888888888888888888888888888888888888888888888888888888888888888888888888888888888888888888888888889999
8888888888888888888899988888888888888888888888888888888888888888888888888888888888888888888888888888888888888888888889999991111111111988888888888888888888888888888888888888888888888888888888888888888888888888888888888888888888888888888888888888888888899999
8888888888888888889999888888888888888888888888888888888888888888888888888888888888888888888888888888888888888888888889999911111111119998888888888888888888888888888888888888888888888888888888888888888888888888888888888888888888888888888888888888888899999999
8888888888888888899998888888888888888888888888888888888888888888888888888888888888888888888888888888888888888888888889999111111199999999988888888888888888888888888888888888888888888888888888888888888888888888888888888888888888888888888888888888888999999998
8888888888888888999888888888888888888888888888888888888888888888888888888888888888888888888888888888888888888888888889999111119999999999999888888888888888888888888888888888888888888888888888888888888888888888888888888888888888888888888888888888889999999998
8888888888999999999888888888888888888888888888888888888888888888888888888888888888888888888888888888888888888888888889991111199999999999999999888888888888888888888888888888888888888888888888888888888888888888888888888888888888888888888888888888899999888888
8888888899999999999888888888888888888888888888888888888888888888888888888888888888888888888888888888888888888888888899991119999999999888888999988888888888888888888888888888998888888888888888888888888888888888888888888888888888888888888888888889999998888888
8888888999999999999888888888888888888888888888888888888888888888888888888888888888888888888888888888888888888888888999911199999998888888888888899988888888888888888888888889988888888888888888888888888888888888888888888888888888888888888888889999998888888888
8999988889999999998888888888888888888888888888888888888888888888888888888888888888888888888888888888888888888888889999911999998888888888888888889999888888888888888888888889888888888888888888888888888888888888888888888888888888888888888888889999988888888888
8898888888888888999998888888888888888888888888888888888888888888888888888888888888888888888888888888888888888888889999999999988888888888888888888889988888888888888888888888888888888888888888888888888888888888888888888888888888888888888888899999888888888888
8888888888888888999988888888888888888888888888888888888888888888888888888888888888888888888888888888888888888888899991999988888888888888888888888889998888888888888888888888888888888888888888888888888888888888888888888888888888888889999999999998888888888888
8888888888888888899998888888888888888888888888888888888888888888888888888888888888888888888888888888888888888888899999999888888888888888888888888888888888888888888888888888888888888888888888888888888888888888888888888888888888888999999999999888888888888888
8888888888888888889999988888888888888888888888888888888888888888888888888888888888888888888888888888888888888889999999999888888888888888888888888888888888888888888898888888888888888888888888888888888888888888888888888888888888899999919999988888888888888888
8888888888888888888999888888888888888888888888888888888888888888888888888888888888888888888888888888888888888899999999998888888888888888888888888888888888888888899999888888888888888888888888888888888888888888888888888888888888899991111199988888888888888888
8888888888888888888888888888888888888888888888888888888888888888888888888888888888888888888888888888888888888999119999988888888888888888888888888888888888888889999999888888888888888888888888888888888888888888888888888888888888999911111998888888888888888888
8888888888888888888888889988888888888888888888888888888888888888888888888888888888888888888888888888888888999911119999888888888888888888888888888888888888888891111199988888888888888888888888888888888888888888888888888888888899999999119988888888888888888888
8888888888888888888888899888888888888888888888888888888888888888888888888888888888888888888888888888888899991111119998888888888888888888888888888888888888888881111111198888888888888888888888888888888888888888888888888888888999999999999888888888888888888888
8888888888888888888888898888888888888888888888888888888888888888888888888888888888888888888888888888889999911111119988888888888888888888888888888888888888888888111111119888888888888888888888888888888888888888888888888889999911111999999888888888888888888888
8888888888888888888888888888888888888888888888888888888888888888888888888888888888888888888888999999999991111111999988888888888888888888888888888888888888888888881111119988888888888888888888888888888888888888888888888999991111111999988888888888888888888888
8888888888888888888888888888888888888888888888888888888888888888888888888888888888888888888889999999999911111199998888888888888888888888888888888888888888888888888991119998888888888888888888888888888888888888888888889999111111119999888888888888888888888888
8888888888888888888888888888888888888888888888888888888888888888888888888888888888888888888899999999111111111999988888888888888888888888888888888888888888888888888899999999888888888888888888888888888888888888888888899111111111199998888888888888888888888888
8888888888888888888888888888888888888888888888888888888888888888888888888888888888888888888999999991111111199999888888888888888888888888888888888888888888888888888899999998888888888888888889998888888888888888899999991111111111999988888888888888888888888888
8888888888888888888888888888888888888888888888888888888888888888888888888888888888888888889999999111111111199998888888888888888888888888888888888888888888888888888899999988888888888888888888999889988888888899999911111111111119999888888888888888888888888888
8888888888888888888888888888888888888888998888888888888888888888888888888888888888888899999999911111111111199998888888888888888888888888888888888888888888888888888889999888888888888888888888888889999999999999999111111111111999998888888888888888888888888888
8888888888888888888888888888888888888889999888888888888888888888888888888888888888999999999991111111111111999988888888888888888888888888888888888888888888888888888899988888888888888888888888888888999999999999991111111111119999988888888888888888888888888888
8888888888888888888888888888888888888899999988888888888888888888888888888888888899999999999111111111111111999988888888888888888888888888888888888888888888888888888999888888888888888888888888888888899999999999911111111111199999988888888888888888888888888888
8888888888888888888888888888888888888899999988888888888888888888888888899999999999999991111111111111111199998888888888888888888888888888888888888888888888888888889988888888888888888888888888888888889999991111111111111111999999988888888888888888888888888888
8888888888888888888888889888888888888888988888888888888888888888889999999999999999999111111111111111111999998888888888888888888888888888888888888888888888888888888888888888888888888888888888888888888999991111111111111111999999988888888888888888888888888888
8888888888888888899999999888888888888888888888888888888888888888899999999999999111111111111111111111119999988888888888888888888888888888888888888888888888888888888888888888888888888888888888888888888889999111111111111111199999998888888888888888888888888888
8888888888888889999999999888888888888888888888888888888888998888999999999911111111111111111111111111199999888888888888888888888888888888888888888888888888888888888888888888888888888888888888888888888888999911111111111111119999998888888888888888888888888888
8888888888888999999999888888888888888888888888888888888888998888899999991111111111111111111111111111999998888888888888888888888888888888888888888888888888888888888888888888888888888888888888888888888888999991111111111111111999999888888888888888888888888888
9999888889999999999888888888888888888888888888888888888888888888899999991111111111111111111111111119999998888888888888888888888888888888888888888888888888888888888888888888888888888888888888888888888888899991111111111111111199999988888888888888888888888888
9999999999999998998888888888888888888888888888888888888888888888899999999111111111111111111111111119999998888888888888888888888888888888888888888888888888888888888888888888888888888888888888888888888888899991111111111111111119999998888888888888888888888888
9999999999999888888888888888888888888888888888888888888888888888889999999999111111111111111111111119999998888888888888888888888888888888888888888888888888888888888888888888888888888888888888888888888888899911111111111111111111199999988888888888888888888888
1119999999988888888888888888888888888888888888888888888888888888888999999999991111111111111111111111999999888888888888888888888888888888888888888888888888888888888888888888888888888888888888888888888888899911111111111111111111119999999888888888888888888888
1119999999888888888888888888888888888888888888888888888888888888888899999999999111111111111111111111199999888888888888888888888888888888888888888888888888888898888888888888888888888888888888888888888888991111111111111111111111111999999998888888888888888889
1199999998888888888888888888888888888888888888888888888888888888888889999999999911111111111111111111111999988888888888888888888888888888888888888888888888888888888888888888888888888888888888888888888889991111111119999111111111119999999999988888888888888899
9999998888888888888888888888888888888888888888888888888888888888888888899999999111111111111111111111111199998888888888888888888888888888888888888888888888888888888888888888888888888888888888888888888899999111111999999991111199999999999999999999888888888999
9999988888888888888888888888888888888888888888888888888888888888888888889999999111111111111999111111111119999988888888888888888888888888888888888888888888888888888888888888888888888888888888888888888999999999999999999999999999999999999999989998888888888999
9999888888888888888888888888888888888888888888888888888888888888888888889999991111111199999999999911111111999998888888888888888888888888888888888888888888888888888888888888888888888888888888888888888999999999999999999999999999999999999888888888888888888999
9888888888888888888888888888888888888888888888888888888888888888888888889999911111119999999999999999111111999999988888888888888888888888888888888888888888888888888888888888888888888888888888888888889999988888889999999999999999999999888888888888888888888999
9888888888888888888888888888888888888888888888888888888888888888888888889999911111999999999999999999991111111999998888888888888888888888888888888888888888888888888888888888888888888888888888888888899988888888888888888999999999999988888888888888888888888899
8888888888888888888888888888888888888888888888888888888888888888888888889999999999999999999999999999999999111111998888888888888888888888888888888888888888888888888888888888888888888888888888888889998888888888888888888888999999988888888888888888888888888888
8888888888888888888888888888888888888888888888888888888888888888888888899999999999999999999999999999999999911111999988888888888888888888888888888888888888888888888888888888888888888888888888999999888888888888888888888888889999888888888888888888888888888888
8888888888888888888888888888888888888888888888888888888888888888888888899999999999999888888888888899999999991111199999988888888888888888888888888888888888888888888888888888888888888888888888999999888888888888888888888888889999888888888888888888888888888888
8888888888888888888888888888888888888888888888888888888888888888888888999999999999998888888888888888999999999999111119999888888888888888888888888888888888888888888888888888888888888888888899999888888888888888888888888888888999888888888888888888888888888888
8888888888888888888888888888888888888888888888888888888888888888888889999999998888888888888888888888888888999999991111999988888888888888888888888888888888888888888888888888888888888888888919999888888888888888888888888888888999988888888888888888888888888888
8888888888888888888888888888888888888888888888888888888888888888889999998888888888888888888888888888888888899999999111999998888888888888888888888888888888888888888888888888888888899999999119998888888888888888888888888888888899988888888888888888888888888888
8888888888888888888888888888888888888888888888888888888888888888899999998888888888888888888888888888888888888888888999999999888888888888888888888888888888888888888888888888888888999999999999988888888888888888888888888888888889998888888888888888888888888888
8888888888888888888888888888888888888888888888888888888888888888899998888888888888888888888888888888888888888888888888999991888888888888888888888888888888888888888888888888888888999999999988888888888888888888888888888888888888998888888888888888888888888888
8888888888888888888888888888888888888888888888888888888888888888999988888888888888888888888888888888888888888888888888899991118888888888888888888888888888888888888888888888888888999999999888888888888888888888888888888888888888999888888888888888888888888888
8888888888888888888888888888888888888888888888888888888888888888999988888888888888888888888888888888888888888888888888889999999888988888888888888888888888888888888888888888888889999999998888888888888888888888888888888888888888899888888888888888888888888888
8888888888888888888888888888888888888888888888888888888888888888888888888888888888888888888888888888888888888888888888888888889999999999988888888888888888888888888888888888888889999919998888888888888888888888888888888888888888889888888888888888888888888888
8888888888888888888888888888888888888888888888888888888888888888888888888888888888888888888888888888888888888888888888888888888999999999998888888888888888888888888888888888888889999999998888888888888888888888888888888888888888888888888888888888888888888888
8888888888888888888888888888888888888888888888888888888888998888888888888888888888888888888888888888888888888888888888888888888899911199999988888888888888888888888888888888888999111999988888888888888888888888888888888888888888888899988888888888888888888888
8888888888888888888888888888888888888888888888888888888899998888888888888888888888888888888888888888888888888888888888888888888888991111199998888888888888888888888888888888899991199998888888888888888888888888888888888888888888888899988888888888888888888888
8888888888888888888888888888888888888888888888888888889999998888888888888888888888888888888888888888888888888888888888888888888888899111119999888888888888888888888888888888999111999988888888888888888888888888888888888888888888888999988888888888888888888888
8888888888888888888888888888888888888888888888888888999999998888888888888888888888888888888888888888888888888888888888888888888888889991111999999988888888888888888888889999991111999888888888888888888888888888888888888888888888888999999988888888888888888888
8888888888888888888888888888888888888888888888888888999999888888888888888888888888888888888888888888888888888888888888888888888888888999111199999999888888888888888888899999911119999888888888888888888888888888888888888888888888888888899998888888888888888888
8888888888888888888888888888888888888888888888888889999999888888888888888888888888888888888888888888888888888888888888888888888888888899911111199999999888888888889999999991111119998888888888888888888888888888888888888888888888888888889998888888888888888888
8888888888888888888888888888888888888888888888889999999988888888888888888888888888888888888888888888888888888888888888888888888888888899911111111999999988888888889999991111111199998888888888888888888888888888888888888888888888888888888999888888888888888888
8888888888888888888888888888888888888888888888999999999888888888888888888888888888888888888888888888888888888888888888888888888888888899999111111111999999999999999999111111111999998888888888888888888888888888888888888888888888888888888888998888888888888888
8888888888888888888888888888888888888888888899999999988888888888888888888888888888888888888888888888888888888888888888888888888888888899999911111111111199999999999991111111119999998888888888888888888888888888888888888888888888888888888888889888888888888888
8888888888888888888888888888888888888888888999919999988888888888888888888888888888888888888888888888888888888888888888888888888888888899999991111111111111111199111111111111199999998888888888888888888888888888888888888888888888888888888888888888888888888888
9888888888888888888888888888888888888888888991119999888888888888888888888888888888888888888888888888888888888888888888888888888888888899999991111111111111111111111111111111199999998888888888888888888888888888888888888888888888888888888888888888888888888888
9988888888888888888888888888888888888888889911199988888888888888888888888888888888888888888888888888888888888888888888888888888888888899999911111111111111111111111111111111199999998888888888888888888888888888888888888888888888888888888888888888888888888888
9998888888888888888888888888888888888899999911199988888888888888888888888888888888888888888888888888888888888888888888888888888888888899999111111111111111111111111111111111111999998888888888888888888888888888888888888888888888888888888888888888888888888888
9998888888888888888888888888888888888899999919999988888888888888888888888888888888888888888888888888888888888888888888888888888888888899991111111111111111111111111111111111111199999988888888888888888888888888888888888888888888888888888888888888888888888888
9988888888888888888888888888888888888999919999988888888888888888888888888888888888888888888888888888888888888888888888888888888888889999911111111111999999911111111111111111111119999998888888888888888888888888888888888888888888888888888888888888888888888888
8888888888888888888888888888888888999999919999988888888888888888888888888888888888888888888888888888888888888888888888888888888889999991111111199999999999999999111111111111111111199999988888888888888888888888999988888888888888888888888888888888888888888899
8888888888888888888888888888888889999999999999888888888888888888888888888888888888888888888888888888888888888888888888888888888999999911111119999999999999999999999111111111111111111999999888888888888888888888888888888888888888888888888888888888888888888899
8888888888888888888888888888999999991119999998888888888888888888888888888888888888888888888888888888888888888888888888888888889999999111111999999999999999999999999999991111111111111111999999888899999988888888888888888888888888888888888888888888888888888888
8888888888888888889999999999999911111119999988888888888888888888888888888888888888888888888888888888888888888888888888888888999999111111199999999998888888888899999999999999999991111111119999999999999999988888888888888888888888888888888888888888888888888888
8888888888888888899999999999999111111199999988888888888888888888888888888888888888888888888888888888888888888888888888888889999991111199999998888888888888888888899999999999999999991111111999999999999999998888888888888888888888888888888888888888888888888888
8888888888888888899999111111111111111199999988888888888888888888888888888888888888888888888888888888888888888888888888888899911111119999998888888888888888888888888888889999999999999911111991111111999999998888888888888888888888888888888888888888888888888888
8888888888888888899999111111111111111199999988888888888888888888888888888888888888888888888888888888888888888888888888899999111119999999988888888888888888888888888888888888899999999999999991111111199999998888888888888888888888888888888888888888888888888888
8888888888888888889999911111111111111199999988888888888888888888888888888888888888888888888888888888888888888888888889999999111199988888888888888888888888888888888888888888888888999999999991111111111999998888888888888888888888888888888888888888888888888888
8888888888888888888999991111111111111199999988888888888888888888888888888888888888888888888888888888888888888888888899991119999998888888888888888888888888888888888888888888888888889999999999999911111999999988888888888888888888888888888888888888888888888888
8888888888888888888889999911111111111119999988888888888888888888888888888888888888888888888888888888888888888888888999991119998888888888888888888888888888888888888888888888888888888889999999999999111999199998888888888888888888888888888888888888888888888888
8888888888888888888888999911111111111111999988888888888888888888888888888888888888888888888888888888888888888888889999999999888888888888888888888888888888888888888888888888888888888888999999999999999999119999888888888888888888888888888888888888888888888888
8888888888888888888888899991111111111111199988888888888888888888888888888888888888888888888888888888888888888888911199999998888888888888888888888888888888888888888888888888888888888888899999999999999999111999988888888888888888888888888888888888888888888888
8888888888888888888888899999111111111111119999888888888888888888888888888888888888888888888888888888888888888889911199999888888888888888888888888888888888888888888888888888888888888888899999999999999999999999119988888888888888888888888888888888888888888889
8888888888888888888888899999111111111111111999988888888888888888888888888888888888888888888888888888888888888999999999998888888888888888888888888888888888888888888888888888888888888888899999999988889999999999119999988888888888888888888888888888888888888899
8888888888888888888888899991111111111111111119988888888888888888888888888888888888888888888888888888888888811999998888888888888888888888888888888888888888888888888888888888888888888888899999988888888888888899919999999888888888888888888888888888888888889999
8888888888888888888888999911111111111111111111118888888888888888888888888888888888888888888888888888889991111988888888888888888888888888888888888888888888888888888888888888888888888888899988888888888888888889999999999999988888888888888888888888888898999999
8888888888888888888889999111111111111111111111111998888888888888888888888888888888888888888888888899999911119888888888888888888888888888888888888888888888888888888888888888888888888888899988888888888888888888999999999999999888888888888888888888889999999991
8888888888888888888999991111111111999991111111111199999888888888888888888888888888888888888888889999999111188888888888888888888888888888888888888888888888888888888888888888888888888888998888888888888888888888888999999999999999988888888888888888899999991111
8888888888888888889999911111111119999999999111119999999998888888888888888888888888888888888888899999991119888888888888888888888888888888888888888888888888888888888888888888888888888888998888888888888888888888888899999999999999999888888888888899999999911119
8888888888888888999999111111119999999999999999999999999999988888888888888888888888888888888888999999991988888888888888888888888888888888888888888888888888888888888888888888888888888888998888888888888888888888888889999999999999999999988888888999999999111119
8888888888888899999911111111199999999999999999999999999999998888888888888888888888888888888888999999999888888888888888888888888888888888888888888888888888888888888888888888888888888888888888888888888888888888888888999999911119999999999999999999999111111199
8888888888888999991111111111999999999988888888888888999999999998888888888888888888888888888999999119999888888888888888888888888888888888888888888888888888888888888888888888888888888888888888888888888888888888888888899999911111199999999999999991111111111999
8888888888889999911111199999999999999888888888888888888889999999988888888888888888888888999999111119998888888888888888888888888888888888888888888888888888888888888888888888888888888888888888888888888888888888888888889999991111111999999999999111111111199998
8888888888891119911111999999999998888888888888888888888888888999998888888888888888888899999911111119998888888888888888888888888888998888888888888888888888888888888888888888888888888888888888888888888888888888888888889999999111111119999911111111111199999888
8888888888911119999999999999999888888888888888888888888888888999999999988888888889999999999111111199998888888888888888888888888889998888888888888888888888888888888888888888888888888888888888888888888888888888888888888999999911111111111111111111119999998888
8888888899911119999999999999988888888888888888888888888888888888899999999999999999999999991111119999998888888888888888888888888899999888888888888888888888888888888888888888888888888888888888888888888888888888888888888889999999111111111111111111199999998888
8888999999911199999999999998888888888888888888888888888888888888888989991119999999999991111111199999998888888888888888888888888899999999888888888888888888888888888888888888888888888888888888888888888888888888888888888889999999911111111111111111999999988888
8888111198888899999999999988888888888888888888888888888888888888888889991119999999911111111111999999998888888888888888888888888888889988888888888888888888888888888888888888888888888888888888888888888888888888888888888888999999911111111111111119999999988888
8889911188888888888899999988888888888888888888888888888888888888888888999999999911111111111119999999888888888888888888888888888888888899888888888888888888888888888888888888888888888888888888888888888888888888888888888888999999911111111111111119999999888888
9999999988888888888888999988888888888888888888888888888888888888888888999999911111111111111199999998888888888888888888888888888888888889888888888888888888888888888888888888888888888888888888888888888888888888888888888888999999111111111111111111999999888888
9999999988888888888888899988888888888888888888888888888888888888888888889999911111111111119999999888888888888888888888888888888888888888888888888888888888888888888888888888888888888888888888888888888888888888888888888889999911111111111111111111199999988888
9998888888888888888888889998888888888888888888888888888888888888888888888999991111111111199999999888888888888888888888888888888888888888888888988888888888888888888888888888888888888888888888888888888888888888888888888899999111111111199991111111111999988888
9998888888888888888888889999888888888888888888888888888888888888888888888999999111111111199999988888888888888888888888888888888888888888888888888888888888888888888888888888888888888888888888888888888888888888888888888999911111111111999999911111111199999988
8888888888888888888888888889888888888888888888888888888888888888888888888899999911111119999999888888888888888888888888888888888888888888888888888888888888888888888888888888888888888888888888888888888888888888888888889999911111111999999999999991111119999998
8888888888888888888888888888888888888888888888888888888888888888888888888899999911111199999888888888888888888888888888888888888888888888888888888888888888888888888888888888888888888888888888888888888888888888888888899999911199999999999999999999911111999998
8888888888888888888888888888888888888888888888888888888888888888888888888899999111111999999888888888888888888888888888888888888888888888888888888888888888888888888888888888888888888888888888888888888888888888888888999999999999999998888899999999999111199999
8888888888888888888888888888888888888888888888888888888888888888888888888899999111119999998888888888888888888888888888888888888888888888888888888888888888888888888888888888888888888888888888888888888888888888888889999999999999988888888888999999999991119999
8888888888888888888888888888888888888888888888888888888888888888888888888899999111999999888888888888888888888888888888888888888888888888888888888888888888888888888888888888888888888888888888888888888888888888889999999999999988888888888888888889999999911999
8888888888888888888888888888888888888888888888888888888888888888888888888999991111999998888888888888888888888888888888888888888888888888888888888888888888888998888888888888888888888888888888888888888888888888889999999999999888888888888888888888889999991119
