6888888888888888888888888886666688888888888888888888886666666688888888888888888888888888888888888888888888888888888888888888888888888866666677688888888888888888888888888886668888888888888888888888888888888888888888888888888888888888866666666777666666888888
6688888888888888888888888666666888888888888888888888888666666688888888888888888888888888888888888888888888888888888888888888888888888866666677688888888888888888888888888886668888888888888888888888888888888888888888888888888888888888866666666776666666888888
6666888888888888888888866666668888888888888888888888888666666688888888888888888888888888888888888888888888888888888888888888888888888866666676688888888888888888888888888888668888888888888888888888888888888888888888888888888888888888888666666676666666888888
6666666888888888888888666668888888888888888888888888888888866668888888888888888888888888888888888888888888888888888888888888888888888886666666888888888888888888888888888888868888888888888888888888888888888888888888888888888888888888888886666666667766888888
6666666666666666666666666668888888888888888888888888888888888666888888888888888888888888888888888888888888888888888888888888888888888886776666888888888888888888888888888888888888888888888888888888888888888888888888888888888888888888888888666666667777768888
6677776666666666666676666688888888888888888888888888888888888886888888888888888888888888888888888888888888888888888888888888888888888867776666888888888888888888888888888888888888888888888888888888888888888888888888888888888888888888888888866666777777777688
6677777776666666666666666666888888888888888888888888888888888888668888888888888888888888888888888888888888888888888888888888888888888877766668888888888888888888888888888888888888888888888888888888888888888888888888888888888888888888888888888666677777777776
6677777777777777776666668888888888888888888888888888888888888888866688888888888888888888888888888888888888888888888888888888888888888667666688888888888888888888888888888888888888888888888888888888888888888888888888888888888888888888888888888866677777777777
6667777777777777666666688888888888888888888888888888888888888888866666888888888888888888888888888888888888888888888888888888888888886666666888888888888888888888888888888888888888888888888888888888888888888888888888888888888888888888888888888886666777777777
6667777777777776666668888888888888888888888888888888888888888888888666668888888888888888888888888888888888888888888888888888888888866666668888888888888888888888888888888888888888888888888888888888888888888888888888888888888888888888888888888886666677777777
6677777777777766666688888888888888888888888888888888888888888888888866666688888888888888888888888888888888888888888888888888888888866666688888888888888888888888888888888888888888888668888888888888888888888888888888888888888888888888888888888888666677777777
6777777777777666666688888888888888888888888888888888888888888888888886666688888888888888888888888888888888888888888888888888888888666668888888888888888888888888888888888888888888888866888888888888888888888888888888888888888888888888888888888888666677777777
7777777777776666668888888888888888888888888888888888888888888888888888888668888888888888888888888888888888888888888888888888888888666688888888888888888888888888888888888888888888888866688888888888888888888888888888888888888888888888888888888888666667777777
7777777777766666888888888888888888888888888888888888888888888888888888888666688888888888888888888888888888888888888888888888888666666888888888888888888888888888888888888888888888888886688888888888888888888888888888888888888888888888888888888886666666666667
7777777777766668888888888888888888888888888888888888888888888888888888888866668888888888888888888888888888888888888888888888886776666888888888888888888888888888888888888888888888888888686688888888888888888888888888888888888888888888888888888886666666666666
6667777777766668888888888888888888888888888888888888888888888888888888888888666888888888888888888888888888888888888888888888867777666888888888888888888888888888888888888888888888888888886688888888888888888888888888888888888888888888888888888888666666888866
6666677777766668888888888888888888888888888888888888888888888888888888888888886666888888888888888888888888888888888888888888777777666888888888888888888888888888888888888888888888888888866666668888888888888888888888888888888888888888888888888888888888888886
6666667777766666888888888888888888888888888888888888888888888888888888888888886666688888888888888888888888888888888888888667777777666888888888888888888888888888888888888888888888888888866666668888888888888888888888888888888888888888888888888888888888888888
6666666777776666888888888888888888888888888888888888888888888888888888888888888866666668888888888888888888888888888888888777777777666888888888888888888888888888888888888888888888888888866666668888888888888888888888888888888888888888888866888888888888888888
8666666667777666888888888888888888888888888888888888888888888888888888888888888888666668888888888888888888888888888888887777777777666888888888888888888888888888888888888888888888888888866666688888888888888888888888888888888888888888888668888888888888888888
8888666666777766688888888888888888888888888888888888888888888888888888888888888888886668888888888888888888888888888886667777766666666688888888888888888888888888888888888888888888888888666666888888888888888888888888888888888888888886666688888888888888888888
8888888666677766668888888888888888888888888888888888888888888888888888888888888888886666688888888888888888888888888866666777776666666668888888888888888888888888888888888888888888888888666668888888888888888888888888888888888888888666666688888888888888888888
8888888866667766666888888888888888888888888888888888888888888888888888888888888888888866666688888888888888888888888666666776666666666668888888888888888888888888888888888888888888888866688888888888888888888888888888888888888888888666668888888888888888888888
8888888866666676666688888888888888888888888888888888888888888888888888888888888888888888666666888888888888888888666666666666666666666668888888888888888888888888888888888888888888888666888888888888888888888888888888888888888888886666668888888888888888888888
8888888866666666666688888888888888888888888888888888888888888888888888888888888888888888666666666666888888888888667766666666666666666688888888888888888888888888888888888888888888888688888888888888888888888888888888888888888888886666688888888888888888888888
8888888888886666666668888888888888888888888888888888888888888888888888888888888888888888866666666666688888866666777766666688888888888888888888888888888888888888888888888888888886868888888888888888888888888888888888888888888888886666688888888888888888888888
8888888888888866666666888888888888888888888888888888888888888888888888888888888888888888886666666666666666667777777766666688888888888888888888888888888888888888888888888888888886666888888888888888888888888888888888888888888888888666888888888888888888888888
8888888888888866666666688888888888888888888888888888888888888888888888888888888888888888888666666666666666677777777666888888888888888888888888888888888888888888888888888888866666688888888888888888888888888888888888888888888888888866888888888888888888888888
8888888888888886666666888888888888888888888888888888888888888888888888888888888888888888888886666777766677777777766666888888888888888888888888888888888888888888888888888888866666688888888888888888888888888888888888888888888888888888888888888888888888888888
8888888888888888866666888888888888888888888888888888888888888888888888888888888888888888888886666777777777777777666688888888888888888888888888888888866888888888888888888888666666688888888888888888888888888888888888888888888888888888888888888888888888888888
8888888888888888886666888888888888888888888888888888888888888888888888888888888888888888888888666777777777777776666888888888888888888888888888888888866888888888888888888866666666888888888888888888888888888888888888888888888888888888888888888888888888888888
8888888888888888888666688888888888888888888888888888888888888888888888888888888888888888888888866667777777777666688888888888888888888888888888888888866688888888888888886666666668888888888888888888888888888888888888888888888888888888888888888888888888888888
8888888888888888888666668888888888888888888888888888888888888888888888888888888888888888888888866677777777776666888888888888888888888888888888888888866668888888888886666666666668888888888888888888888888888888888888888888888888888888888888888888888888888888
8888888888888888888666668888888888888888888888888888888888888888888888888888888888888888888888666677777777776666888888888888888888888888888888888888888666888888888886666666666668888888888888888888888888888888888888888888888888888888888888888888888888888888
8888888888888888888666668888888888888888888888888888888888888888888888888888888888888888888888666777777777766668888888888888888888888888888888888888888886888666666666667766666668888888888888888888888888888888888888888888888888888888888868888888888888888888
8888888888888888888666668888888888888888888888888888888888888888888888888888888888888888888888667777777777666688888888888888888888888888888888888888888888888666677777777766666668888888888888888888888888888888888888888888888888888888888666888888888888888888
8888888888888888888666668888888888888888888888888888888888888888888888888888888888888888888888667777777776666688888888888888888888888888888888888888888888888866777777777776666666888888888888888888888888888888888888888888888888888888886666688888888888888866
8888888888888888888666676888888888888888888888888888888888888888888888888888888888888888888886677777777776666688888888888888888888888888888888888888888888888866677777777777766666668888888888888888888888888888888888888888888888888888866666668888888888888667
8888888888888888886666777666888888888888888888888888888888888888888888888888888888888888888866677777777776666688888888888888888888888888888888888888888888888888666777777777777666666668888888888888888888888888888888888888888888888888866888888888888888866777
8888888888888888886666777666688888888888888888888888888888888888888888888888888888888888888866677777777776666688888888888888888888888888888888888888888888888888866667777777777766666666688888888888888888888888888888888888888888888888888888888888888888666777
8888888888888888886666777666688888888888888888888888888888888888888888888888888888888888888866777777777777666668888888888888888888888888888888888888888888888888866666777777777777776666688888888888888888888888888888888888888888888888888888888888888888886677
8888888888888888666667777766668888888888888888888888888888888888888888888888888888888888888667777777777777766668888888888888888888888888888888888888888888888888886666677777777777777666666668888888888888888888888888888888888886688888888888888888888888886666
8888888888888888666677777776668888888888888888888888888888888888888888888888888888888888888667777777777777776666888888888888888888888888888888888888888888888888888666667777777777777766666668888888888888888888888888888888888866688888888888888888888888888866
8888888888888866666777777777666688888888888888888888888888888888888888888888888888888888866677777777777777766666668888888888888888888888888888888888888888888888888866667777777777776666666666668888888888888888888888888888888886688888888888888888888888888888
8888888888888666777777777777776666888888888888888888888888888888888888888888888888888888867777777777777666666666666888888888888888888888888888888888888888888888888866667777777777666666666666666888888888888888888888888888888888888888888888888888888888888888
8888888888866667777777777777777666888888888888888888888888888888888888888888888888888886777777777777766666666666666688888888888888888888888888888888888888888888888866667777777776666666666666666666888888888888888888888888888888888888888888888888888888888888
8888666666666667777666667777777666688888888888888888888888888888888888888888888888886666777777776666666666666666666666888888888888888888888888888888888888888888888866677777776666666666666666666666688886868886666666888888888888888888888888888888888888888888
8888886666666666666666666666666666666888888888888888888888888888888888888888888888666667777777766666666888888888666666688888888888888888888888888888888888888888888866777777766666666666666666666666666666666666666666888888888888888888888888888888888888888888
8888888666666666666666666666666667766688888888888888888888888888888888888888888666667677777777666666668888888888888666668888888888888888888888888888888888888888888866777776666666666688886666666666666666666666666666888888888888888888888888888888888888888888
8888888666666666688888888886666666766666688888888888888888888888888888888888886666677776777666666668888888888888888888668888888888888888888888888888888888888888888666677666666668888888888886666666667666677776666666888888888888888888888888888888888888888888
8888888866666666888888888888886666666666666888888888888888888888888888888888867677666666666666666888888888888888888888888888888888888888888888888888888888888888888666666666666688888888888888888886666777777776666666888888888888888888888888888888888888888888
8888888886666688888888888888888886666666666666888888888888888888888888888666667777666666666666688888888888888888888888888888888888888888888888888888888888888888886666666666888888888888888888888888666677777766666666888888888888888888888888888888888888888888
8888888886666888888888888888888888866666677666668888888888888888888888866666667766666666666666888888888888888888888888888888668888888888888888888888888888888888888666666666888888888888888888888888666666777766666888888888888888888888888888888888888888888888
8888888886668888888888888888888888886666666666666666666666666666888886666676666666688886666666888888888888888888888888888888866688888888888888888888888888888888886666766668888888888888888888888888866666677766666888888888888888888888888888888888888888888888
8888888888888888888888888888888888888866666666666666666666666666666666667766666666888888888666888888888888888888888888888888886668888888888888888888888888888888866666666688888888888888888888888888888666666666666888888888888888888888888888888888888888888888
8888888888888888888888888888888888888888666666677777776666666666677777766666666668888888888866888888888888888888888888888888888866666688888888888888888888888888666666668888888888888888888888888888888866666666666888888888888888888888888888888888888888888888
8888888888888888888888888888888888888888866666667777777776666666777777766666888888888888888888888888888888888888888888888888888886666688888888888888888888888866776766668888888888888888888888888888888866666666666888888888888888888888888888888888888888888888
8888888888888888888888888888888888888888888666666677777777777777777777666668888888888888888888888888888888888888888888888888888888866668888888888888888888886667777666888888888888888888888888888888888888666666666668888888888888888888888888888888888888888888
8888888888888888888888888888888888888888888866666667777777777777777766666688888888888888888888888888888888888888888888888888888888886666888888888888888888666676676668888888888888888888888888888888888888888666666668888888888888888888888888888888888888888888
8888888888888888888888888888888888888888888886666666777777777777766666666888888888888888888888888888888888888888888888888888888888888666688888888888888886666777766688888888888888888888888888888888888888888866666666688888888888888888888888888888888888888888
8888888888888888888888888888888888888888888888866666677777777777666666888888888888888888888888888888888888888888888888888888888888888666668888868888888666666777766688888888888888888888888888888888888888888888666666668888888888888888888888888888888888888888
8888888888888888888888888888888888888888888888866666666777777776666668888888888888888888888888888888888888888888888888888888888888888866668888666688666666677777666888888888888888888888888888888888888888888888886666666688888888888888888888888888888888888888
8888888888888888888888888888888888888888888888886666666677777766666688888888888888888888888888888888888888888888888888888888888888888886888888866666666667777776666888888888888888888888888888888888888888888888888886666668888888888888888888888888888888888888
8888888888888888888888888888888888888888888888888666666667777766666688888888888888888888888888888888888888888888888888888888888888888888888888866666666677777776668888888888888888888888888888888888888888888888888888666668888888888888888888888888888888888888
8888888888888888888888888888888888888888888888888886666666777766666888888888888888888888888888888888888888888888888888888888888888888888888888886666666677777776668888888888888888888888888888888888888888888888888888866666668888888888888888888888888888888888
8888888888888888888888888888888888888888888888888886666666677766666888888888888888888888888888888888888888888888888888888888888888888888888888888888666667777776668888888888888888888888888888888888888888888888888888886666666888888888888888888888888888888888
8888888888888888888888888888888888888888888888888888866666677766666888888888888888888888888888888888888888888888888888888888888888888888888888888888886666777776668888888888888888888888888888888888888888888888888888888886666666888888888888888888888888888888
8888888888888888888888888888888888888888888888888888886666667766666888888888888888888888888888888888888888888888888888888888888888888888888888888888888666677776688888888888888888888888888888888888888888888888888888888888666666688888888888888888888888888888
8888888888888888888888888888888888888888888888888888888666667666666688888888888888888888888888888888888888888888888888888888888888888888888888888888888866666666888888888888888888888888888888888888888888888888888888888888888666668888888888888888888888888888
8888888888888888888888888888888888888888888888888888888886666666666668888888888888888888888888888888888888888888888888888888888888888888888888888888888888666666888888888888888888888888888888888888888888888888888888888888888866666888888888888888888888888888
8888888888888888888888888888888888888888888888888888888886666677766666888888888888888888888888888888888888888888888888888888888888888888888888888888888888866666688888888888888888888888888888888888888888888888888888888888888866666668888888888888888888888888
8888888888888888888888888888888888888888888888888888888886666677776666668888888888888888888888888888888888888888888888888888888888888888888888888888888888886666666888888888888888888888888888888888888888888888888888888888888886666666888888888888888888888888
8888888888888888888888888888888888888888888888888888888886666677777666668888888888888888888888888888888888888888888888888888888888888888888888888888888888888866666888888888888888888888888888888888888888888888888888888888888888666666666888888888888888888888
8888888888888888888888888888888888888888888888888888888886666677777766666888888888888888888888888888888888888888888888888888888888888888888888888888888888888866666688888888888888888888888888888888888888888888888888888888888888886666666668888888888888888888
8888888888888888888888888888888888888888888888888888888886666677777776666688888888888888888888888888888888888888888888888888888888888888888888888888888888888866666666888888888888888888888888888888888888888888888888888888888888888666666666888888888888888888
8888888888888888888888888888888888888888888888888888888886666677777776666668888888888888888888888888888888888888888888888888888888888888888888888888888888888666666666688888888888888888888888888888888888888888888888888888888888888886666666666888888888888888
8888888888888888888888888888888888888888888888888888888866666677777777666666688888888888888888888888888888888888888888888888888888888888888888888888888888888666666666688888888888888888888888888888888888888888888888888888888888888888666666666666666688888888
8888888888888888888888888888888888888888888888888888886666666777777777777666666688888888888888888888888888888888888888888888888888888888888888888888888888886666666666888888888888888888888888888888888888888888888888888888888888888888866666666666666666688888
8888888888888888888888888888888888888888888888888888886666677777777777777766666666888888888888888888888888888888888888888888888888888888888888888888888888886666666668888888888888888888888888888888888888888888888888888888888888888888886666666666666666668888
8888888888888888888888888888888888888888888888888888866666777777777777777776666666668888888888888888888888888888888888888888888888888888888888888888888888866666666688888888888888888888888888888888888888888888888888888888888888888888888866666666666666666666
8888888888888888888888888888888888888888888888888886666667777777777777777777666666666888888888888888888888888888888888888888888888888888888888888888888888866666666888888888888888888888888888888888888888888888888888888888888888888888888886666666777666666666
8888888888888888888888888888888886688888888888888866667777777777777777777777776666666888888888888888888888888888888888888888888888888888888888888888888888866666668888888888888888888888888888888888888888888888888888888888888888888888888888666666777776666666
8888888888888888888888888888888886688888888888886666677777777777777777777777777666666688888888888888888888888888888888888888888888888888888888888888888888666666688888888888888888888888888888888888888888888888888888888888888888888888888888666666677777777666
8888888888888888888888888888888886666888888886667666777777777777677777777777777776666668888888888888888888888888888888888888888888888888888888888888888886666666688888888888888888888888888888888888888888888888888888888888888888888888888888666666677777777777
8888888888888888888888888888888886666666666666677776677777766666667777777777777777776666888888888888888888888888888888888888888888888888888888888888888666666668888888888888888888888888888888888888888888888888888888888888888888888888888888666666667777777777
8888888888888888888888888888888666666666666666667666666666666666666777777777777777777666666666888888888888888888888888888888888888888888888888888888886666666668888888888888888888888888888888888888888888888888888888888888888888888888888888666666667777777777
8888888888888888888888888888866666666777666666666666666666666666666666777777776666666666666666888888888888888888888888888888888888888888888888888888866666666668888888888888888888888888888888888888888888888888888888888888888888888888888888666666667777777777
8888888888888888888888888888777766666666666666666666666666666666666666777776666666666666666666688888888888888888888888888888888888888888888888888888666666666668888888888888888888888888888888888888888888888888888888888888888888888888888886666666677777777777
8888888888888888888888888877777766666666666666666666666666666666666666777666666666666666666666666688888888888888888888888888888888888888888888888866666666666668888888888888888888888888888888888888888888888888888888888888888888888888888866666677777777777777
8888888888888888888888888877766688888888888888888866666688866666666666666666666666666666666666666668888888888888888888888888888888888888888888888666666666666688888888888888888888888888888888888888888888888888888888888888888888888888886666666777777777777777
8888888888888888888866666666666888888888888888888888888888888888666666666666666666668888888888666666668888888888888888888888888888888888888888866666777666666688888888888888888888888888888888888888888888888888888888888888888888888888866666666777777777777777
8888888888888888886666666888888888888888888888888888888888888888866666666666666688888888888888866666666668888888888888888888888888888888888886666667777666666688888888888888888888888888888888888888888888888888888888888888888888888866666667776677776666677777
8888888888888888766666668888888888888888888888888888888888888888866666666666668888888888888888888666666666666888888888888888888888888888888666666777776666668888888888888888888888888888888888888888888888888888888888888888888888888666666677776666666666667777
8888888888888667766688888888888888888888888888888888888888888888886666666668888888888888888888888886666666666688888888888888888888888888886666677777766666688888888888888888888888888888888888888888888888888888888888888888888888866666666667766666666666666776
8888888888666666778888888888888888888888888888888888888888888888888866668888888888888888888888888888886666666668888888888888888888888866666666777776666668888888888888888888888888888888888888888888888888888888888888888888886666666776666666666666666666666666
8888888667666668688888888888888888888888888888888888888888888888888888888888888888888888888888888888888866666666668888888888888888866666666777777666666688888888888888888888888888888888888888888888888888888888888888888866666666677776666666666666888886666666
8886666777666668888888888888888888888888888888888888888888888888888888888888888888888888888888888888888888666666666688888888888666666666677777766666688888888888888888888888888888888888888888888888888888888888888888888866666667777766666666668888888888866666
8886667777776668888888888888888888888888888888888888888888888888888888888888888888888888888888888888888888866666666666666666666666666677777777666666888888888888888888888888888888888888888888888888888888888888888886666666666667776666666668888888888888886666
8666666677788888888888888888888888888888888888888888888888888888888888888888888888888888888888888888888888888666666666776666666667777777777776666668888888888888888888888888888888888888888888888888888888888888888886666666666666666666666888888888888888888866
7776666688888888888888888888888888888888888888888888888888888888888888888888888888888888888888888888888888888886666667777666666777777777777766666688888888888888888888888888888888888888888888888888888888888886666666666666666666666666888888888888888888888888
7777666888888888888888888888888888888888888888888888888888888888888888888888888888888888888888888888888888888888666667777667777777777777777666666688888888888888888888888888888888888888888888888888888888888866666666686666666666666666888888888888888888888888
7777688888888888888888888888888888888888888888888888888888888888888888888888888888888888888888888888888888888888866666666677777777777777776666666888888888888888888888888888888888666888888888888888888888886666666688888888666666666666888888888888888888888888
7666888888888888888888888888888888888888888888888888888888888888888888868888888888888888888888888888888888888888886666666677777777777777766666688888888888888888888888888888888888866666668888888888888888866666688888888888888886686666888888888888888888888888
6668888888888888888888888888888888888888888888888888888888888888888886668888888888888888888888888888888888888888888666666667777777777777666666688888888888888888888888888888888888866666666888888888888666666666888888888888888888888866888888888888888888888888
6888888888888888888888888888888888888888888888888888888888888888888888666688888888888888888888888888888888888888888886666667777777777776666666688888888888888888888888888888888888886666666666666668666666686666888888888888888888888888688888888888888888888888
6888888888888888888888888888888888888888888888888888888888888888888888866666888888888888888888888888888888888888888888666666677777777776666666688888888888888888888888888888888888888666666666666666666666888888888888888888888888888888888888888888888888888888
6888888888888888888888888888888888888888888888888888888888888888888888886666688888888888888888888888888888888888888888666666677777777777666666888888888888888888888888888888888888888866666666666666666668888888888888888888888888888888888888888888888888888888
8888888888888888888888888888888888888888888888888888888888888888888888888866688888888888888888888888888888888888888888666666677777777777766666888888888888888888888888888888888888888866666666777666666688888888888888888888888888888888888888888888888888888888
8888888888888888888888888888888888888888888888888888888888888888888888888888666888888888888888888888888888888888888888666666777776677777776666668888888888888888888888888888888888888866666677777666666888888888888888888888888888888888888888888888888888888888
8888888888888888888888888888888888888888888888888888888888888888888888888888886688888888888888888888888888888888888888666666777766666777777766666888888888888888888888888888888888886666666777776666888888888888888888888888888888888888888888688888888888888888
8888888888888888888888888888888888888888888888888888888888888888888888888888886688888888888888888888888888888888888886666666666666666666777766666888888888888888888888888888888888866666666666666666888888888888888888888888888888888888888888888888888888888888
8888888888888888888888888888888888888888888888888888888888888888888888888888886888888888888888888888888888888888888866677766666666666666677776666688888888888888888888888888888888666666666666666668888888888888888888888888888888888888888888888888888888888888
8888888888888888888888888888888888888888888888888888888888888888888888888888888888888888888888888888888888888888888666777666666666666666666677766666888888888888888888888888888666666777766666668888888888888888888888888888888888888888888888888888888888888888
8888888888888888888888888888888888888888888888888888888888888888888888888888888888888888888888888888888888888888886666676666688888888866666667766666688888888888888888888888886666667777666666688888888888888888888888888888888888888888888888888886668888888888
8888888888888888888888888888888888888888888888888888888888888888888888888888888888888888888888888888888888888888666666666688888888888888886666666666666668888888888888888888866666777776666666888888888888888888888888888888888888888888888888888886666888888888
8888888888888888888888888888888888888888888888888888888888888888888888888888888888888888888888888888888888886666666666888888888888888888888666666666666668888888888888888886666677777666666888888888888888888888888888888888888888888888888888888866666888888888
8888888888888888888888888888888888888888888888888888888888888888888888888888888888888888888888888888888888886666666666888888888888888888888866666666666666888888888888886666667777776666688888888888888888888888888888888888888888888888888888888866666688888888
8888888888888888888888888888888888888888888888888888888888888888888888888888888888888888886666688888888866666666666668888888888888888888888888866666666666666666666666666666667777666666688888888888888888888888888888888888888888888888888888888866666688888888
8888888888888888888888888888888888888888888888888888888888888888888888888888888888888888866666668888888877777766666668888888888888888888888888886666666666666666666666666677777776666666888888888888888888888888888888888888888888888888888888888666666688888888
8888888888888888888888888888888888888888888888888888888888888888888888888888888888888888866666666666667777777666666888888888888888888888888888888866666666666666666666777777777766666668888888888888888888888888888888888888888888888888888888888667777768888888
8888888888888888888888888888888888888888888888888888888888888888888888888888888888888888866666666666677777776666668888888888888888888888888888888888666666666666666777777777777666666888888888888888888888888888888888888888888888888888888888888667777776888888
8888888888888888888888888888888888888888888888888888888888888888888888888888888888888888866666666666666677666666668888888888888888888888888888888888866666666667777777777777776666668888888888888888888888888888888888888888888888888888888888866667777766688888
8888888888888888888888888888888888888888888888888888888888888888888888888888888888888888666666666666666666666666668888888888888888888888888888888888886666666667777777777777766666888888888888888888888888888888888888888888888888888888888888666666666666688666
8888888888888888888888888888888886666888888888888888888888888888888888888888888888888888666668888888666666666666668888888888888888888888888888888888888886666666777777777777666666888888888888888888888888888888888888888888888888888888888888666666888888888866
8888888888888888888888888888888886668888888888888888888888888888888888888888888888888866666668888888888666666666666888888888888888888888888888888888888888886666677777777776666668888888888888888888888888888888888888888888888888888888888888668888888888888888
8888888888888888888888888888888888888888888888888888888888888888888888888888888888888668888888888888888866666666666688888888888888888888888888888888888888888666667777777776666666888888888888888888888888888888888888888888888888888888888888888888888888888888
8888888888888888888888888888888888888888888888888888888888888888888888888888888888666688888888888888888888888866666888888888888888888888888888888888888888888866666677777777666666888888888888888888888888888888888888888888888888888888888888888888888888888888
8888888888888888888888888888888888888888888888888888888888888888888888888888888666666888888888888888888888888888868888668888888888888888888888888888888888888888666667777777766666888888888888888888888888888888888888888888888888888666888888888888888888888888
8888888888888888888888888888888888888888888888888888888888888888888888888888886666888888888888888888888888888888888886666888888888888888888888888888888888888888866666777777776666688888888888888888888888888888888888888888888888888668888888888888888888888888
8888888888888888888888888888888888888888888888888888888888888888888888888888888688888888888888888888888888888888888886666888888888888888888888888888888888888888866666677777777666668888888888888888888888888888888888888888888886666688888888888888888888888888
6888888888888888888888888888888888888888888888888888888888888888888888888888888888888888888888888888888888888888888888868888888888888888888888888888888888888888886666667777777766666888888888888888888888888888888888888888888866888888888888888888888888888888
6888888888888888888888888888888888888888888888888888888888888888888888888888888888888888888888888888888888888888888888888888888888888888888888888888888888888888888666666777777776666668888888888888888888888888888888888888888888888888888888888888888888888888
6688888888888888888888888888888888888888888888888888888888888888888888888888888888888888888888888888888888888888888888888888888888888888888888888888888888888888886666666777777777666666888888888888888888888888888888888888888888888888888888888888888888888888
6666888888888888888888888888888888888888888888888888888888888888888888888888888888888888888888888888888888888888888888888888888888888888888888888888888888888888888666666777777777776666688888888888888888888888888888888888888888888888888888888888888888888888
6666888888888888888888888888888888888888666666888888888888888888888888888888888888888888888888888888888888888888888888888888688888888888888888888888888888888888888666667777777777776666688888888888888888888888888888888888888888888888888888888888888888888888
6666666888888888888888888888888888888886666666668888888888888888888888888888888888888888888888888888888888888888888888888886688888888888888888888888888888888888886666667777776666666666666668888888888888888888866888888888888888888888888888888888888888888888
8666666668888888888888888888888888888866666666666666888888888888888888888888888888888888888888888888888888888888888888888886888888888888888888888888888888888888886666677777766666666666666666888888888888888888666888888888888888888888888888888888888888888888
8866666666688888888888888888888888666666666666666666688888888888888888888888888888888888888888888888888888888888888888888888888888888888888888888888888888888888886666677776666666666666666666666666668888886666688888888888888888888888888888888888888888888888
8866677666666888888888888888888886666666666667777766666888888888888888888888888888888888888888888888888888888888888888888888888888888888888888888888888888888888866666666666666666666666666666677766666668866888888888888888888888888888888888888888888888888888
8866667776666688888888888888888866666666777777777666666888888888888888888888888888888888888888888888888888888888888888888888888888888888888888888888888888888888866666666666668888888888888666677777777766888888888888888888888888888888888888888888888888888888
8866667777766666688888888866666666666677777777776666668888888888888888888888888888888888888888888888888888888888888888888888888888888888888888888888888888888888866666666666888888888888888866666777777776888888888888888888888888888888888888888888888888888888
8866677777777766666666666666666667777777777777766666888888888888888888888888888888888888888888888888888888888888888888888888888888888888888888888888888888888886666666666888888888888888888888666677777766888888888888888888888888888888888888888888888888888888
8666667777777776666666666666666677777777777776666666888888888888888888888888888888888888888888888888888888888888888888888888888888888888888888888888888888888866666666888888888888888888888888886667777666888888888888888888888888888888888888888888888888888888
6666677777777777777666666666677777777777777666666668888888888888888888888888888888888888888888888888888888888888888888888888888888866688888888888888888888886666666668888888888888888888888888888666666666888888888888888888888888888888888888888888888888888888
6666677777777777777666666667777777777777776666668888888888888888888888888888888888888888888888888888888888888888888888888888888888886666888888888888888888866666666688888888888888888888888888888886666666888888888888888888888888888888888888888888888888888888
7766667777777777776666777777777777777777766666688888888888888888888888888888888888888888888888888888888888888888888888888888888888886666668888888888888866666666668888888888888888888888888888888888666666888888888888888888888888888888888888888888888888888888
7766666666666666666666777777777777777777666666688888888888888888888888888888888888888888888888888888888888888888888888888888888888886666666888888888888666666666688888888888888888888888888888888888866666688888888888888888888888888888888888888888888888888888
6666666666666666666666677777777777777777666666688888888888888888888888888888888888888888888888888888888888888888888888888888888888888666666666888888666667766666688888888888888888888888888888888888866666666888888888888888888888888888888888888888888888888888
8888888888888888886666667777777777777777666666688888888888888888888888888888888888888888888888888888888888888888888888888888888888888888666666666666666666666666888888888888888888888888888888888888886666666888888888888888888888888888888888888888888888888888
8888888888888888888888666677777777777777766666668888888888888888888888888888888888888888888888888888888888888888888888888888888888888888886666666666666666666688888888888888888888888888888888888888888666666688888888888888888888888888888888888888888888888888
8888888888888888888888866666777777777777776666668888888888888888888888888888888888888888888888888888888888888888888888888888888888888888886666666666777666668888888888888888888888888888888888888888888886666668888888888888888888888888888888888888888888888888
8888888888888888888888886666666677777777777766666688888888888888888888888888888888888888888888888888888888888888888888888888888888888888886666666667777666668888888888888888888888888888888888888888888888666668888888888888888888888888888888888888888888888888
8888888888888888888888888666666667777777777777666668888888888888888888888888888888888888888888888888888888888888888888888888888888888888886666666677776666668888888888888888888888888888888888888888888888666668888888888888888888888888888888888888888888888888
8888888888888888888888888886666666667777777777766666888888888888888888888888888888888888888888888888888888888888888888888888888888888888886666677666666666668888888888888888888888888888888888888888888888866666688888888888888888888888888888888888888888888888
8888888888888888888888888888866666666677777777777666688888888888888888888888888888888888888888888888888888888888888888888888888888888888866666777666666666888888888888888888888888888888888888888888888888888866668888888888888888888888888888888888888888888888
8888888888888888888888888888886666666666677777777766666888888888888888888888888888888888888888888888888888888888888888888888888888888888866667777666666668888888888888888888888888888888888888888888888888888866666688888888888888888888888888888888888888888888
8888888888888888888888888888888866666666666667777776666666888888888888888888888888888888888888888888888888888888888888888888888888888866666677776666666888888888888888888888888888888888888888888888888888888886666668888888888888888888888888888888888888888888
8888888888888888888888888888888886666666666666666766666666666668888888888888888888888888888888888888888888888888888888888888888888888666666777766666688888888888888888888888888888888888888888888888888888888888866666688888888888888888888888888888888888888888
8888888888888888888888888888888886666666666666666666666666666666888888888888888888888888888888888888888888888888888888888888888888886666667777666666688888888888888888888888888888888888888888888888888888888888888666666888888888888888888888888888888888888888
8888888888888888888888888888888886666668688888888886666666666666668888888888888888888888888888888888888888888888888888888888888888866666677776666688888888888888888888888888888888888888888888888888888888888888888866666668888888888888888888888888888888888888
8888888888888888888888888888888886666668888888888888886666666666668888888888888888888888888888888888888888888888888888888888888888666666777666668888888888888888888888888888888888888888888888888888888888888888888886666668888888888888888888888888888888888888
8888888888888888888888888888888866666888888888888888888866666666666668888888888888888888888888888888888888888888888888888888888886666666776666688888888888888888888888888888888888888888888888888888888888888888888888866666888888888888888888888888888888888888
8888888888888888888888888888888666666888888888888888888888886666666666666888888888888888888888888888888888888888888888888888888666666677766666888888888888888888888888888888888888888888888888888888888888888888888888866666668888888888888888888888888888888888
8888888888888888888888888888888666666888888888888888888888888866666666666666888888888888888888888888888888888888888888888888866666666777766666888888888888888888888888888888888888888888888888888888888888888888888888886666666888888888888888888888888888888888
8888888888888888888888888888888666668888888888888888888888888888866666666666688888888888888888888888888888888888888888888888666666677777766666888888888888888888888888888888888888888888888888888888888888888888888888888666666668888888888888888888888888888888
8888888888888888888888888888888888666888888888888888888888888888866666666666668888888888888888888888888888888888888888888866666667777777766666888888888888888888888888888888888888888888888888888888888888888888888888888866666666888888888888888888888888888888
8888888888888888888888888888888888866688888888888888888888888888888888666666666688888888888888888888888888888888888888886666666777777777766666888888888888888888888888888888888888888888888888888888888888888888888888888886666666668888888888888888888888888888
8888888888888888888888888888888888866888888888888888888888888888888888866666666666666666666668888888888888888888666666666666667777777777776666888888888888888888888888888888888888888888888888888888888888888888888888888888666666666888888888888888888888888888
8888888888888888888888888888888888886888888888888888888888888888888888888888866666666666666666666666688888888866666666666667777777777777777666668888888888888888888888888888888888888888888888888888888888888888888888888888666666666688888888888888888888888888
8888888888888888888888888888888888888888888888888888888888888888888888888888888886666666776666666666668888666666666666666677777777777777777766666688888888888888888888888888888888888888888888888888888888888888888888888888666677776666688888888888888888888888
8888888888888888888888888888888888888888888888888888888888888888888888888888888886666667776666666666666666666666666666667777777776666666777776666668888888888888888888888888888888888888888888888888888888888888888888888888866667777776666668888888888888888888
8888888888888888888888888888888888888888888888888888888888888888888888888888888888666666666666666666666666666666666666777777777766666666677766666666688888888888888888888888888888888888888888888888888888888888888888888888866667777777666666888888888888888866
8888888888888888888888888888888888888888888888888888888888888888888888888888888888866666666666677666666666666666777777777777766666666666666666666666668888888888888888888888888888888888888888888888888888888888888888888888866666777777777776666666888888666667
8888888888888888888888888888888888888888888888888888888888888888888888888888888888888666666666677776666666666666777777777777666666666666666666666666668888888888888888888888888888888888888888888888888888888888888888888888866666777777777777666666666666666777
8888888888888888888888888888888888888888888888888888888888888888888888888888888888888866666666677777777777777777777777777766666666666666666666666666666888888888888888888888888888888888888888888888888888888888888888888888866667777777777777766666666666667777
8888888888888888888888888888888888888888888888888888888888888888888888888888888888888888666666667777777777777777777777776666666666666666666666666666666688866688888888888888888888888888888888888888888888888888888888888888866677777777777777777777777777777777
8888888888888888888888888888888888888888888888888888888888888888888888888888888888888888886666667777777777777777777777666666668888888888888888888888866666666666888888888888888888888888888888888888888888888888888888888888666777777777777777777777777777777777
8888888888888888888888888888888888888888888888888888888888888888888888888888888888888888888666666777777777777777776666666666688888888888888888888888886666666666888888888888888888888888888888888888888888888888888888888886667777777776666667777777777777777777
8886888888888888888888888888888888888888888888888888888888888888888888888888888888888888888866666677777777777777766666666666888888888888888888888888888666666666888888888888888888888888888888888888888888888888888888886666777777777766666666777777777777777776
8888888888888888888888888888888888888888888888888888888888888888888888888888888888888888888866666677777777777776666666666888888888888888888888888888888886666666688888888888888888888888888888888888888888888888888888886666777777666666666666667777777777777666
6888888888888888888888888888888888888888888888888888888888888888888888888888888888888888888866666677777777777666666666668888888888888888888888888888888888666666668888888888888888888888888888888888888888888888888888866667777766666666666666666677777777776666
6888888888888888888888888888888888888888888888888888888888888888888888888888888888888888888866666677777777776666666666688888888888888888888888888888888888866666666888888888888888888888888888888888886668888888888666667777666666688888888886666666777777776666
8888888888888888888888888888888888888888888888888888888888888888888888888888888888888888888866666777777777766666666668888888888888888888888888888888888888886666666888888888888888888888888888888888886668888888866666677777666666688888888888866666667777776666
8888888888888888888888888888888888888888888888888888888888888888888888888888888888888888888866667777777766666666666888888888888888888888888888888888888888888888666688888888888888888888888888888888888868666666666677777776666668888888888888888666666777777666
8888888888888888888888888888888888888888888888888888888888888888888888888888888888888888888866677777766666666666688888888888888888888888888888888888888888888888666666888888888888888888888888888888888886666666666777777666688888888888888888888886666667777766
8888888888888888888888888888888888888888888888888888888888888888888888888888888888888888886666777777666666666666888888888888888888888888888888888888888888888888666666688888888888888888888888888888888888666666777777666666888888888888888888888888666666777776
8888888888888888888888888888888888888888888888888888888888888888888888888888888888888888666667777777666666666888888888888888888888888888888888888888888888888888886666668888888888888888888888888888888888666667777766666668888888888888888888888888888666667777
6688888888888888888888888888888888888888888888888888888888888888888888888888888888888886666677777776666666688888888888888888888888888888888888888888888888888888888866666688888888888888888888888888888888666667777666688888888888888888888888888888888886666777
8666688888888888888888888888888888888888888888888888888888888888888888888888888888888866666677777666666666688888888888888888888888888888888888888888888888888888888886666668888888888888888888888888888888666666766668888888888888888888888888888888888888866676
8888888888888888888888888888888888888888888888888888888888888888888888888888888888886666666677776666666668888888888888888888888888888888888888888888888888888888888888666666888888888888888888888888888888666666666688888888888888888888888888888888888888866666
8888888888888888888888888888888888888888888888888888888888888888888888888888888888866666666666666666666688888888888888888888888888888888888888888888888888888888888888866666666888888888888888888888888888666666668888888888888888888888888888888888888888866666
8888888886666888888888888888888888888888888888888888888888888888886668888888866668666677766666666666666688888888888888888888888888888888888888888888888888888888888888888666666888888888888888888888888886666666688888888888888888888888888888888888888888888666
8888888888666688888888888888888888888888888888888888888888888888886666666666666666666777776666666666666688888888888888888888888888888888888888888888888888888888888888888886666666888888888888888888888886666668888888888888888888888888888888888888888888888886
8888888888866666688888888888888888888888888888888888888888888888886666666666666667777777776666666666666668888888888888888888888888888888888888888888888888888888888888888888666666668888888888888888888666666688888888888888888888888888888888888888888888888888
8888888888886666688888888888888888888888888888888888888888888888886666666666666677777777766666666688666668888888888888888888888888888888888888888888888888888888888888888888666666666888888888888866666666666888888888888888888888888888888888888888888888888888
8888888888888866666666888888888888888888888888888888888888888888886666666666666777777776666666666888866666688888888888888888888888888888888888888888888888888888888888888888886666666688888888888866666666668888888888888888888888888888888888888888888888888888
8888888888888886666666668888888888888888888888888888888888888888666666666777777777777666666666688888888666688888888888888888888888888888888888888888888888888888888888888888888666666668888888888666677666688888888888888888888888888888888888888888888888888888
8888888888888888666666666888888888888888888888888888888888888866666666677777777777776666688888888888888888668888888888888888888888888888888888888888888888888888888888888888888886666666666666666667777666888888888888888888888888888888888888888888888888888888
8888888888888888866666666668888888888888888888888888888888888866666666677777777777666666688888888888888888866888888888888888888888888888888888888888888888888888888888888888888888666666666666666677777666888888888888888888888888888888888888888888888888888888
8888888888888888888666777766888888888888888888888888888888888866666666667777777776666666888888888888888888866888888888888888888888888888888888888888888888888888888888888888888888866666666666777777776688888888888888888888888888888888888888888888888888888888
8888888888888888888666777776666668888888888888888888888888888888866666666777777766666668888888888888888888888688888888888888888888888888888888888888888888888888888888888888888888866666666677777777766688888888888888888888888888888888888888888888888888888888
8888888888888888888666677777777766688888888888888888888888888888886666666667777766666668888888888888888888888886666888888888888888888888888888888888888888888888888888888888888888866666677777777777666688888888888888888888888888888888888888888888888888888888
8888888888888888888866667777777766668888888888888888888888888888888666666667777766666688888888888888888888888888866688888888888888888888888888888888888888888888888888888888888888886666677777777776666688888888888888888888888888888888888888888888888888888888
8888888888888888888886666777777666668888888888888888888888888888888866666667777666668888888888888888888888888888866666888888888888888888888888888888888888888888888888888888888888886666667777777776666688888888888888888888888888888888888888888888888888888888
8888888888888888888886666777776666668888888888888888888888888888888886666667776666688888888888888888888888888888888886688888888888888888888888888888888888888888888888888888888888888866666677777776666668888888888888888888888888888888888888888888888888888888
8888888888888888888886666777666666688888888888888888888888888888888888866666766668888888888888888888888888888888888888688888888888888888888888888888888888888888888888888888888888888886666666777777666668888888888888888888888888888888888888888888888888888888
8888888888888888888886666776666688888888888888888888888888888888888888886666666688888888888888888888888888888888888888888888888888888888888888888888888888888888888888888888888888888888666666677777766668888888888888888888888888888888888888888888888888888888
8888888888888888888886666666666888888888888888888888888888888888888888888666666888888888888888888888888888888888888888888888888888888888888888888888888888888888888888888888888888888888866666667777776666888888888888888888888888888888888888888888888888888888
8888888888888888888886666666688888888888888888888888888888888888888888888666668888888888888888888888888888888888888888888888888888888888888888888888888888888888888888888888888888888888886666667777777666668888888888888888888888888888888888888888888888888866
8888888888888888888866666666888888888888888888888888888888888888888888888666668888888888888888888888888888888888888888888888888888888888888888888888888888888888888888888888888888888888888666666777777766668888888888888888888888888888888888888888888888888866
8888888888888888888877766668888888888888888888888888888888888888888888888666688888888888888888888888888888888888888888888888888888888888888888888888888888888888888888888888888888888888888666666677777776666888888888888888888888888888888888888888888888888677
8888888888888888888777666668888888888888888888888888888888888888888888888666688888888888888888888888888888888888888888888886888888888888888888888888888888888888888888888888888888888888888666666677777777666688888888888888888888888888888888888888888888866677
8888888888888888886776666668888888888888888888888888888888888888888888886666888888888888888888888888888888888888888888888888888888888888888888888888888888888888888888888888888888888888886666666677777777766668888888888888888888888888888888888888888888666666
8888888888888886667766666688888888888888888888888888888888888888888888666668888888888888888888888888888888888888888888888888888888888888888888888888888888888888888888888888888888888888886666666777777777776666688888888888888888888888888888888888888886666666
8888888888888866677766666888888888888888888888888888888888888888888866666668888888888888888888888888888888888888888888888888888866888888888888888888888888888888888888888888888888888888886666666777777777777777777888888888888888888888888888888888888886666688
8888888888888666777766668888888888888888888888888888888888888888888866666888888888888888888888888888888888888888888888888888888886688888888888888888888888888888888888888888888888888888866666667777777777777777777776668888888888888888888888888666666666666888
8888888888666666777766688888888888888888888888888888888888888888886666666888888888888888888888888888888888888888888888888888888886668888888888888888888888888888888888888888888888888866666666677777777777777777777776666888888888888888888888886666667666688888
8888888886666666666666688888888888888888888888888888888888888888666666666888888888888888888888888888888888888888888888888888888888866668888888888888888888888888888888888888888888888866666666777777777777777777777766666688888888888888888886777776666666688888
6666886666666666666666688888888888888888888888888888888888888866666666666888888888888888888888888888888888888888888888888888888888886666688888888888888888888888888888888888888888886666666677777777777766666666666666666668888888888888866677777777666888888888
6666666666667777766666688888888888888888888888888888888888888666667776666888888888888888888888888888888888888888888888888888888888888666666888888888888888888888888888888888888888886666666777777666666666666666666666666668888888866666677777777776668888888888
6666666666777777666666888888888888888888888888888888888888886666667777666688888888888888888888888888888888888888888888888888888888888666666688888888888888888888888888888888888888666666667777777666666666666886666666668888888866666667777777777766668888888888
8666666667777776666666888888888888888888888888888888888888888666667777666888888888888888888888888888888888888888888888888888888888888666666668888888888888888888888888888888888886666666667777766666666666688888888888888888888888666667777777777666888888888888
8666666677777766666668888888888888888888888888888888888888888666666677766688888888888888888888888888888888888888888888888888888888888866666666668888888888888888888888888886666666666666666666666666666666888888888888888888888888886667777777777766888888888888
8666666777777666666688888888888888888888888888888888888888888888888666666666888888888888888888888888888888888888888888888888888888888888666666666888888888888888888888886666666666667776666666666666688888888888888888888888888888888666677777777766888888888888
8666666677766666666888888888888888888888888888888888888888888888888888666666668888888888888888888888888888888888888888888888888888888888886666666668888888888888888888666666666666777766666666666666888888888888888888888888888888888888666777777776888888888888
8666666777666666666888888888888888888888888888888888888888888888888888666666666888888888888888888888888888888888888888888888888888888888888666666666668888888888888866666666666666776666666666888888888888888888888888888888888888888888866677777777888888888888
8666667776666668888888888888888888888888888888888888888888888888888888866666666668888888888888888888888888888888888888888888888888888888888866666666666666666666666666666677766666666666666688888888888888888888888888888888888888888888888666777777788888888888
6666777766666668888888888888888888888888888888888888888888888888888888888886666666888888888888888888888888888888888888888888888888888888888888666666666666666666666666666777766666666668888888888888888888888888888888888888888888888888888886666777768888888888
6667777766666688888888888888888888888888888888888888888888888888888888888888666666688888888888888888888888888888888888888888888888888888888888866666666666666666666666667777766666666688888888888888888888888888888888888888888888888888888888666677666888888888
6677777666666888888888888888888888888888888888888888888888888888888888888888666666666688888888888888888888888888888888888888888888888888888888886666666776666666667777777776666666888888888888888888888888888888888888888888888888888888888888866666666668888888
6777766666668888888888888888888888888888888888888888888888888888888888888888866666666688888888888888888888888888888888888888888888888888888888888666667777776666777777777766666688888888888888888888888888888888888888888888888888888888888888888666667776688888
7777666668888888888888888888888888888888888888888888888888888888888888888888888866666668888888888888888888888888888888888888888888888888888888888666666777777777777777776666666888888888888888888888888888888888888888888888888888888888888888888866677777688888
6666666888888888888888888888888888888888888888888888888888888888888888888888888886666666668888888888888888888888888888888888888888888888888888888666666777777777777777766666668888888888888888888888888888888888888888888888888888888888888888888886667777768888
6666888888888888888888888888888888888888888888888888888888888888888888888888888888866666666688888888888888888888888888888888888888888888888888888666666677777777777777666668888888888888888888888888888888888888888888888888888888888888888888888888666777776688
6668888888888888888888888888888888888888888888888888888888888888888888888888888888866666666666688888888888888888888888888888888888888888888888888666666677777777777766666688888888888888888888888888888888888888888888888888888888888888888888888888866677777668
6888888888888888888888888888888888888888888888888888888888888888888888888888888888866666666666668888888888888888888888888888888888888888888888888666666677777777777766666688888888888888888888888888888888888888888888888888888888888888888888888888866667777668
8888888888888888888888888888888888888888888888888888888888888888888888888888888888866666677776666888888888888888888888888888888888888888888888886666666777777777777766666688888888888888888888888888888888888888888888888888888888888888888888888888886667777668
8888888888888888888888888888888888888888888888888888888888888888888888888888888888866666677777766668888888888888888888888888888888888888888888866666667777777777777766666688888888888888888888888888888888888888888888888888888888888888888888888888886667777768
8888888888888888888888888888888888888888888888888888888888888888888888888888888888866666677777776666688888888888888888888888888888888888888886666666677777777777777776666688888888888888888888888888888888888888888888888888888888888888888888888888888666677766
8888888888888888888888888888888888888888888888888888888888888888888888888888888888866666666666666666866666688888888888888888888888888888888666666666777777777776777777766688888888888888888888888888888888888888888888888888888888888888888888888888888666677766
8888888888888888888888888888888888888888888888888888888888888888888888888888888888866666666666666668888866666666888888888888888888888888666666666667777777777666666777776688888888888888888888888888888888888888888888888888888888888888888888888888886666677776
8888888888888888888888888888888888888888888888888888888888888888888888888888888888886666666666688888888888888888888888888888888888888866666666677777777766666666666667777666688888888888888888888888888888888888888888888888888888888888888888888888666666677777
8888888888888888888888888888888888888888888888888888888888888888888888888888888888888888888888888888888888888888888888666666666668666666666667777777666666666666666666677666668888888888888888888888888888888888888888888888888888888888888888888886666666777777
8888888888888888888888888888888888888888888888888888888888888888888888888888888888888888888888888888888888888888888888666666666666666666667777777666666666666666666666667666668888888888888888888888888888888888888888888888888888888888888888888866666667777777
8888888888888888888888888888888888888888888888888888888888888888888888888888888888888888888888888888888888888888888888666666666666666666777777776666686666688888888866666666668888888888888888888888888888888888888888888888888888888888888888888666666677777777
8888888888888888888888888888888888888888888888888888888888888888888888888888888888888888888888888888888888888888888888886666666667777777777777666666888888888888888866666666668888888888888888888888888888888888888888888888888888888888888888886666667777777777
8888888888888888888888888888888888888888888888888888888888888888888888888888888888888888888888888888888888888888888888888866666667777777777776666688888888888888888888888666666888888888888888888888888888888888888888888888888888888888888888886666667777777777
8888888888888888888888888888888888888888888888888888888888888888888888888888888888888888888888888888888888888888888888888886666666777777777666666888888888888888888888888886666888888888888888888888888888888888888888888888888888888888888888866666666777777777
8888888888888888888888888888888888888888888888888888888888888888888888888888888888888888888888888888888888888888888888888888666666677777776666666888888888888888888888888888888888688888888888888888888888888888888888888888888888888888888886666666666666666666
8888888888888888888888888888888888888888888888888888888888888888888866888888888888888888888888888888888888888888888888888888866666667777766666668888888888888888888888888888888888666688888888888888888888888888888888888888888888888888886666666666666666666666
8888888888888888888888888888888888888888888888888888888888888888866688888888888888888888888888888888888888888888888888888888886666666776666666688888888888888888888888888888888888666668888888888888888888888888888888888888888888888888888888888888888888888666
8888888888888888888888888888888888888888888888888888888888888866666888888888888888888888888888888888888888888888888888888888888666666666666688888888888888888888888888888888888888666666688888888888888888888888888888888888888888888888888888888888888888888888
8888888888888888888888888888888888888888888888888888888888886666668888888888888888888888888888888888888888888888888888888888888886666666666688888888888888888888888888888888888888866677776666888888888888888888888888888888888888888888888888888888888888888888
8888888888888888888888888888888888888888888888888888888888866666688888888888888888888888888888888888888888888888888888888888888886666666888888888888888888888888888888888888888888866667777666666888888888888888888888888888888888888888888888888888888888888888
8888888888888888888888888888888888888888888888888888888866666666888888888888888888888888888888888888888888888888888888888888888886666666888888888888888888888888888888888888888888886667777776668888888888888888888888888888888888888888888888888888888888888888
6888888888888888888888888888888888888888888888888888866666666688888888888888888888888888888888888888888888888888888888888888888886666666888888888888888888888888888888888888888888886666777776666688888888888888888888888888888888888888888888888888888888888888
