8888888888888888888888888888888888888888888888888888888888888888888866666777777766688888888888888888888888888888888888888888888888888888888888888888888888668888888888888888888888888888888888888888888888888888888886666777666668888888888888888888866666667777
8888888888888888888888888888888888888888888888888888888888888888888866677777777766888888888888888888888888888888888888888888888888888888888888888888888888668888888888888888888888888888888888888888888888888888886666677666666688888888888888888888888866666677
8888888888888888888888888888888888888888888888888888888888888888888666777777777666888888888888888888888888888888888888888888888888888888888888888888888888888888888888888888888888888888888888888888888888888888886666667666666888888888888888888888888886666667
8888888888888888888888888888888888888888888888888888888888888888866667777777776668888888888888888888888888888888888888888888888888888888888888888888888888888888888888888888888888888888888888888888888888888866666666666666888888888888888888888888888888886666
8888888888888888888888888888888888888888888888888888888888888888666666777777776668888888888888888888888888888888888888888888888888888888888888888888888888888888888688888888888888888888888888888888888888888866666666666688888888888888888888888888888888886666
8888888888888888888888888888888888888888888888888888888888888886666677777777776668888888888888888888888888888888888888888888888888888888888888888888888888888888888666888888888888888888888888888888888888888666777666688888888888888888888888888888888888888886
8888888888888888888888888888888888888888888888888888888888888666667777777777766668888888888888888888888888888888888888888888888888888888888888888888888888888888888866668888888888888888888888888888886668886666666668888888888888888888888888888888888888888888
8888888888888888888888888888888888888888888888888888888886666666677777777777766668888888888888888888888888888888888888888888888888888888888888888888888888888888888866666888888888888888888888888888866666686666666688888888888888888888888888888888888888888888
8888888888888888888888888888888888888888888888888888888666666666777777777777776668888888888888888888888888888888888888888888888888888888888888888888888888888888888886666668888888888888888888888888866666666666888888888888888888888888888888888888888888888888
8888888888888888888888888888888888888888888888888888888666666666777777777777776666888888888888888888888888888888888888888888888888888888888888888888888888888888888888666666888888888888888888888888666668888888888888888888888888888888888888888888888888888888
8888888888888888888888888888888888888888888888888888888666666666777777777777777666888888888888888888888888888888888888888888888888888888888888888888888888888888888888866666666668888888888888888888888888888888888888888888888888888888888888888888888888888888
8888888888888888888888888888888888888888888888888888886666666666666666777777777766668888888888888888888888888888888888888888888888888888888888888888888888888888888888886666666666666666666888888888888888888888888866666888888888888888888888888888888888888888
8888888888888888888888888888888888888888888888888888888666666666666666677777777776666888888888888888888888888888888888888888888888888888888888888888888888888888888888886666666666666666666888888888888888888888888888666668888888888888888888888888888888888888
8888888888888888888888888888888888888888888886668888888888666666666666667777777777666668888888888888888888888888888888888888888888888888888888888888888888888888888888886666677777666666688888888888888888888888888888866666888888888888888888888888888888888888
6668888888888888888888888888888888888888888886688888888888888888886666666677777777766666888888888888888888888888888888888888888888888888888888888888888888888888888888866666777777666666888888888888888888888888888888888866688888888888888888888888888888888888
6666888888888888888888888888888888888888886866688888888888888888888888666666777777776666688888888888888888888888888888888888888888888888888888888888888888888888888888666677776666666668888888888888888888888888888888888888888888888888888888888888888888888888
6666888888888888888888888888888888888888866888888888888888888888888888866666666777777666666888888888888888888888888888888888888888888888888888888888888888888888888886666777766666688888888888888888888888888888888888888888888888888888888888888888888888888888
7666668888888888888888888888888888888888668888888888888888888888888888886666666667777766666688888888888888888888888888888888888888888888888888888888888888888888888866677766666888888888888888888888888888888888888888888888888888888888888888888888888888888888
7777666888888888888888888888888888886666688888888888888888888888888888888666666666667777666668888888888888888888888888888888888888888888888888888888888888888888888666777666668888888888888888888888888888888888888888888888888888888888888888888888888888888888
7777776688888888888888888888888888866666888888888888888888888888888888888666666666666677766666688888888888888888888888888888888888888888888888888888888888888888866666776666888888888888888888888888888888888888888888888888888888888888888888888888888888888888
7777777666888888888888888888888888668888888888888888888888888888888888888666666666666666777777666668888888888888888888888888888888888888888888888888888888888888666666666688888888888888888888888888888888888888888888888888888888888888888888888888888888888666
7777777766666888888888888886666888888888888888888888888888888888888888888866666666666666677777766666668888888888888888888888888888888888888888888888888888888886666666668888888888888888888888888888888888888888888888888888888888888888888888888888888888886666
6666666666666666666666666666666888888888888888888888888888888888888888888868868888888666666677777666666666668888888888888888888888888888888888888888888888888866777666688888888888888888888888888888888888888888888888888888888888888888888888888886666666666666
6666666666666666666666666666668888888888888888888888888888888888888888888888888888888888886666777766666666666666668888888888888888888888888888888888888888888667777666888888888888888888888888888888888888888888888888888888888888888888888888886666666666666666
6888888666667766666777777766668888888888888888888888888888888888888888888888888888888888888666666667777777766666666666666666888888888888888888888888888888666677776668888888888888888888888888888888888888888888888888888888888888888888888888866666666666666666
8888888888667766677777777768888888888888888888888888888888888888888888888888888888888888888886666666777777777666666666666666688888888888888888888888888866666777776688888888888888888888888888888888888888888888888888888888888888888888888888888666666666666666
8888888888866666677777777668888888888888888888888888888888888888888888888888888888888888888888866666677777777766666666666666666688888888888888888888886666667777766688888888888888888888888888888888888888888888888888888888888888888888888888888886666666666888
8888888888886666677777777668888888888888888888888888888888888888888888888888888888888888888888888666667777777777776666666666666668888888888888888888866666677777666888888888888888888888888888888888888888888888888888888888888888888888888888888888666666688888
8888888888888866667777776666888888888888888888888888888888888888888888888888888888888888888888888866666777777777777777766666666666888888888888888888666667777776666888888888888888888888888888888888888888888888888888888888888888888888888888888888666666888888
8888888888888888666777776666888888888888888888888888888888888888888888888888888888888888888888888886666677777777777777777666666666688888888888888888666677777766666888888888888888888888888888888888888888888888888888888888888888888888888888888888666666888888
8888888888888888886667776666888888888888888888888888888888888888888888888888888888888888888888888888888666666677777777777777666666668888888888888866667777777766666688888888888888888888888888888888888888888888888888888888888888888888888888888886666666888888
8888888888888888888666676666888888888888888888888888888888888888888888888888888888888888888888888888888866666667777777777777776666666688888888888666677777777776666688888888888888888888888888888888888888888888888888888888888888888888888888888886666666888888
8888888888888888888886666666888888888888888888888888888888888888888888888888888888888888888888888888888888666666677777777777777777666666666666666666666777777777766668888888888888888888888888888888888888888888888888888888888888888888888888888886666688888888
8888888888888888888888666666688888888888888888888888888888888888888888888888888888888888888888888888888888886666666777777777777777776666666677766666666666666777766666888888888888888888888888888888888888888888888888888888888888888888888888888866666688888888
8888888888888888888888866666688888888888888888888888888888888888888888888888888888888888888888888888888888888866666667777777777777777666666777766666666666666677766666688888888888888888888888888888888888888888888888888888888888888888888888888666668888888888
8888888888888888888888886666668888888888888888888888888888888888888888888888888888888888888888888888888888888886666666677777777777777777766666666666666666666667766666688888888888888888888888888888888888888888888888888888888888888888888888888666668888888888
8888888888888888888888888666666688888888888888888888888888888888888888888888888888888888888888888888888888888888666666667777777777777777776666666666666668666666666666668888888888888888888888888888888888888888888888888888888888888888888888886666668888888888
8888888888888888888888888666676668888888888888888888888888888888888888888888888888888888888888888888888888888888666666666777777777777777766666666888888888888888666666666666888888888888888888888888888888888888888888888888888888888888888888666668888888888888
8888888888888888888888888866677766688888888888888888888888888888888888888888888888888888888888888888888888888888866666666777777777777776666666688888888888888888888886666666688888888888888888888888888888888888888888888888888888888888888866666666688888888888
8888888888888888888888888866667777666666888888888888888888888888888888888888888888888888888888888888888888888888886666666677777777777766666668888888888888888888888888666666666688888888888888888888888888888888888888888888888888888888888866666666888888888888
8888888888888888888888888666666777766666688888888888888888888888888888888888888888888888888888888888888888888888888666666667777777777666666688888888888888888888888888888666666666888888888888888888888888888888888888888888888888888888886666666666688888888888
8888888888888888888888888666666677776666666666688888888888888888888888888888888888888888888888888888888888888888886666666667777777777666666888888888888888888888888888888866667766688888888888888888888888888888888888888888888888888888866677777666668888888888
8888888888888888888888888666666667777777766666688888888888888888888888888888888888888888888888888888888888888888886666666677777776666666666888888888888888888888888888888866667766666888888888888888888888888888888888888888888888888866666777777766666888888888
8888888888888888888888888666666677777777776666688888888888888888888888888888888888888888888888888888888888888888886666666777777766666666668888888888888888888888888888888888866666666666888888888888888888888888888888888888888888888666667777777776666688888888
8888888888888888888888886888666667777777777666688888888888888888888888888888888888888888888888888888888888888888886666667777777666666668888888888888888888888888888888888888888866666666668888888888888888888888888888888888888888666666677777777776666666668888
8888888888888888888888888888866666777777777666688888888888888888888888888888888888888888888888888888888888888888886777777777776666666688888888888888888888888888888888888888888886666666666666668888888888888888888888888888888866666666677777666666666666668888
8888888888888888888888888888886666677777777666688888888888888888888888888888888888888888888888888888888888888888866777777777766666688888888888888888888888888888888888888888888886666666667766668888888888888888888888888888888666667776666666666666666666668888
8888888888888888888888888888888666667777777766688888888888888888888888888888888888888888888888888888888888888886667777777777666666888888888888888888888888888888888888888888888888888666667776666886668888888888888888888886666666667776666666866688888666668888
8888888888888888888888888888888888666777777776668888888888888888888888888888888888888888888888888888888888888866777777777666666688888888888888888888888888888888888888888888888888888888866666777766666888888888888888886666666666666666666888888888888888888888
8888888888888888888888888888888888866677777777666888888888888888888888888888888888888888888888888888888888888677777777776666668888888888888888888888888888888888888888888888888888888888886666677776666666666888888886666666667766666666688888888888888888888888
8888888888888888888888888888888888886677777777776668888888888888888888888888888888888888888888888888888888867777777777766666888888888888888888888888888888888888888888888888888888888888888866667777776666666688888666666666777766666666888888888888888888888888
8888888888888888888888888888888888886677777777776666888888888888888888888888888888888888888888888888888886677777777777766666888888888888888888888888888888888888888888888888888888888888888886666677777777666666666666666777776666668888888888888888888888888888
8888888888888888888888888888888888886677777777777776688888888888888888888888888888888888888888888888888667777777777777666668888888888888888888888888888888888888888888888888888888888888888888666667777777766666666667777777766666888888888888888888888888888888
8888888888888888888888888888888888886667777777777777688888888888888888888888888888888888888888888888888777777777777776666888888888888888888888888888888888888888888888888888888888888888888888866666777777777777666777777776666668888888888888888888888888888888
8888888888888888888888888888888888886666676666666777776688888888888888888888888888888888888888888666667777777777777766668888888888888888888888888888888888888888888888888888888888888888888888886666677777777777777777777766666688888888888888888888888888888888
8888888888888888888888888888888888886666666666666677777668888888888888888888888888888888888888888666677777777777777666668888888888888888888888888888888888888888888888888888888888888888888888888666667777777777777777777666668888888888888888888888888888888888
8888888888888888888888888888888888866666666666666666777777888888888888888888888888888888888888886666667777777777777666666888888888888888888888888888888888888888888888888888888888888888888888888866667777777777777777666666888888888888888888888888888888888888
8888888888888888888888888888888888666666666666666666666777788888888888888888888888888888888888886666666677777777777766666888888888888888888888888888888888888888888888888888888888888888888888888886666677777777777776666668888888888888888888888888888888888888
8888888888888888888888888888888888666688888888888888888677778888888888888888888888888888888888888866666666667777777776666888888888888888888888888888888888888888888888888888888888888888888888888888666667777777777766666668888888888888888888888888888888888888
8888888888888888888888888888888886688888888888888888888886776668888888888888888888888888888888888888666666666777777777666888888888888888888888888888888888888888888888888888888888888888888888888888666667777777777666666888888888888888888888888888888888888888
8888888888888888888888888888888888888888888888888888888888666666666888888888888888888888888888888888866666666667777777666688888888888888888888888888888888888888888888888888888888888888888888888886666677777777776666668888888888888888888888888888888888888888
8888888888888888888888888888888888888888888888888888888888866666666888888888888888888888888888888888886666666666666677766666888888888888888888888888888888888888888888888888888888888888888888888886666777777776666666688888888888888888888888888888888888888888
8888888888888888888888888888688888888888888888888888888888886666668888888888888888888888888888888888888666888888666666666666688888888888888888888888888888888888888888888888888888888888888888888886666777777766666666888888888888888888888888888888888888888888
8888888888888888888888888888888888888888888888888888888888886666688888888888888888888888888888888888888888888888866666666666688888888888888888888888888888888888888888888888888888888888888888888886666777777766666668888888888888888888888888888888888888888888
8888888888888888888888888888888888888888888888888888888888888666688888888888888888888888888888888888888888888888888886666666668888888888888888888888888888888888888888888888888888888888888888888866667777776666666688888888888888888888888888888888888888888888
8888888888888888888888888888888888888888888888888888888888888866688888888888888888888888888888888888888888888888888888886666666688888888888888888888888888888888888888888888888888888888888888888666777777776666668888888888888888888888888888888888888888888888
8888888888888888888888888888888888888888888888888888888888888888688888888888888888888888888888888888888888888888888888888866666666888888888888888888888888888888888888888888888888888888888888886667777777776666668888888888888888888888888888888888888888888888
8888888888888888888888888888888888888888888888888888888888888888868888888888888888888888888888888888888888888888888888888866666666688888888888888888888888888888888888888888888888888888888888866677777777776666668888888888888888888888888888888888888888888888
8888888888888888888888888888888888888888888888888888888888888888886888888888888888888888888888888888888888888888888888888888666776668888888888888888888888888888888888888888888888888888888888666777777777777666668888888888888888888888888888888888888888888888
8888888888888888888888888888888888888888888888888888888888888888888688888888888888888888888888888888888888888888888888888888886666666688888888888888888888888888888888888888888888888888888886666777776777777766668888888888888888888888888888888888888888888888
8888888888888888888888888888888888888888888888888888888888888888888868888888888888888888888888888888888888888888888888888888888666766668888888888888888888888888888888888888888888888888888666666666666667777776666888888888888888888888888888888888888888888888
8888888888888866888888888888888888888888888888888888888888888888888886888888888888888888888888888888888888888888888888888888888886666668888888888888888888888888888888888888888888888888886666666666666666677777666668888888888888888888888888888888888888888888
8888888888888668888888888888888888888888888888888888888888888888888888888888888888888888888888888888888888888888888888888888888888666666888888888888888888888888888888888888888888888888886666666666666666666777666668888888888888888888888888888888888888888888
8888888888666668888888888888888888888888888888888888888888888888888888888888888888888888888888888888888888888888888888888888888888866666688888888888888888888888888888888888888888888888866666668888888888886676666668888888888888888888888888888888888888888888
8888886666666688888888888888888888888888888888888888888888888888888888888888888888888888888888888888888888888888888888888888888888866666666888888888888888888888888888888888888888888888666666688888888888888666666666888888888888888888888888888888888888888888
8886666666666688888888888888888888888888888888888888888888888888888888886688888888888888866688888888888888888888888888888888888888886666666666888888888888888888888888888888888888888886666888888888888888888866666666888888888888888888888888888888888888888888
8886666666666688888888888888888888888888888888888888888888888888888888886666688888888886666888888888888888888888888888888888888888888666667666688888888888888888888888888888888888888666688888888888888888888886666666888888888888888888888888888888888888888888
8886666776666688888888888888888888888888888888888888888888888888888888886666666666666777668888888888888888888888888888888888888888888866666777666688888888888888888888888888888888866668888888888888888888888888866766888888888888888888888888888888888888888888
8886677776666688888888888888888888888888888888888888888888888888888888886666666666667776668888888888888888888888888888888888888888888886666777766666888888888888888888888888888888666688888888888888888888888888867777668888888888888888888888888888888888888888
8887777776666668888888888888888888888888888888888888888888888888888888886666667777777766668888888888888888888888888888888888888888888888666677766666668888888888888888888888888666666688888888888888888888888888867777666888888888888888888888888888888888888888
8887777777666668888888888888888888888888888888888888888888888888888888866666667777777766668888888888888888888888888888888888888888888888886666666776666666666888888888888888866666666688888888888888888888888888867777766688888888888888888888888888888888888888
8887777777766666888888888888888888888888888888888888888888888888888888666666666677777766668888888888888888888888888888888888888888888888888886666777777666666668888888888666677776666688888888888888888888888888867777766668888888888888888888888888888888888888
8886667777766666688888888888888888888888888888888888888888888888888888666666666667777766668888888888888888888888888888888888888888888888888888666677777766666666666666686666777776666688888888888888888888888888867777766666888888888888888888888888888888888888
8886666777776666668888888888888888888888888888888888888888888888888888688886666666677776666888888888888888888888888888888888888888888888888888666667777776666666666666666667777766666688888888888888888888888888667777766666888888888888888888888888888888888888
8886666666777776666668888888888888888888888888888888888888888888888888888888666666666776666688888888888888888888888888888888888888888888888888886666777777777666666666677777777766666668888888888888888888888866677777776666888888888888888888888888888888888888
8886666666677777666668888888888888888888888888888888888888888888666888888888888888666666666666888888888888888888888888888888888888888888888888888666677777777776666666677777776666666668888888888888888888888666777777777666688888888888888888888888888888888888
8888866666666777766668888888888888888888888888888888888888888888668888888888888888886666666666888888888888888888888888888888888888888888888888888666667777777777777777777766666666666666888888888888888888886667777777777766666888888888888888888888888888888888
8888888866666667776666666888888888888888888888888888888888888888888888888888888888888888666666688888888888888888888888888888888888888888888888888866666777777777777777666666666688666666888888888888888888666677777777777776666888888888888888888888888888888888
6688888888666666677776666668888888888888888888888888888888888888888888888888888888888888886666668888888888888888888888888888888888888888888888888886666677777777777766666666688888888888888888888888888888866666667777777777766668888888888888888888888888888888
6688888888886666667777766666666688888888888888888888888888888888888888888888888888888888888666666888888888888888888888888888888888888888888888888886666667777777776666666888888888888888888888888888888888888666666667777777776666888888888888888888888888888888
6688888888888866666677777666666666666888888888888888888888888888888888888888888888888888888866666688888888888888888888888888888888888888888888888886666667777777666666668888888888888888888888888888888888888866666666677777777666666688888888888888888888888888
6688888888888888666667777776666666666666666666668888888888888888888888888888888888888888888886666668888888888888888888888888888888888888888888888888666677777766666668888888888888888888888888888888888888888888888666666777777776666688888888888888888888888888
7788888888888888886666777777666666666666666666688888888888888888888888888888888888888888888888866666888888888888888888888888888888888888888888888888666677776666668888888888888888888888888888888888888888888888888886666667777777766666888888888888888888888888
6688888888888888888866666777777776666677766666688888888888888888888888888888888888888888888888866666668888888888888888888888888888888888888888888886667777766666688888888888888888888888888888888888888888888888888888866666677777777666688888888888888888888888
6688888888888888888866666777777777777777766668888888888888888888888888888888888888888888888888866666666688888888888888888888888888888888888888888886667777766668888888888888888888888888888888888888888888888888888888886666667777777776668888888888888888888888
6688888888888888888886666667777777777766666688888888888888888888888888888888888888888888888888888666666668888888888888888888888888888888888888888866677776666668888888888888888888888888888888888888888888888888888888888866666677777777777868888888888888888888
8888888888888888888888666667777777777666668888888888888888888888888888888888888888888888888888888866666666888888888888888888888888888888888888888667777766666688888888888888888888888888888888888888888888888888888888888888666666777777777766888888888888888888
8888888888888888888888866666777777776666688888888888888888888888888888888888888888888888888888888866666666688888888888888888888888888888888888886667777666668888888888888888888888888888888888888888888888888888888888888888666666677777777776666688888888888888
8888888888888888888888886666677777666666888888888888888888888888888888888888888888888888888888888886666666666888888888888888888888888888888888666677776666668888888888888888888888888888888888888888888888888888888888888888866666666666677776666666888888888888
8888888888888888888888888666777776666668888888888888888888888888888888888888888888888888888888888886666666666688888888888888888888888888888866666777666666668888888888888888888888888888888888888888888888888888888888888888866666666666666677666666688888888888
8888888888888888888888888667777766666688888888888888888888888888888888888888888888888888888888888888666666666668888888888888888888888888888866666666666666668888888888888888888888888888888888888888888888888888888888888888866666666666666666666666666666688888
8888888888888888888888888667777666666888888888888888888888888888888888888888888888888888888888888888666677666668888888888888888888888888888666666666666888688888888888888888888888888888888888888888888888888888888888888888886666666666666666666666666666688888
8888888888888888888888886667777666668888888888888888888888888888888888888888888888888888888888888888666667766666888888888888888888888888886667766666888888888888888888888888888888888888888888888888888888888888888888888888886666888888888888666666666667778888
8888888888888888888888866666676666688888888888888888888888888888888888888888888888888888888888888888666667777666688888888888888888888886666777666666888888888888888888888888888888888888888888888888888888888888888888888888886666888888888888888886666667777778
8888888888888888888888666666666666688888888888888888888888888888888888888888888888888888888888888888666667777766668888888888888888888866777776666668888888888888888888888888888888888888888888888888888888888888888888888888888888888888888888888888888666677777
8888888888888888888886666666666666888888888888888888888888888888888888888888888888888888888888888888666667777776666666888888888888866677777776666888888888888888888888888888888888888888888888888888888888888888888888888888888888888888888888888888888866667777
8888888888888888888888888866666666888888888888888888888888888888888888888888888888888888888888888886666677777777776666666666666666666777777666668888888888888888888888888888888888888888888888888888888888888888888888888888888888888888888888888888888886666677
8888888888888888888888888888666666888888888888888888888888888888888888888888888888888888888888888866666777777777777666666666666666677777666666888888888888888888888888888888888888888888888888888888888888888888888888888888888888888888888888888888888888886667
8888888888888888888888888888866666888888888888888888888888888888888888888888888888888888888888888666667777777777777766666666666667777776666688888888888888888888888888888888888888888888888888888888888888888888866688888888888888888888888888888888888888888666
8888888888888888888888888888886666688888888888888888888888888888888888888888888888888888888888886666677777777777777777766666677777777766666888888888888888888888888888888888888888888888888888888888888888888888866688888888888888888888888888888888888888888866
8888888888888888888888888888888666688888888888888888888888888888888888888888888888888888888888666666777777666666666677777777777777777666668888888888888888888888888888888888888888888888888888888888888888888888888888888888888888888888888888888888888888888886
8888888888888888888888888888888666668888888888888888888888888888888888888888888888888888888886666667777666666666666667777777777777777666668888888888888888888888888888888888888888888888888888888888888886666666888888888888888888888888888888888888888888888888
8888888888888888888888888888888666666688888888888888888888888888888888888888888888888888888866666666666666666666666666677777777777766666688888888888888888888888888888888888888888888888888888888888888886666666888888888888888888888888888888888888888888888888
8888888888888888888888888888888666666688888888888888888888888888888888888888888888888888888666677666666666666666666666666777777777766666688888888888888888888888888888888888888888888888888888888888888866666668888888888888888888888888888888888888888888888888
8888888888888888888888888888888666666668888888888888888888888888888888888888888888888888886666776666666688888888866666666666777777766666688888888888888888888888888888888888888888888888888888888888866666666688888888888888888888888888888888888888888888888888
8888888888888888888888888888888666666666888888888888888888888888888888888888888888888888666666666666668888888888888888666666677777776666688888888888888888888888888888888888888888888888888888888866666666666888888888888888888888888888888888888888888888888888
8888888888888888888888888888886666676666668888888888888888888888888888888888888888888666666666666688888888888888888888866666667777777666668888888888888888888888888888888888888888888888666666666666666666666888888888888888888888888888888888888888888888888888
8888888888888888888888888888886667777666666668888888888888888888888888888888888888866666666668888888888888888888888888888666666777777666668888888888888888888888888888888888888888888888666666666666666666666888888888888888888888888888888888888888888888888888
8666888888888888888888888888886667777776666668888888888888888888888888888888888666666666666668888888888888888888888888888866666677777766668888888888888888888888888888888888888888888888666666666666666666666668888888888888888888888888888888888888888888888888
8666688888888888888888888888866677777776666668888888888888888888888888888888866666666666668888888888888888888888888888888886666667777776666668888888888888888888888888888888888888888888666666666666666666666668888888888888888888888888888888888888888888888888
6666688888888888888888888888666777777766666666888888888888888888888888888886666666766666688888888888888888888888888888888888666667777777666666888888888888888888888888888888888888888886666666666668888866888888888888888888888888888888888888888888888888888888
6666668888888888888888888866667777777666666666888888888888888888888888886666666677766666688888888888888888888888888888888888666667777776666666688888888888888888888888888888888888888866666666666888888888888888888888888888888888888888888888888888888888888886
6666666668888888888888666666677777766666666688888888888888888888888888666777777777766666888888888888888888888888888888888888666677777766666666668888888888888888888888888888888888886666666666666888888888888888888888888888888888888888888888888888888888888866
7777766666888888888886666666777776666666688888888888888888888888888888866777777777666668888888888888888888888888888888888886666777776666666666668888888888888888888888888888888866666666666666668888888888888888888888888888888888888888888888888888888888888677
7777766666668886666666666777777766666666888888888888888888888888888888866666677766666668888888888888888888888888888888888866666777666666666666668888888888888888888888888666666666676666668888888888888888888888888888666888888888888888888888888888888888886777
7777777666666666666666667777766666666888888888888888888888888888888888888666666666666668888888888888888888888888888888888666666666666666666666888888888888888666666666666666666777777666888888888888888888888888888888866888888888888888888888888888888888666777
6666666777766666666777777766666666888888888888888888888888888888888888888666666666666668888888888888888888888888888888886666666666666666666688888888888888888886666666666666667777776668888888888888888888888888888888888888888888888888888888888888888866776666
6666666777777666677777777666666688888888888888888888888888888888888888888866666666666688888888888888888888888888888888866666666666666668888888888888888888888886666666667777777777666668888888888888888888888888888888888888888888888888888888888888888666767766
8688666677777777777777776666688888888888888888888888888888888888888888888866666666668888888888888888888888888888888888666666666666666668888888888888888888888888666666667777777776666888888888888888888888888888888888888866668888888888888888888888888666666666
8888866667777777777777666666888888888888888888888888888888888888888888888866666668888888888888888888888888888888888866666666688888888868888888888888888888888888888666667777777666688888888888888888888888888888888888888888888888888888888888888866666666666666
8888866666677777777776666666888888888888888888888888888888888888888888888866666688888888888888888888888888888888888866666668888888888868888888888888888888888888888866666777776666888888888888888888888888888888888888888888888888888888888888886666666666666668
8888888866667777777766666888888888888888888888888888888888888888888888888666668888888888888888888666688888888888888866666688888888888868888888888888888888888888888886666777766668888888888888888888888888888888888888888888888888888888888866666666666666688888
8888888886666777777766666888888888888888888888888888888888888888888888888666888888888888888888888666688888888888888868868888888888888888888888888888888888888888888886666677666688888888888888888888888888888888888888888888888888886666666666667777666666888888
8888888888666667777666668888888888888888888888888888888888888888888888888668888888888888888888888866688886666666668888888888888888888888888888888888888888888888888886666666666888888888888888888888888888888888888888888888888888866666666666777776666668888888
8888888888666666777766668888888888888888888888888888888888888888888886888888888888888888888888888888888886666666688888888888888888888888888888888888888888888888888886666666666888888888888888888888888888888888888888888888888888866666666667777766666888888888
8888888888886666777766668888888888888888888888888888888888888888888866888888888888888888888888888888888866666666888888888888888888888888888888888888888888888888888886666666668888888888888888888888888888888888888888888888888888666666667777777666668888888888
8888888888886666677766668888888888888888888888888888888888888888888868888888888888888888888888888888888866666666888888888888888888888888888888888888888888888888888886666666688888888888888888888888888888888888888888888888888888666667777777666666688888888888
8888888888888666677766668888888888888888888888888888888888888888888888888888888888888888888888888888888866666666888888888888888888888888888888888888888888888888888886666666688888888888888888888888888888888888888888888888888888666677777766666888888888888888
8888888888888666667766666888888888888888888888888888888888888888888888888888888888888888888888888888888886666668888888888888888888888888888888888888888888888888888866666666688888888888888888888888888888888888888888888888888866666777777666688888888888888888
8888888888888666666777666668888888888888888888888888888888888888888888888888888888888888888888888888888886666688888888888888888888888888888888888888888888888888886666666666688888888888888888888888888888888888888888888888888666667777776666688888888888888888
8888888888888666666777766666888888888888888888888888888888888888888888888888888888888888888888888888888886666688888888888888888888888888888888888888888888888888886666666666888888888888888888888888888888888888888888888888886666677777666666888888888888888888
8888888888886666666677776666688888888888888888888888888888888888888888888888888888888888888888888888888886668888888888888888888888888888888888888888888888888888886666777666888888888888888888888888888888888888888888888888886667777777666888888888888888888888
8888888888866666666677777666688888888888888888888888888888888888888888888888888888888888888888888888888886688888888888888888888888888888888888888888888888888888886666777766688888888888888888888888888888888888888888888888666677777776668888888888888888888888
8888888888866666666667777766668888888888888888888888888888888888888888888888888888888888888888888888888886688888888888888888888888888888888888888888888888888888888666777766688888888888888888888888888888888888888888888886666777777766688888888888888888888888
8888888888666666666666677777666688888888888888888888888888888888888888888888888888888888888888888888888866688888888888888888888888888888888888888888888888888888888866677776666888888888888888888888888888888888888888888866667777777666888888888888888888888888
8888888666666666666666666777776666888888888888888888888888888888888888888888888888888888888888888888888666668888888888888888888888888888888888888888888888888888888886666776666888888888888888888888888888888888888888866666677777766668888888888888888888888888
8888888866666666666666666667777666688888888888888888888888888888888888888888888888888888888888888888886666668888888888888888888888888888888888888888888888888888888888666677766888888888888888888888888888888888888886666666777777666688888888888888888888888888
8888886666688888888888886666667766666666666668888888888888888888888888888888888888888888888888888888886666668888888888888888888888888888888888888888888888888888888888866677776688888888888888888888888888888888888886666677777776666688888888888888888888888888
8888886888888888888888888666666776666666666666688888888888888888888888888888888888888888888888888888866666668688888888888888888888888888888888888888888888888888888888886667777768888888888888888888888888888888886666667777777776666688888888888888888888888888
6668888888888888888888888866666677666666666666688888888888888888888888888888888888888888888888888886666777766688888888888888888888888888888888888888888888888888888888888666777777666668888888888888888888888888666667777777777777666688888888888888888888888888
6666888888888888888888888888666666666666666666688888888888888888888888888888888888888888888888886666667777776668888888888888888888888888888888888888888888888888888888888666777777766666888888888888888888888886667777777777777777666668888888888888888888888888
6666888888888888888888888888866666666777666666688888888888888888888888888888888888888888888888886666677777776666888888888888888888888888888888888888888888888888888888888666677777776666666668888888886666688667777777777777666666666666688888888888888888888888
8888888888888888888888888888888866667777766666688888888888888888888888888888888888888888888888666666677777766666688888888888888888888888888888888888888888888888888888888666667777777666666666666666666666666677777777777766666666666666668888888888888888888888
8888888888888888888888888888888886666777777666668888888888888888888888888888888888888888888866666666666666666666668888888888888888888888888888888888888888888888888888888666666777777776666666666666666666666667776666666666666666666666666888888888888888888888
8888888888888888888888888888888886666777777776666668888888888888888888888888888888888888888666666666666666666888888888866688888888888888888888888888888888888888888888888666666777777777777777776666666666666666666666666666666666888666666668888888888888888888
8888888888888888888888888888888888666677777777777666688888888888888888888888888888888888866666666666668888888888888888888888888888888888888888888888888888888888888888888666667777777777777777777766666666666666666666666666666688888866666668888888888888888888
8888888888888888888888888888888888666677777777777776668888888888888888888888888888888886666666666666888888888888888888888888888888888888888888888888888888888888888888886666777777777777777777776666666668888888888888888888866688888888888888888888888888888888
8888888888888888888888888888888888666677777777777766666688888888888888888888888888866666666666888888888888888888888888888888888888888888888888888888888888888888888888666667777777777777777777666666666688888888888888888888888888888888888888888888888888888888
8888888888888888888888888888888886666777777766666666666668888888888888888888888888666666666666888888888888888888888888888888888888888888888888888888888888888888888888666667777777777777777666666688888888888888888888888888888888888888888888888888888888888888
8888888888888888888888888888888886667777777666666666666688888888888888888888866666666666668888888888888888888888888888888888888888888888888888888888888888888888888866666777777777777776666666668888888888888888888888888888888888888888888888888888888888888888
8888888888888888888888888888888886777777666666666666666688888888888888666666666666666668888888888888888888888888888888888888888888888888888666888888888888888888666666677777777777777666666666888888888888888888888888888888888888888888888888888888888888888888
8888888888888888888888888888888867777776666666666888888888888888886666777777776666668888888888888888888888888888888888888888888888888888888666666666666666666666666666777777777777766666666888888888888888888888888888888888888888888888888888888888888888888888
8888888888888888888888888888866667776666666668888888888888888888886667777777776668888888888888888888888888888888888888888888888888888888888886666666666666666666666677777777777776666666668888888888888888888888888888888888888888888888888888888888888888888888
8888888888888888888888888888666666666666888888888888888888888888888667777777776688888888888888888888888888888888888888888888888888888888888886666666666666666666667777777777777766666668888888888888888888888888888888888888888888888888888888888888888888888888
8888888888888888888888888886666666668888888888888888888888888888888667777777666688888888888888888888888888888888888888888888888888888888888888686666666666666666677777777777777666666888888888888888888888888888888888888888888888888888888888888888888888888888
8888888888888888888888888666666666688888888888888888888888888888888866666666666888888888888888888888888888888888888888888888888888888888888888888866666667777777777777777777776666668888888888888888888888888888888888888888888888888888888888888888888888888888
8888888888888888888888666666666666888888888888888888888888888888888866666666668888888888888888888888888888888888888888888888888888888888888888888866666677777777777777777777766666668888888888888888888888888888888888888888888888888888888888888888888888888888
8888888888888888888666666666666888888888888888888888888888888888888888666666668888888888888888888888888888888888888888888888888888888888888888888886666667777777777777777777766666668888888888888888888888888888888888888888888888888888888888888888888888888888
8888888888888888886666777766666888888888888888888888888888888888888888666666668888888888888888888888888888888888888888888888888888888888888888888886666666777777777777777777776666668888888888888888888888888888888888888888888888888888888888888888888888888888
8888888888888888886667777666668888888888888888888888888888888888888888866666668888888888888888888888888888888888888888888888888888888888888888888888666666677777777777777777777666668888888888888888888888888888888888888888888888888888888888888888888888888888
6688888888888888666777766668888888888888888888888888888888888888888888866666688888888888888888888888888888888888888888888888888888888888888888888888666666667777777777777777777666688888888888888888888888888888888888888888888888888888888888888888888888888888
6668888888888666667777666668888888888888888888888888888888888888888888888666688888888888888888888888888888888888888888888888888888888888888888888888866666667777777777766666777666688888888888888888888888888888888888888888888888888888888888888888888888888888
6666888888866666777777666688888888888888888888888888888888888888888888888886668888888888888888888888888888888888888888888888888888888888888888888888866666677777777776666666666666666888888888888888888888888888888888888888888888888888888888888888888888888888
6666666666666677777776668888888888888888888888888888888888888888888888888888688888888888888888888888888888888888888888888888888888888888888888888888866666777777776666666666666666666688888888888888888888888888888888888888888888888888888888888888888888888888
6666666666667777777666688888888888888888888888888888888888888888888888888888688888888888888888888888888888888888888888888888888888888888888888888886666677777777666666666666666666866666688888888888888888888888888888888888888888888888888888888888888888888888
8888666667777777776666688888888888888888888888888888888888888888888888888888666888888888888888888888888888888888888888888888888888888888888888888866666777777666666666688888888888886666668888888888888888888888888888888888888888888888888888888888888888888886
8888666667777777766666888888888888888888888888888888888888888888888888888888666688888888888888888888888888888888888888888888888888888888888888886666667777766666666668888888888888888868666688888888888888888888888888888888888888888888888888688888888888888888
8888888666777777766688888888888888888888888888888888888888888888888888888886666668888888888888888888888888888888888888888888888888888888888888866666677777666666666888888888888888888888666668888888888888888888888888888888888888888888888888688888888888888888
8888888866677777666688888888888888888888888888888888888888888888888888888866666666688888888888888888888888888888888888888888888888888888888888666666777776666668888888888888888888888888888666688888888888888888888888888888888888888888888888668888888888888888
8888888886666777666688888888888888888888888888888888888888888888888888888866666666668888888888888888888888888888888888888888888888888888888886666777766666666888888888888888888888888888888866668888888888888888888888888888888888888888888888866688888888888888
8888888886666677666668888888888888888888888888888888888888888888888888888866666666668888888888888888888888888888888888888888888888888888888666667777766666688888888888888888888888888888888866666688888888888888888888888888888888888888888888666666888888888888
8888888888866666666668888888888888888888888888888888888888888888888888888888886666688888888888888888888888888888888888888888888888888888866666777777666888888888888888888888888888888888888888866668888888888888888888888888888888888888888886666666888888888888
8888888888886666666666888888888888888888888888888888888888888888888888888888888888888888888888888888888888888888888888888888888888888888666667777776666888888888888888888888888888888888888888866666888888888888888888888888888888888888888886666668888888888888
8888888888888666666666888888888888888888888888888888888888888888888888888888888888888888888888888888888888888888888888888888888888886666666666777666666888888888888888888888888888888888888888888866688888888888888888888888888888888888888866668888888888888888
8888888888888666666666888888888888888888888888888888888888888888888888888888888888888888888888888888888888888888888888888888888888866666776666666666668888888888888888888888888888888888888888888886666888888888888888888888888888888888888666668888888888888888
8888888888888666666666688888888888888888888888888888888888888888888888888888888888888888888888888888888888888888888888888888888866666666776666666666668888888888888888888888888888888888888888888888666668888888888888888888888888888866886666888888888888888888
8888888888888866667766668888888888888888888888888888888888888888888888888888888888888888888888888888888888888888888888888888866666666666666666666666666888888888888888888888888888888888888888888888866666888888888888888888888888886666666666888888888888888888
8888888888888866667776666888888888888888888888888888888888888888888888888888888888888888888888888888888888888888888888886666666666666666666666666666666888888888888888888888888888888888888888888888866666688888888888888888888888866677766668888888888888888888
8888888888888666667776666688888888888888888888888888888888888888888888888888888888888888888888886666888888888888888888866666666666888888888888888888886688888888888888888888888888888888888888888888866666666666888888888888888888666777666688888888888888888888
8888888888888666667777666668888888888888888888888888888888888888888888888888888888888888888888886666688888888888888886666666666688888888888888888888888688888888888888888888888888888888888888888888866666666666668888888888886666677766668888888888888888888888
8888888888866666667777666668888888888888888888888888888888888888888888888888888888888888888888888666668888888888888886666666688888888888888888888888888888888888888888888888888888888888888888888888866666677776666666666666666677777666688888888888888888888888
8888888888866666666677766666888888888888888888888888888888888888888888888888888888888888888888888866666666666666666666666888888888888888888888888888888888888888888888888888888888888888888888888888866666677777666666666666777777776666688888888888888888888888
8888888888866666666667777666668888888888888888888888888888888888888888888888888888888888888888888886666666667766666688868888888888888888888888888888888888888888888888888888888888888888888888888888886666677777666666666667777777776668888888888888888888888888
8888888888666666666666677766666888888888888888888888888888888888888888888888888888888888888888888888666666677776666888888888888888888888888888888888888888888888888888888888888888888888888888888888886666666666666666666777777777766688888888888888888888888888
8888888888666666666666666666666688888888888888888888888888888888888888888888888888888888888888888888666776677766666888888888888888888888888888888888888888888888888888888888888888888888888888888866666666666666666666667777777777666688888888888888888888888888
8888888886666666666686666666666666888888888888888888888888888888888888888888888888888888888888888886667777666666666888888888888888888888888888888888888888888888888888888888888888888888888888888666666666666666666666666777777777666688888888888888888888888888
8888888688668888888886866666676666668888888888888888888888888888888888888888888888888888888888888867777776666666666888888888888888888888888888888888888888888888888888888888888888888888888888886668888888888888886666666667777777666688888888888888888888888888
8888866688888888888888888666667666666888888888888888888888888888888888888888888888888888888888888677777666666666668888888888888888888888888888888888888888888888888888888888888888888888888888868888888888888888888666666666777777666688888888888888888888888888
8888666688888888888888888866666777666688888888888888888888888888888888888888888888888888888888887777776666666666888888888888888888888888888888888888888888888888888888888888888888888888888888888888888888888888888888886666667777766688888888888888888888888888
6686668888888888888888888866666777766666666888888888888888888888888888888888888888888888888888677777766666666688888888888888888888888888888888888888888888888888888888888888888888888888888888888888888888888888888888888886666777776688888888888888888888888888
6688888888888888888888888866666677776666666666688888888888888888888888888888888888888888888886677777666666666888888888888888888888888888888888888888888888888888888888888888888888888888888888888888888888888888888888888886666677776668888888888888888888888888
6888888888888888888888888886666667777666666666688888888888888888888888888888888888888888888866777776666666688888888888888888888888888888888888888888888888888888888888888888888888888888888888888888888888888888888888888888866666777666888888888888888888888888
6888888888888888888888888886666666677766666666688888888888888888888888888888888888888888888877776666668686888888888888888888888888888888888888888888888888888888888888888888888886666668888888888888888888888888888888888888886666677666688888888888888888888888
8888888888888888888888888886666666677776666666668888888888888888888888888888888888888888866677776666668888888888888888888888888888888888888888888888888888888888888888888888886666666666888888888888888888888888888888888888888666666766666688888888888888888888
8888888888888888888888888886666666677777666666666888888888888888888888888888888888888888666777776666668888888888888888888888888888888888888888888888888888888888888888888888866666666688888888888888888888888888888888888888888888666666666666888888888888888888
8888888888888888888888888886666666677777766666666688888888888888888888888888888888888886667777766666888888888888888888888888888888888888888888888888888888888888888888888888666666666888888888888888888888888888888888888888888888866666776666688888888888888888
8888888888888888888888888866666666677777777666666668888888888888888888888888888888888866677776666666888888888888888888888888888888888888888888888888888888888888888888888888866666668888888888888888888888888888888888888888888888886666777776668888888888888888
8888888888888888888888888666666666777777777776666666668888888888888888888888888888666666777766666668888888888888888888888888888888888888888888888888888888888888888888888886666666688888888888888888888888888888888888888888888888888666667777766668888888888888
6688888888888888888888886666666666777777777777766666666668888888888888888888888666666677777666666688888888888888888888888888888888888888888888888888888888888888888888888666666668888888888888888888888888888888888888888888888888888886667777766666688888888888
7668888888888888888888886666666666667777777777777666666666688888888888888888866666667777776666668888888888888888888888888888888888888888888888888888888888888888888888886666666668888888888888888888888888888888888888888888888888888888866777777666666888888888
7666888888888888888888888886666666666677777777777667766666666666888888888866666666777777666666688888888888888888888888888888888888888888888888888888888888888888888888666666666888888888888888888888888888888888888888888888888888888888888867777777666668888888
6666888888888888888888888888866666666666777777777777777776666666666666666666667777777776666668888888888888888888888888888888888888888888888888888888888888888888888886666666666888888888888888888888888888888888888888888888888888888888888866777777776666666888
6666888888888888888888888888888666666666667777777777777777766666666666666666677777777766666688888888888888888888888888888888888888888888888888888888888888888888888886666666668888888888888888888888888888888888888888888888888888888888888866667777777776666688
6668888888888888888888888888888886666666666777777777777777777777666666666677777777776666666888888888888888888888888888888888888888888888888888888888888888888888888866666666668888888888888888888888888888888888888888888888888888888888888886666677777777766666
8888888888888888888888888888888888866666666667777777777777777777776666667777777777766666666888888888888888888888888888888888888888888888888888888888888888888888888866666666666888888888888888888888888888888888888888888888888888888888888886666667777777777766
8888888888888888888888888888888888886666666666777777777777777777777777777777777777766666688888888888888888888888888888888888888888888888888888666888888888888888888888666666666888888888888888888888888888888888888888888888888888888888888886666666777777777776
8888888888888888888888888888888888888666666666677777777777777777777777777777777777666666688888888888888888888888888888888888888888888888888888886666888888888888888888886666666688888888888888888888888888888888888888888888888888888888888886666666777777777777
8888888888888888888888888888888888888866666667777777777777777777777777777777777776666666888888888888888888888888888888888888888888888888888888886666888888888888888888888888666668888888888888888888888888888888888888888888888888888888888866666666777777777777
8888888888888888888888888888888888888866666677777777777766666666667777777777777666666666888888888888888888888888888888888888888888888888888888886666666888888888888888888888888666888888888888888888888888888888888888888888888888888888888866666677777777777777
8888888888888888888888888888888888888866666777777777766666666666666677777777777666666668888888888888888888888888888888888888888888888888888888888666668888888888888888888888888866888888888888888888888888888888888888888888888888888888888866666777777777777777
8888888888888888888888888888888888888666667777777777666666666666666666777777777766666688888888888888888888888888888888888888888888888888888888888666668888888888888888888888888888668888888888888888888888888888888888888888888888888888888866667777777777766666
8888888888888888888888888888888888888666677777766666666666888666666666667777777766666668888888888888888888888888888888888888888888888888888888886666888888888888888888888888888888866688888888888888888888888888888888888888888888888888888666677777776666666666
8888888888888888888888888888888888886666777776666666888888888888886666666667777776666668888888888888888888888888888888888888888888888888888888886688888888888888888888888888888888888888888888888888888888888888888888888888888888888888886666777777666666666688
8888888888888888888888888888888888886677777766666668888888888888888886666666777777666668888888888888888888888888888888888888888888888888888886668888888888888888888888888888888888888886688888888888888888888888888888888888888888888888666667777776666666688888
8888888888888888888888888888888888666777777666666668888888888888888888666666666777766668888888888888888888888888888888888888888888888888888866888888888888888888888888888888888888888886666688888888888888888888888888888888888888888886666677776666666688888888
8888888888888888888888888888888866667776666666888888888888888888888888888866666677776668888888888888888888888888888888888888888888888888888666688888888888888888888888888888888888888888666668888888888888888888888888888888888888888866777776666666668888888888
8888888888888888888888888888888666667766666666888888888888888888888888888886666667777666888888888888888888888888888888888888888888888888888666688888888888888888888888888888888888888888886666668888888888888888888888888888888888888667777766666668888888888888
8888888888888888888888888888866667766666666668888888888888888888888888888888666666777666668888888888888888888888888888888888888888888888866666688888888888888888888888888888888888888888888666666888888888888888888888888888888888886677777666688888888888888888
8888888888888888888888888888666666766666666888888888888888888888888888888888886666667666666888888888888888888888888888888888888888888888866888888888888888888888888888888888888888888888888886666688888888888888888888888888888886667777766666888888888888888888
8888888888888888888888888866666666666666688888888888888888888888888888888888888666666666666688888888888888888888888888888888888888888866688888888888888888888888888888888888888888888888888888866666668888888888888888888888866666777777666888888888888888888888
8888888888888888888888888666666666666666888888888888888888888888888888888888888866666666666668888888888888888888888888888888888888888666688888888888888888888888888888888888888888888888888888886666666888888888888888888888666777777766668888888888888888888888
8888888888888888888888866666666666666688888888888888888888888888888888888888888888666667766666888888888888888888888888888888888888886668888888888888888888888888888888888888888888888888888888886666666666888888888888888666667777777666688888888888888888888888
8888888888888888888888866666666666666888888888888888888888888888888888888888888888886667776666668888888888888888888888888888888888886668888888888888888888888888888888888888888888888888888888888666666666888888888888888666667777777666888888888888888888888888
8888888888888888888888666666666666668888888888888888888888888888888888888888888888886666666666666888888888888888888888888888888888866668888888888888888888888888888888888888888888888888888888888666667777766668888888886666666677776666888888888888888888888888
8888888888888888888866666666666666668888888888888888888888888888888888888888888888888866666666666688888888888888888888888888888866688888888888888888888888888888888888888888888888888888888888888666777777776666888888888886666666776666688888888888888888888888
8888888888888888886666666666666666666888888888888888888888888888888888888888888888888886666666666668888888888888888888888888888666668888888888888888888888888888888888888888888888888888888888886666777777766668888888888888866666666666688888888888888888888888
8888888888888888866666666666888666666888888888888888888888888888888888888888888888888888666667766666688888888888888888888888886666668888888888888888888888888888888888888888888888888888888888886667777777766888888888888888888888668866688888888888888888888888
8888888888888886666666666688888866666888888888888888888888888888888888888888888888888888666667776666668888888888888888888888866666666888888888888888888888888888888888888888888888888888888888886677777776688888888888888888888888888888668888888888888888888888
8888888888886886666666666888888886666888888888888888888888888888888888888888888888888888666667777666666668888888888888888888886666666688888888888888888888888888888888888888888888888888888888666777776688888888888888888888888888888888866888888888888888888888
8888888888666688888888888888888888666888888888888888888888888888888888888888888888888888866667777766666666666666688888888888888888666668888888888888888888888888888888888888888888888888888886666777768888888888888888888888888888888888888888888888888888888888
8888888888666688888888888888888888888888888888888888888888888888888888888888888888888888866666777776666666666666688888888888888888886666666888888888888888888888888888888888888888888888888886666666668888888888888888888888888888888888888888888888888888888888
8888888866666688888888888888888888888888888888888888888888888888888888888888888888888888866666777777777666666666688888888888888888888666666688888888888888888888888888888888888888888888888866666666888888888888888888888888888888888888888888688888888888888888
8888886666668888888888888888888888888888888888888888888888888888888888888888888888888888866667777777777777666666688888888888888888888886666688888888888888888888888888888888888888888888888866666688888888888888888888888888888888888888888888888888888888888888
6666666666668888888888888888888888888888888888888888888888888888888888888888888888888888866667777777777766666668888888888888888888888888886688888888888888888888888888888888888888888888888666666888888888888888888888888888888888888888888888888688888888888888
6666666666888888888888888888888888888888888888888888888888888888888888888888888888888888666667777777777666668888888888888888888888888888888886688888888888888888888888888888888888888888866666688888888888888888888888888888888888888888888888888868888888888888
6666666668888888888888888888888888888888888888888888888888888888888888888888888888888888667777777777776666688888888888888888888888888888888888688888888888888888888888888888888888888866777766888888888888888888888888888888888888888888888888888888688888888888
7766666688888888888888888888888888888888888888888888888888888888888888888888888888888886677777777776666668888888888888888888888888888888888888888888666888888888888888888888888888888866777668888888888888888888888888888888888888888888888888888888868888888888
7766666888888888888888888888888888888888888888888888888888888888888888888888888888888666777777777766666688888888888888888888888888888888888888888888868888888888888888888888888888866667766668888888888888888888888888888888888888888888888888888888888888888888
6666668888888888888888888888888888888888888888888888888888888888888888888888888888886667777777777666668888888888888888888888888888888888888888888888888888888888888888888888888666666776666888888888888888888888888888888888888888888888888888888888888866888888
6666688888888888888888888888888888888888888888888888888888888888888888888888888866666777777777666666688888888888888888888888888888888888888888888888888888888888888888888888866666777776668888888888888888888888888888888888888888888888888888888888888886666888
6668888888888888888888888888888888888888888888888888888888888888888888888888888666667777777776666688888888888888888888888888888888888888888888888888888888888888888888888666666667777766688888888888888888888888888888888888888888888888888888888888888886666668
6668888888888888888888888888888888888888888888888888888888888888888888888888666666677777777666668888888888888888888888888888888888888888888888888888888888888888888888866666666677777766888888888888888888888888888888888888888888888888888888888888888886666666
6668888888888888888888888888888888888888888888888888888888888888888888888888666667777777776666666888888888888888888888888888888888888888888888888888888888888888888888886666666777777668888888888888888888888888888888888888888888888888888888888888888886666666
6668888888888888888888888888888888888888888888888888888888888888888668888886666667777777766666688888888888888888888888888888888888888888888888888888888888888888888888888666666777776668888888888888888888888888888888888888888888888888888888888888888886666667
6668888888888888888888888888888888888888888888888888888888888888888666866666666666777766666666888888888888888888888888888888888888888888888888888888888888888888888888888866666777666668888888888888888888888888888888888888888888888888888888888888888888866666
6668888888888888888888888888888888888888888888888888888888888888888888886666666666666666666668888888888888888888888888888888888888888888888888888888888888888888888888888866666676677778888888888888888888888888888888888888888888888888888888888888888888866666
