8888888888888888888888888888666666888888888888888888888888886667777668888888888888888888666888888888888888888888888888888888888888888888888888888888888888888888888888866667777666666688888888888888888888888888888888888888888888888888888886866666666666888888
8888888888888888888888888888666888888888888888888888888888886666667666888888888888888888888888888888888888888888888888888888888888888888888888888888888888888888888888866667777666666688888888888888888888888888888888888888888888888888888888866666666666888888
8888888888888888888888888888888888888888888888888888888888888866666666688888888888888888888888888888888888888888888888888888888888888888888888888888888888888888888888866667777666666688888888888888888888888888888888888888888888888888888888866666666666888888
8888888888888888888888888888888888888888888888888888888888888886666666666688888888888888888888888888888888888888888888888888888888888888888888888888888888888888888888866666777766666668888888888888888888888888888888888888888888888888888888866666666666888888
8888888888888888888888888888888888888888888888888888888888888888666667666668888888888888888888888888888888888888888888888888888888888888888888888888888888888888888888866666777776666666688888888888888888888888888888888888888888888888888888866666666666688888
7666888888888888888888888888888888888888888888888888888888888888866666777666888888888888888888888888888888888888888888888888888888888888888888888888888888888888888888866666677777666666668888888888888888888888888888888888888888888888888888866666666666668888
7776666668888888866668888888888888888888888888888888888888888888886666677666666666888888888888888888888888888888888888888888888888888888888888888888888888888888888888866666666677777776666688888888888888888888888888888888888888888888888888866666666666666688
7777766666666666666668888888888888888888888888888888888888888888888666667776666666888888888888888888888888888888888888888888888888888888888888888888888888888888888888666666666666777777666666666888888888888888888888888888888888888888888888888888866666666688
7777777666666666666668888888888888888888888888888888888888888888888666667777766666888888888888888888888888888888888888888888888888888888888888888888888888888888888888666666666666666677777666666688888888888888888888888888888888888888888888888888886666666666
7777777777666777666666888888888888888888888888888888888888888888888666666777777666688888888888888888888888888888888888888888888888888888888888888888888888888888888888866666666666666667777766666668888888888888888888888888888888888888888888888888888666666666
6777777777777777777666888888888888888888888888888888888888888888886666666777777666688888888888888888888888888888888888888888888888888888888888888888888888888888888888888888888886666666677777666666888888888888888888888888888888888888888888888888888666666666
6666777777777777777666888888888888888888888888888888888888888888866666667777777766688888888888888888888888888888888888888888888888888888888888888888888888888888888888888888888888866666667777766666888888888888888888888888888888888888888888888888888666666666
6666677777777777776668888888888888888888888888888888888888888888666666677777777776668888888888888888888888888888888888888888888888888888888888888888888888888888888888888888888888888886666777666666668888888888888888888888888888888888888888888888888866666666
8866667777777777766688888888888888888888888888888888888888888886666666677777777776666888888888888888888888888888888888888888888888888888888888888888888888888888888888888888888888888888866666666766666688888888888888888888888888888888888888888888888888866666
8886666777777777666888888888888888888888888888888888888888888866666666666777777777666688888888888888888888888888888888888888888888888888888888888888888888888888888888888888888888888888886666666766666666668888888888888888888888888888888888888888888888886666
8888886667777776668888888888888888888888888888888888888888888886666666666666777777776666888888888888888888888888888888888888888888888888888888888888888888888888888888888888888888888888888666666666666666666666668888888888888888888888888888888888888888886666
8888888866777776688888888888888888888888888888888888888888888888666666666666667777777666668888888888888888888888888888888888888888888888888888888888888888888888888888888888888888888888888888666666666666766666668888888888888888888888888888888888888888886666
8888888886666776688888888888888888888888888888888888888888888888886666666666666677777776666688888888888888888888888888888888888888888888888888888888888888888888888888888888888888888888888888886666666666777776668888888888888888888888888888888888888888886666
8888888886666666688888888888888888888888888888888888888888888888886866666666666666777777776666668888888888888888888888888888888888888888888888888888888888888888888888888888888888888888888888888886666666777776666888888888888888888888888888888888888888886666
8888888888666666888888888888888888888888888888888888888888888888888668888886666666667777777666666888888888888888888888888888888888888888888888888888888888888888888888888888888888888888888888888888866666677777666666888888888888888888888888888888888888886666
8888888888866666888888888888888888888888888888888888888888888888888888888888888886666777777766666688888888888888888888888888888888888888888888888888888888888888888888888888888888888888888888888888888866667766666666668888888888888888888888888888888888666666
8888888888866668888888888888888888888888888888888888888888888888888888888888888888666666777776666666688888888888888888888888888888888888888888888888888888888888888888888888888888888888888888888888888888666666666766666888888888888888888888888888888886666666
8888888888866668888888888888888888888888888888888888888888888888888888888888888888886666666677777666666888888888888888888888888888888888888888888888888888888888888888888888888888888888888888888888888888866666666666666688888888888888888888888888888666666666
8888888888666688888888888888888888888888888888888888888888888888888888888888888888888866666667777766666666688888888888888888888888888888888888888888888888888888888888888888888888888888888888888888888888888666666666666666888888888888888888888888886666666666
8888888888666888888888888888888888888888888888888888888888888888888888888888888888888886666666777776666666668888888888888888888888888888888888888888888888888888888888888888888888888888888888888888888888888866666666666666888888888888888888888888866666666666
8888888666688888888888888888888888888888888888888888888888888888888888888888888888888888866666677777776666666666888888888888888888888888888888888888888888888888888888888888888888888888888888888888888888888888666666666666888888888888888888888888666666666667
8888888666688888888888888888888888888888888888888888888888888888888888888888888888888888888666666777777777666666666666666668888888888888888888888888888888888888888888888888888888888888888888888888888888888888888886666666688888888888888888888888666666666677
8888886688888888888888888888888888888888888888888888888888888888888888888888888888888888888866666677777777766666666666666666666666888888888888888888888888888888888888888888888888888888888888888888888888888888888888666666688888888888888888888888666666667777
8888666688888888888888888888888888888888888888888888888888888888888888888888888888888888888888666667777777776666666666666666666666688888888888888888888888888888888888888888888888888888888888888888888888888888888888866666688888888888888888888888666666667777
8886666688888888888888888888888888888888888888888888888888888888888888888888888888888888888888866666677777777777666666667776666666888888888888888888888888888888888888888888888888888888888888888888888888888888888888886666688888888888888888888888886666666777
8866668888888888888888888888888888888888888888888888888888888888888888888888888888888888888888886666667777777777777666677777666666888888888888888888888888888888888888888888888888888888888888888888888888888888888888888688888888888888888888888888888666666677
8866668888888888888888888888888888888888888888888888888888888888888888888888888888888888888888886666667777777777777777777777666668888888888888888888888888888888888888888888888888888888888888888888888888888888888888888888888888888888888888888888888866666666
6666688888888888888888888888888888888888888888888888888888888888888888888888888888888888888888886666666677777777777777777776666668888888888888888888888888888888888888888888888888888888888888888888888888888888888888888888888888888888888888888888888886666666
7766688888888888888888888888888888888888888888888888888888888888888888888888888888888888888888888866666667777777777777776666666688888888888888888888888888888888888888888888888888888888888888888888888888888888888888888888888888888888888888888888888886666666
7776888888888888888888888888888888888888888888888888888888888888888888888888888888888888888888888886666666777777777777766666666888888888888888888888888888888888888888888888888888888888888888888888888888888888888888888888888888888888888888888888888886666666
7776688888888888888888888888888888888888888888888888888888888888888888888888888888888888888888888886666666777777777777666666668888888888888888888888888888888888888888888888888888888888888888888888888888888888888888888888888888888888888888888888888886666666
7776688888888888888888888888888888888888888888888888888888888888888888888888888888888888888888888886666666777777777776666666688888888888888888888888888888888888888888888888888888888888888888888888888888888888888888888888888888888888888888888888888886666667
6766668888888888888888888888888888888888888888888888888888888888888888888888888888888888888888888886666667777777777776666666688888888888888888888888888888888888888888888888888888888888888888888888888888888888888888888888888888888888888888888888888886666677
6666666888888888888888888888888888888888888888888888888888888888888888888888888888888888888888888886666667777777777776666666688888888888888888888888888888888888888888888888888888888888888888888888888888888888888888888888888888888888888888888888888866666777
8866666668888888888888888888888888888888888888888888888888888888888888888888888888888888888888888886666677777777777776666666688888888888888888888888888888888888888888888888888888888888888888888888888888888888888888888888888888888888888888888888888666667777
8888666666888888888888888888888888888888888888888888888888888888888888888888888888888888888888888866666677777777777777666666688888888888888888888888888888888888888888888888888888888888888888888888888888888888888888888888888888888888888888888888886666677766
8888866666668888888888888888888888888888888888888888888888888888888888888888888888888888888888888866666777777777777777766666688888888888888888888888888888888888888888888888888888888888888888888888888888888888888888888888888888888888888888888888866666776666
8888866666666888888888888888888888888888888888888888888888888888888888888888888888888888888888888666667777777777777777776666688888888888888888888888888888888888888888888888888888888888888888888888888888888888888888888888888888888888888888888888666677766666
8888888866666688888888888888888888888888888888888888888888888888888888888888888888888888888888886666777777766666677777777666668888888888888888888888888888888888888888888888888888888888888888888888888888888888888888888888888888888888888888888886666777666668
8888888886666666666888888888888888888888888888888888888888888888888888888888888888888888888888866666777777666666666777777776666688888888888888888888888888888888888888888888888888888888888888888888888888888888888888888888888888888888888888888886666766666668
8888888888866666666688888888888888888888888888888888888888888888888888888888888888888888888888866667777776666666666667777776666666888888888888888888888888888888888888888888888888888888888888888888888888888888888888888888888888888888888888888666666666668888
8888888888886666666666888888888888888888888888888888888888888888888888888888888888888888888666666777666666666666666666677777666666688888888888888888888888888888888888888888888888888888888888888888888888888866668888888888888888888888888888866667766666668888
8888888888888666777666666688888888888888888888888888888888888888888888888888888888888888888666666776666666688888888886666777766666688888888888888888888888888888888888888888888888888888888888888888888888888666668888888888888888888888888888666777766666888888
8888888888888886777666666668888888886688888888888888888888888888888888888888888888888888886667776666668888888888888888886667777766666688888888888888888888888888888888888888888888888888888888888888888888886666668888888888888888888888888666667776666688888888
8888888888888886666666666666668888866668888888888888888888888888888888888888888888888888666667766666888888888888888888888666677776666668888888888888888888888888888888888888888888888888888888888888888888866666666888888888888888888888866666677666666888888888
8888888888888888666666677766666666666668888888888888888888888888888888888888888888888666666666666888888888888888888888888866666777766666888888888888888888888888888888888888888888888888888888888888888888666666666668888888888888888886666666776666688888888888
8888888888888888886666677777766666666666888888888888888888888888888888888888888888886677776666668888888888888888888888888886666677776666688888888888888888888888888888888888888888888888888888888888888886666777666666688888888888888666677776666666888888888888
8888888888888888888666667777777666666666688888888888888888888888888888888888888886677777766666688888888888888888888888888886666667777766666888888888888888888888888888888888888888888888888888888888886666667777766666666688888888666666677776666668888888888888
8888888888888888888866666777777776666666666888888888888888888888888888888888888886777776666666888888888888888888888888888888866666777776666688888888888888888888888888888888888888888888888888886886666666677777766666666666666666666666777766666688888888888888
8888888888888888888888666677777777776666666666668888888888888888888888886688667777777666666888888888888888888888888888888888888666667777666668888888888888888888888888888888888888888888888888866666666666667777766667777766666666777777776666666668888888888888
8888888888888888888888866667777777777766666666666688888666888888888888666677777776666666688888888888888888888888888888888888888886666677666666688888888888888888888888888888888888888888888666666666666666666666666667777777777777777777666666666668888888888888
8888888888888888888888886666777777777777777776666666688888888888886666666777777766666888888888888888888888888888888888888888888888666666777766666666888888888888888888888888888888888888888666666667776666666666666666777777777777777776666666666666888888888888
8888888888888888888888888666677777777777777777666666666666666888886666666777766666668888888888888888888888888888888888888888888888888666677776666666888888888888888888888888888888888888666666666666666666888886666666666777777777776666666666666666888888888888
8888888888888888888888888866667777777777777777666666666666666888886666666666666666888888888888888888888888888888888888888888888888888886666776666666688888888888888888888888888888888886666666776666668888888888888866666667777777666666688888888888888888888888
8888888888888888888888888866667777777777776666666888888888888888888888886666666666888888888888888888888888888888888888888888888888888888666666666666668888888888888888888888888888888866666777766688888888888888888888666666777776666668888888888888888888888888
8888888888888888888888888866667777777766666666888888888888888888888888888888666666888888888888888888888888888888888888888888888888888888866666667776666666888888888888888888888888666666666776666888888888888888888888866666677766666888888888888888888888888888
8888888888888888888888888866677777776666666668888888888888888888888888888888886668888888888888888888888888888888888888888888888888888888886666667777666666666688888888888888888886666677776666668888888888888888888888888666666666668888888888888888888888888888
8888888888888888888888888866777777766666668888888888888888888888888888888888888888888888888888888888888888888888888888888888888888888888888666666777777666666668888888888888666666666777776666888888888888888888888888888866666666688888888888888888888888888888
8888888888888888888888888666777777666666888888888888888888888888888888888888888888888888888888888888888888888888888888888888888888888888888866666667777776666666888888888666666666666777666688888888888888888888888888888866666888888888888888888888888888888866
8888888888888888888888888666777766666688888888888888888888888888888888888888888888888888888888888888888888888888888888888888888888888888888888666666777777666666666666666666666777777766666888888888888888888888888888888866666888888888888888888888888888888666
8888888888888888888888886666777666666888888888888888888888888888888888888888888888888688888888888888888888888888888888888888888888888888888888888666777777777776666666666667777777777666668888888888888888888888888888888866688888888888888888888888888888888866
8888888888888888888888866666776666668888888888888888888888888888888888888888888888888868888888888888888888888888888888888888888888888888888888888866667777777777666666666777777777776666888888888888888888888888888888888866888888888888888888888888888888888886
8888888888888888888888666666666666668888888888888888888888888888888888888888888888888866888888888888888888888888888888888888888888888888888888888886666677777777776666677777777776666668888888888888888888888888888888888668888888888888888888888888888888888888
8888888888888888888886666666666666668888888888888888888888888888888888888888888888888866688888888888888888888888888888888888888888888888888888888888866666777777777777777777777766668888888888888888888888888888888888888888888888888888888888888888888888888888
8888888888888888888886666666666666668888888888888888888888888888888888888888888888888886688888888888888888888888888888888888888888888888888888888888866666677777777777777777766666688888888888888888888888888888888888888888888888888888888888888888888888888888
8888888888888888888866666666666666688888888888888888888888888888888888888888888888888888888888888888888888888888888888888888888888888888888888888888886666667777777777777777666666888888888888888888888888888888888888888888888888888888888888888888888888888888
8888888888888888888866666666666666888888888888888888888888888888888888888888888888888888888888888888888888888888888888888888888888888888888888888888886666666777777777777777666666888888888888888888888888888888888888888888888888888888888888888888888888888888
8888888888888888886666666666666668888888888888888888888888888888888888888888888888888888888888888888888888888888888888888888888888888888888888888888886666667777777777777776666668888888888888888888888888888888888888888888888888888888888888888888888888888888
8888888888888888886666666666666688888888888888888888888888888888888888888888888888888888888888888888888888888888888888888888888888888888888888888888886666677777777777777776666668888888888888888888888888888888888888888888888888888888888888888888888888888888
8888888888666666666666666888888888888888888888888888888888888888888888888888888888888888888668888888888888888888888888888888888888888888888888888888886667777777777777777777666666888888888888888888888888888888888888888888888888888888888888888888888888888888
8888888866666666666888888888888888888888888888888888888888888888888888888888888888888888888888888888888888888888888888888888888888888888888888888888866677777777777777777777766666888888888888888888888888888888888888888888888888888888888888888888888888888888
8888888666666666666888888888888888888888888888888888888888888888888888888888888888888888888888888888888888888888888888888888888888888888888888888886666777777777777777777777776666688888888888888888888888888888888888888888888888888888888888888888888888888888
6666666666666776668888888888888888888888888888888888888888888888888888888888888888888888888888888888888888888888888888888888888888888888888888888886677777777777777777777777777666688888888888888888888888888888888888888888888888888888888888888888888888888888
6666666666667776668888888888888888888888888888888888888888888888888888888888888888888888888888888888888888888888888888888888888888888888888888888666777777777777776666666667777766668888888888888888888888888888888888888888888888888888888888888888888888888888
6666666666677766888888888888888888888888888888888888888888888888888888888888888888888888888888888888888888888888888888888888888888888888888888666677777777777776666666666666666666666888888888888888888888888888888888888888888888888888888888888888888888888888
6666666777766666888888888888888888888888888888888888888888888888888888888888888888888888888888888888888888888888888888888888888888888888888888666777777777777766666666666666666666666666888888888888888888888888888888888888888888888888888888888888888888888888
7667777777766668888888888888888888888888888888888888888888888888888888888888888888888888888888888888888888888888888888888888888888888888888886777777777776666666666666666666666666666666688888888888888888688888888888888888888888888888888888888888888888888888
7777777777766668888888888888888888888888888888888888888888888888888888888888888888888888888888888888888888888888888888888888888888888888886667777777777776666666666666666888888888886666668888888888886666688888888888888888888888888888888888888888888888888888
7777777777666666888888888888888888888888888888888888888888888888888888888888888888888888888888888888888888888888888888888888888888888888666666776666666666666666666666888888888888888886666888888886666666888888888888888888888888888888888888888888888888888888
7777777776666666888888888888888888888888888888888888888888888888888888888888888888888888888888888888888888888886688888888888888888888886666666666666666666666666666688888888888888888888868866866777776666888888888888888888888888888888888888888888888888888888
7777777776666666888888888888888888888888888888888888888888888888888888888888888888888888888888888888888888888886688888888888888888886666666688888888888866666666668888888888888888888888888886666777777666688888888888888888888888888888888888888888888888888888
7777777777666666688888888888888888888888888888888888888888888888888888888888888888888888888888888888888888888886666688888888888888676666888888888888888888666668888888888888888888888888888888666677777766668888888888888888888888888888888888888888888888888888
7777777777776666668888888888888888888888888888888888888888888888888888888888888888888888888888888888888888888888666668888866666666676668888888888888888888888888888888888888888888888888888888886667777776666888888888888888888888888888888888888888888888888886
7777777777777666666688888888888888888888888888888888886666888888888888888888888888888888888888888888888888888888866666666666666777776688888888888888888888888888888888888888888888888888888888888866666777766668888888888888888888888888888888888888888888888866
7777777777777766666668888888888888888888888888888888866666888888888888888888888888888888888888888888888888888888888666666666667777688888888888888888888888888888888888888888888888888888888888888886666677766666888888888888888888888888888888888888888888888666
7777777777777766666666888888888888888888888888888888666666888888888888888888888888888888888888888888888888888888888666666777777776888888888888888888888888888888888888888888888888888888888888888886666667766776666888888888888888888888888888888888888888866666
7777766666777666666666666888888888888888888888888888666668888888888888888888888888888888888888888888888888888888888886666777777666888888888888888888888888888888888888888888888888888888888888888888886666666777766688888888888888888888888888888888888666666666
7777666666666666666666666666888888888888888888888866668888888888888888888888888888888888888888888888888888888888888888886777776688888888888888888888888888888888888888888888888888888888888888888888888666666677777768888888888888888888888888888888886777766668
7777666666666666666666666666666668888888888888886666668888888888888888888888888888888888888888888888888888888888888888888677666888888888888888888888888888888888888888888888888888888888888888888888888888666667777777888888888888888888888888888888867777666688
6666666666666666666666666666666668888888888888866666888888888888888888888888888888888888888888888888888888888888888888888666688888888888888888888888888888888888888888888888888888888888888888888888888888886666777777776668888888888888888888868866777776666688
6666666666666668886666666666666666666688888888886666888888888888888888888888888888888888888888888888888888888888888888888666688888888888888888888888888888888888888888888888888888888888888888888888888888886666777777776666668866666886666666666677777766666688
6666666666888888888886666666666666666666666668886688888888888888888888888888888888888888888888888888888888888888888888888666688888888888888888888888888888888888888888888888888888888888888888888888888888888666667777776666666666668866666766666777777666666688
6666666888888888888888666666666666666666666668888888888888888888888888888888888888888888888888888888888888888888888888886666668888888888888888888888888888888888888888888888888888888888888888888888888888888666666666688888888888888666766767777777777666666688
6666668888888888888888866666666666776666666688888888888888888888888888888888888888888888888888888888888888888888888888866666668888888888888888888888888888888888888888888888888888888888888888888888888888888666666666888888888888888866666677777777777766666668
6666888888888888888888888888866666777666666668888888888888888888888888888888888888888888888888888888888888888888888888666666668888888888888888888888888888888888888888888888888888888888888888888888888888886666666888888888888888888886666667777777777776666666
8888888888888888888888888888866666666666666668888888888888888888888888888888888888888888888888888888888888888888888887766666688888888888888888888888668888888888888888888888888888888888888888888888888888866688888888888888888888888888666666666777777777766666
8888888888888888888888888888888666666667776666688888888888888888888888888888888888888888888888888888888888888888888677766666668888888888888888888886666688888888888888888888888888888888888888888888888886688888888888888888888888888888866666666677777777777666
8888888888888888888888888888888886666667777766668888888888888888888888888888888888888888888888888888888888888888866777766666666688888888888888888877776668888888888888888888888888888888888888888888888888888888888888888888888888888888888666666666677777777776
8888888888888888888888888888888888866666777776668888888888888888888888888888888888888888888888888888888888888888667777766666666668888888888888888877776666888888888888888888888888888888888888888888888888888888888888888888888888888888888886666666667777777777
8888888888888888888888888888888888888866677776666888888888888888888888888888888888888888888888888888888888888886677777766666866888888888888888888866666666688888888888888888888888888888888888888888888888888888888888888888888888888888888888866666666677777777
8888888888888888888888888888888888888886666666666688888888888888888888888888888888888888888888888888888888888886777766666668888888888888888888888888666666688888888888888888888888888888888888888888888888888888888888888888888888888888888888888666666677777777
8888888888888888888888888888888888888886666666666666888888888888888888888888888888888888888888888888888888888667777666666888888888888888888888888888866666666688888888888888888888888888888888888888888888888888888888888888888888888888888888888866666667777777
8888888888888888888888888888888888888888666666666666666888888888888888888888888888888888888888888888888888666777776666668888888888888888888888888888888886666668888888888888888888888888888888888888888888888888888888888888888888888888888888888886666666777777
8888888888888888888888888888888888888888888666666666666688888888888888888888888888888888888888888888888886667777766666888888888888888888888888888888888888886666668888888888888888888888888888886668888888888888888888888888888888888888888888888888666666677777
8888888888888888888888888888888888888888888666666667766688888888888888888888888888888888888888888888888866777776666668888888888888888888888888888888888888888666666888888888888888888888888888888888888888888888888888888888888888888888888888888888886666677777
8888888888888888888888888888888888888888888886666667776666888888888888888888888888888888888888888888886667777766668888888888888888888888888888888888888888888886666668888888888888888888888888888888888888888888888888888888888888888888888888888888888666677776
8888888888888888888888888888888888888888888888866667777666666888888888888888888888888888888888888866666667777666688888888888888888888888888888888888888888888888666666668888888888888888888888888888888888888888888888888888888888888888888888888888888866666666
8888888888888888888888888888888888888888888888888666677766666688888888888888888888888888888888866666666777776688888888888888888888888888888888888888888888888888866666666666888888888888866668888888888888888888888888888888888888888888888888888888888886666666
8888888888888888888888888888888888888888888888888888667666666666888888888888888888888888888888666666677776666888888888888888888888888888888888888888888888888888886666666666688888888888666668888888888888888888888888888888888888888888888888888888888888666666
8888888888888888888888888888888888888888888888888888866666666666666688888888888888888888888866666677777766668888888888888888888888888888888888888888888888888888888666677666666688888866666668888888888888888888888888888888888888888888888888888888888888866666
8888888888888888888888888888888888888888888888888888886666666666666666888888888888888888866666666777777666688888888888888888888888888888888888888888888888888888888666677777666666666666666688888888888888888888888888888888888888888888888888888888888888866666
8888888888888888888888888888888888888888888888888888888866666667776666666668888888888888666666777777776666888888888888888888888888888888888888888888888888888888888866677777777766666666666688888888888888888888888888888888888888888888888888888888888888666666
8888888888888888888888888888888888888888888888888888888866666667777766666666666888866666666667777777766666888888888888888888888888888888888888888888888888888888888866667777777766666666666688888888888888888888888888888888888888888888888888888888888888666676
8888888888888888888888888888888888888888888888888888888888866666777777666666666666666666677777777777666666888888888888888888888888888888888888888888888888888888888866667777766666666666666668888888888888888888888888888888888888888888888888888888888888666777
8888888888888888888888888888888888888888888888888888888888888666667777777666666666666677777777777777666668888888888888888888888888888888888888888888888888888888888866666666666668888888666666688888888888888888888888888888888888888888888888888888888866667777
8888888888888888888888888888888888888888888888888888888888888886666777777777776666777777777777777777666668888888888888888888888888888888888888888888888888888888888866666666666688888888888866688888888888888888888888888888888888888888888888888888888666677777
8888888888888888888888888888888888888888888888888888888888888888666677777777777777777777777777777777666666888888888888888888888888888888888888888888888888888888888886666668888888888888888888666668888888888888888888888888888888888888888888888888866667777777
6666888888888888888888888888888888888888888888888888888888888888866666777777777777777777777777777776666666888888888888888888888888888888888888888888888888888888888866666668888888888888888888886668888888888888888888888888888888888888888888888888666667777777
6666888888888888888888888888888888888888888888888888888888888888866666667777777777777777777777666666666666688888888888888888888888888888888888888888888888888888888866668888888888888888888888888666688888888888888888888888888888888888888888888886666677777777
6666668888888888888888888888888888888888888888888888888888888888866666666777777777777777777776666666666666668888888888888888888888888888888888888888888888888888888666888888888888888888888888888888868888888888888888888888888888888888888888888866677777776677
6666668888888888888888888888888888888888888888888888888888888888866666666677777777777777776666666666666666666666888888888888888888888888888888888888888888888888886668888888888888888888888888888888888888888888888888888888888888888888888888888666666777666666
8866666668888888888888888888888888888888888888888888888888888888866666666677777777777777666666666666666688888866666888888888888888888888888888888888888888888888666668888888888888888888888888888888888688888888888888888888888888888888888888888666666666666666
8888886666666888888888888888888888888888888888888888888888888888866666666777777777777776666666666668888888888866666668888888888888888888888888888888888888888886666888888888888888888888888888888888888866666888888888888888888888888888888888886666666666666666
8888886666668888888888888888888888888888888888888888888888888888866666667777777777777766666668888888888888888888666666688888888888888888888888888888888888888866688888888888888888888888888888888888888886866888888888888888888888888888888888888866666666666666
8888888886688888888888888888888888888888888888888888888888888888866666777777777777766666666888888888888888888888888666666888888888888888888888888888888888888866688888888888888888888888888888888888888888888866688888888888888888888888888888888888888888886666
8888888888888666888888888888888888888888888888888888888888888888666666777777777766666666688888888888888888888888888886688888888888888888888888888888888888888888888888888888888888888888888888888888888888888866666666666666666668888888888888888888888888888888
8888888888888866668888888888888888888888888888888888888888888886666667777777777666666666888888888888888888888888888888888888888888888888888888888888888888888888888888888888888888888888888888888888888888888888666666666666666666888888888888888888888888888888
8888888888888886668888888888888888888888888888888888888888888866666677777777776666666688888888888888888888888888888888888888888888888888888888888888888888888888888888888888888888888888888888888888888888888888866666777666666668888888888888888888888888888888
8888888888888888666888888888888888888888888888888888888888888666667777777777766666668888888888888888888888888888888888888886668888888888888888888888886666688888888888888888888888888888888888888888888888888888888666777666666668888888888888888888888888888888
8888888888888888888888888888888888888888888888888888888888866666677777777776666666688888888888888888888888888888888888888888668888888888888888888888666666688888888888888888888888888888888888888888888888888888888666777666668888888888888888888888888888888888
8888888888888888888888888888888888888888888888888888888886666666777777777766666666888888888888888888888888888888888888888888866688888888888888888886666666688888888888888888888888888888888888888888888888888888888866676666668888888888888888888888888888888888
8888888888888888888888888888888888888888888888888888888866666667777777776666666668888888888888888888888888888888888888888888888866668888888888888886666666688888888888888888888888888888888888888888888888888888888866666666688888888888888888888888888888888888
8888888888888888888888888868888888888888888888888888888666667777777766666666666668888888888888888888888888888888888888888888888886666668888888886666666666688888888888888888888888888888888888888888888888888888888888666668888888888888888888888888888888888888
8888888888888888888888888666888888888888888888888888866666677777777666666666666888888888888888888888888888888888888888888888888888666666888888666668888888888888888888888888888888888888888888888888888888888888888888666666888888888888888888888888888888888888
8888888888888888888888888866666688888888888888888886666666777777776666666688888888888888888888888888888888888888888888888888888888866666666666666688888888888888888888888888888888888888888888888888888888888888888888866668888888888888888888888888888888888888
8888888888888888888888888886666688888888888888886666666677777777666668888888888888888888888888888888888888888888888888888888888888886666666666668888888888888888888888888888888888888888888888888888888888888888888888866668888888888888888888888888888888888888
8888888888888888888888888888666666888666666666666666667777777776666688888888888888888888888888888888888888888888888888888888888888886666666666688888888888888888888888888888888888888888888888888888888888888888888888866668888888888888888888888888888888888888
8888888888888888888888888888666666666666666666666666677777776666666888888888888888888888888888888888888888888888888888888888888888888666666666688888888888888888888888888888888888888888888888888888888888888888888888866668888888888888888888888888888888888888
8888888888888888888888888888888666666666666666666677777777766666688888888888888888888888888888888888888888888888888888888888888888888667766666888888888888888888888888888888888888888888888888888888888888888888888888866666888888888888888888888888888888888888
8888888888888888888888888888888886666666666666666777777776666668888888888888888888888888888888888888888888888888888888888888888888888667776666888888888888888888888888888888888888888888888888888888888888888888888888866666688888888888888888888888888888888888
8888888888888888888888888888888886666666677777777777777666666688888888888888888888888888888888888888888888888888888888888888888888888666766888888888888888888888888888888888888888888888888888888888888888888888888888886666666888888888888888888888888888888888
8888888888888888888888888888888886666666777777777777776666668888888888888888888888888888888888888888888888888888888888888888888888888866668888888888888888888888888888888888888888888888888888888888888888888888888888888888666668888888888888888888888888888888
8888888888888888888888888888888888666666777777777777766666888888888888888888888888888888888888888888888888888888888888888888888888888866668888888888888888888888888888888888888888888888888888888888888888888888888888888888888868888888888888888888888888888888
8888888888888888888888888888888888666666777777777777666668888888888888888888888888888888888888888888888888888888888888888888888888888866668888888888888888888888888888888888888888888888888888888888888888888888888888888888888888888888888888888888888888888888
8888888888888888888888888888888888666666677777777776666688888888888888888888888888888888888888888888888888888888888888888888888888888666668888888888888888888888888888888888888888888888888888888888888888888888888888888888888888888888888888888888888888888888
8888888888888888888888888888888888666666777777777766666688888888888888888888888888888888888888888888888888888888888888888888888888888666668888888888888888888888888888888888888888888888888888888888888888888888888888888888888888888888888888888888888888888888
8888888888888888888888888888888888666666777777777666666888888888888888888888888888888888888888888868888888888888888888888888888888888666668888888888888888888888888888888888888888888888888888888888888888888888888888888888888888888866888888888888888888888888
8888888888888888888888888888888888666677777777777666668888888888888888888888888888888888888888888888888888888888888888888888888888888666668888888888888888888888888888888888888888888888888888888888886666668888888888888888888888888866688888888888888888888888
8888888888888888888888888888888886666777777777776666668888888888888888888888888888888888888888888888888888888888888888888888888888886666668888888888888888888888888888888888888888888888888888888888886666668888888888888888888888888866668888888888888888888888
8888888888888888888888888888888866666777777777776666688888888888888888888888888888888888888888888888888888888888888888888888888888866666666888888888888888888888888888888888888888666688888888888888866666668888888888888888888888888886666888888888888888888888
8888888888888888888888888888888666667776667777776666688888888888888888888888888888888888888888888888888888888888888888888888888888666666666688888888888888888888888888888888888888666888888888888888866666668888888888888888888888888886666668888888888888888888
8888888888888888888888888888886666667766666777776666688888888888888888888888888888888888888888888888888888888888888888888888888888666677766668888888888888888888888888888888888886666888888888888888866766666888888888888888888888888886666666688888888888888888
8888888888888888888888888888886666666666666677777666688888888888888888888888888888888888888888888888888888888888888888888888888886666777776666888888888888888888888888888888888888866888888888888888886666666666688888888888888888888888666666668888888888888888
8888888888888888888888888886666666666666666666777666688888888888888888888888888888888888888888888888888888888888888888888888888886666777776666688888888888888888888888888888888888888888888888888888888886666666668888888888888888888886666666666666666666666888
8888888888888888888888888866666668888888866666677766688888888888888888888888888888888888888888888888888888888888888888888888888866667777777666666888888888888888888888888888888888888888888888888888888886666676666668888888888888888866666666677776666666666888
8888888888888888888888888866688888888888888886666776688888888888888888888888888888888888888888888888888888888888888888888888888866667777777776666668888888888888888888888888888888888888888888888888888888866677766666688888888888888666666666777777666668888888
8888888888888888888888886666688888888888888886666666688888888888888888888888888888888888888888888888888888888888888888888888886666677777777777666666668888888888888888888888888888888888888888888888888888888666777666666888888888886666667777777766666666668888
8888888888888888888888866668888888888888888888666666668888888888888888888888888888888888888888888888888888888888888888888888666666677777777777776666666666688888888888888888888888888888888888888888888888888886677766666666666666666666677777777666666688888888
8888888888888888888666666888888888888888888888866666666888888888888888888888888888888888888888888888888888888888888888888866666666777777777777777776666666688888888888888888888888888888888888888888888888888886666667776666666666666777777776666666888888888888
8888888888888886666666666888888888888888888888886666666688888888888888888888888888888888888888888888888888888888888888886666666667777777777777777776666666888888888888888888888888888888888888888888888888888888666667777666666666677777777666666688888888888888
8888888888888886666666688888888888888888888888888666666668888888888888888888888888888888888888888888888888888888888888866666666777777777777776666666666668888888888888888888888888888888888888888888888888888888888666777777777777777777776666666888888888888888
8888888888888886666666888888888888888888888888888866666668888888888888888888888888888888888888888888888888888888888888866666667777777777777766666668888888888888888888888888888888888888888888888888888888888888888666667777777777777777766666688888888888888888
8888888888666666666688888888888888888888888888888886667666688888888888888888888888888888888888888888888888888888888888666666667777777776666666666888888888888888888888888888888888888888888888888888888888888888888866666777777777777776666668888888888888888888
8888866666666666668888888888888888888888888888888888667766688888888888888888888888888888888888888888888888888888888888666666677777777666666666688888888888888888888888888888888888888888888888888888888888888888888886666777777777777666666688888888888888888888
8888666666666666688888888888888888888888888888888888667776666888888888888888888888888888888888888888888888888888888886666677777777776666666666888888888888888888888888888888888888888888888888888888888888888888888886666777777777777666666688888888888888888888
8666666667766666888888888888888888888888888888888888667777666888888888888888888888888888888888888888888888888888888866666777777777766666666888888888888888888888888888888888888888888888888888888888888888888888888886666677777777777666666688888888888888888888
6666666667766668888888888888888888888888888888888888666777766668888888888888888888888888888888888888888888888888866666667777777777666666668888888888888888888888888888888888888888888888888888888888888888888888888886666667777777777766666688888888888888888888
6777766666666888888888888888888888888888888888888888666777776668888888888888888888888888888888888888888888888888666666677777777776666666888888888888888888888888888888888888888888888888888888888888888888888888888886666667777777777766666688888888888888888888
7777776666668888888888888888888888888888888888888888666677777666888888888888888888888888888888888888888888888866666666777777777766666668888888888888888888888888888888888888888888888888888888888888888888888888888886666677777777777777666668888888888888888888
7777766666688888888888888888888888888888888888888888666677777766688888888888888888888888888888888888888888888666666667777777776666666888888888888888888888888888888888888888888888888888888888888888888888888888888886666777777777777777766666688888888888888888
7777766668888888888888888888888888888888888888888888666777777766668888888888888888888888888888888888888866666666666777777777766666668888888888888888888888888888888888888888888888888888888888888888888888888888888886667777777766677777776666688888888888888888
7776666888888888888888888888888888888888888888888888666777766666666666888888888888888888888888888888888866666666777777777777666668888888888888888888888888888888888888888888888888888888888888888888888888888888888866667777777666666667777666668888888888888888
7666666888888888888888888888888888888888888888888886666777666666666666688888888888888888888888888888888866666667777777777776666688888888888888888888888888888888888888888888888888888888888888888888888888888888888666677777776666666666666666666888888888888888
6666668888888888888888888888888888888888888888888886666666666666666666688888888888888888888888888888886666666677777777777766666888888888888888888888888888888888888888888888888888888888888888888888888888888888888666677776666666666666666666666668888888888888
6666888888888888888888888888888888888888888888888866666666668888866666666888888888888888888888888888666666667777777777777766666888888888888888888888888888888888888888888888888888888888888888888888888888888888886666777766666666888886666666666668888888888888
6666888888888888888888888888888888888888888888888666666668888888888886666888888888888888888888888866666666777777777777777666666888888888888888888888888888888888888888888888888888888888888888888888888888888888866667776666666688888888886666666666666888888888
6666888888888888888888888888888888888888888888888666666688888888888888888888888888888888888888886666666667777777777777777666666888888888888888888888888888888888888888888888888888888888888888888888888888888888666777766666668888888888888886666666666666888888
6666888888888888888888888888888888888888888888886666668888888888888888888888888868888888888666666666666777777777777777776666666888888888888888888888888888888888888888888888888888888888888888888888888888888886677777666666688888888888888888666666666666668888
6668888888888888888888888888888888888888888888866666688888888888888888888888888666666666666666666666667777777777777777766666668888888888888888888888888888888888888888888888888888888888888888888888888888888886677776688888888888888888888888888866666666666666
6668888888888888888888888888888888888888888888666666888888888888888888888888886666666666666667666667777777777777777777666666668888888888888888888888888888888888888888888888888888888888888888888888888888888666667666888888888888888888888888888886666666666666
7668888888888888888888888888888888888888888888668888888888888888888888888888888888666666666777777777777777777777777776666666688888888888888888888888888888888888888888888888888888888888888888888888888888886666688888888888888888888888888888888888666668888666
7768888888888888888888888888888888888888888886888888888888888888888888888888888888888886666677777777777777777777777776666666688888888888888888888888888888888888888888888888888888888888888888888888888888866666688888888888888888888888888888888888666668888888
7668888888888888888888888888888888888888888886888888888888888888888888888888888888888888666667777777777777777777777776666666688888888888888888888888888888888888888888888888888888888888888888888888888888666668888888888888888888888888888888888888886688888888
6666888888888888888888888888888888888888888888888888888888888888888888888888888888888888666666677777777777777777777777666666668888888888888888888888888888888888888888888888888888888888888888888888888888688888888888888888888888888888888888888888888888888888
6666688888888888888888888888888888888888888888888888888888888888888888888888888888888888886666666777777777777777777777666666668888888888888888888888888888888888888888888888888888888888888888888888888868888888888888888888888888888888888888888888888888888888
6666688888888888888888888888888888888888888888888888888888888888888888888888888888888888888866666667777777777777777777766666666888888888888888888888888888888888888888888888888888888888888888688888888868888888888888888888888888888888888888888888888888888888
8866668888888888888888888888888888888866888888888888888888888888888888888888888888888888888886666666777777777777777777777666666888888888888888888888888888888888888888888888888888888888886666666668886668888888888888888888888888888888888888888888888888888888
8866666888888888888888888888888888888866688888888888888888888888888888888888888888888888888886666666777777777777777777777666666888888888888888888888888888888888888888888888888888888888886666666666666888888888888888888888888888888888888888888888888888888888
8886666688888888888888888888888888888666888888888888888888888888888888888888888888888888888886666666777777777777777777777766666668888888888888888888888888888888888888888888888888888888886666666666666888888888888888888888888888888888888888888888888888888888
8886666668888888888888888888888888886666888888888888888888888888888888888888888888888888888886666667777777777677777777777776666666688888888888888888888888888888888888888888888888888888886666666666668888888888888888888888888888888888888888888888888888888888
8888866666888888888888888888888888666666888888888888888888888888888888888888888888888888888886666677777777766666777777777777666666668888888888888888888888888888888888888888888888888888866666666666688888888888888888888888888888888888888888888888888888888888
8888866777686666688888888888888888666668888888888888888888888888888888888888888888888888888886666777777777666666666667777777766666668888888888888888888888888888888888888888888888888888666666776666888888888888888888888888888888888888888888888888888888888888
8888866777776666666888888888866866666668888888888888888888888888888888888888888888888888888866666777777666666666666666677677777666666668888888888888888888888888888888888888888888888886666667766668888888888888888888888888888888888888888888888688888888888888
8888866677777776666888888888866666666666888888888888888888888888888888888888888888888888888866667777776666666666666666666667777766666666888888888888888888888888888888888888888888888866677776666688888888888888888888888888888888888888888888888688888888888888
8888866677777777666668888888666666666666688888888888888888888888888888888888888888888888888866677766666666666666666666666666777777666666888888888888888888888888888888888888888888886666777766666688888888888888888888888888888888888888888888888888888888888888
8888866667777777776668888888888888888888888888888888888888888888888888888888888888888888888666676666666666666666666666666666677777766666688888888888888888888888888888888888888888886666666666666688888888888888888888888888888888888888888888888888888888888888
8888866667777777776668888888888888888888888888888888888888888888888888888888888888888888866666666666666666666666666666666666666666777766666888888888888888888888888888888888888888886666666666666688888888888888888888888888888888888888888888888888888888888888
8888866677777777766668888888888888888888888888888888888888888888888888888888888888888886667776666666666666666666666666666666666666677777666666688888888888888888888888888888888888888666666666666688888888888888888888888888888888888888888888888888888888888888
8888866777777766666688888888888888888888888888888888888888888888888888888888888888888866677766666666668888888888888888886666666666667777766666666888888888888888888888888888888888888888888866666688888888888888888888888888888888888888888888888888888888888888
8888667777776666666888888888888888888888888888888888888888888888888888888888888888886666677666666688888888888888888888888888886666666777766666666666888888888888888888888888888888888888888888888668888888888888888888888888888888888888888888888888888888888888
8886677777766666688888888888888888888888888888888888888888888888888888888888888888866666666666666688888888888888888888888888888888888666666666666666688888888888888888888888888888888888888888888668888888888888888888888888888888888888888888888888888888888888
8866777777666688888888888888888888888888888888888888666888888888888888888888888888666666666688888888888888888888888888888888888888888866666666666666666888888888888888888888888888888888888888888888688888888888888888888888888888888888888888888888888888888888
6667777776688888888888888888888888888888888888888888666666866888888888888888888666666666666888888888888888888888888888888888888888888888666666766666666666688888888888888888888888888888888888888888866888888888888888888888888888888888888888888888888888888888
6677766666888888888888888888888888888888888888888888666666666668888888888888886666666666668888888888888888888888888888888888888888888888866666777766666666666688888888888888888888888888888888888888888868888888888888888888888888888888888888888888888888888888
6777666668888888888888888888888888888888888888888888888666666666888888888886666666666668888888888888888888888888888888888888888888888888866666677777777777766688888888888888888888888888888888888888888886688888888888888888888888888888888888888888888888888888
7776666666888888888888888888888888888888888888888888888866666666666666666666666666666688888888888888888888888888888888888888888888888888886666666777777777766688888888888888888888888888888888888888888888868888888888888888888888888888888888888888888888888888
7766666666888888888888888888888888888888888888888888888866666667766666666677777666666888888888888888888888888888888888888888888888888888888666666777777777666688888888888888888888888888888888888888888888886688888888888888888888888888888888888888888888888888
6666666666688888888888888888888888888888888888888888888866666667776666666777777666688888888888888888888888888888888888888888888888888888888886666677777777666888888888888888888888888888888888888888888888886668888888888888888888888888888888888888888888888888
8888888888888888888888888888888888888888888888888888888888666666677777777777777668888888888888888888888888888888888888888888888888888888888888866667777776666888888888888888888888888888888888888888888888888666688888888888888888888888888888888888888888888888
8888888888888888888888888888888888888888888888888888888888866666666777777777776668888888888888888888888888888888888888888888888888888888888888886666777766668888888888888888888888888888888888888888888888888886668888888888888888888888888888888888888888888888
8888888888888888888888888888888888888888888888888888888888866666666667777777766668888888888888888888888888888888888888888888888888888888888888888866677766688888888888888888888888888888888888888888888888888888666888888888888888888888888888888888888888888888
8888888888888888888888888888888888888888888888888888888888866666666666677777666668888888888888888888888888888888888888888888888888888888888888888888666666688888888888888888888888888888888888888888888888888888866666888888888888888888888888888888888888888888
8888888888888888888888888888888888888888888888888888866888666666666666666666666688888888888888888888888888888888888888888888888888888888888888888888666666688888888888888888888888888888888888888888888888888888866666668888888888888888888888888888888888888888
8888888888888888888888888888888888888888888888888888666688688888888666666666666688888888888888888888888888888888888888888888888888888888888888888888866666688888888888888888888888888888888888888888888888888888888866666888888888888888888888888888888888888888
8888888888888888888888888888888888888888888888888888666688888888888886666666666668888888888888888888888888888888888888888888888888888888888888888888866666688888888888888888888888888888888888888888888888888888888866666668888888888888888888888888888888888888
8888888888888888888888888888888888888888888888888888668888888888888886666666666668888888888888888888888888888888888888888888888888888888888888888888866666668888888888888888888888888888888888888888888888888888888886666666888888888888888888888888888888888888
8888888888888888888888888888888888888888888888888888888888888888888888888666666666888888888888888888888888888888888888888888888888888888888888888888866666666888888888888888888888888888888888888888888888888888888886666666688888888888888888888888888888888888
8888888888888888888888888888888888888888888888888888888888888888888888888866666666688888888888888888888888888888888888888888888888888888888888888888866666666688888888888888888888888888888888888888888888888888888888666666666888888888888888888888888888888888
8888888888888888888888888888888888888888888888888888888888888888888888888886666666688888888888888888888888888888888888888888888888888888888888888888886666666668888888888888888888888888888888888888888888888888888888866666666668888888888888888888888888888888
8888888888888888888888888888888888888888888888888888888888888888888888888888866666668888888888888888888888888888888888888888888888888888888888888888888888666668888888888888888888888888888888888888888888888888888888866666677668888888888888888888888888888888
8888888888888888888888888888888888888888888888888888888888888888888888888888886666666688888888888888888888888888888888888888888888888888888888888888888888888666688888888888888888888888888888888888888888888888888888866677777776668888888888888888888888888888
8888888888888888888888888888888888888888888888888888888888888888888888888888888666666668888888888888888888888888888888888888888888888888888888888888888888888866668888888888888888888888888888888888888888888888888888866677777777766888888888888888888888888888
8888888888888888888888888888888888888888888888888888888888888888888888888888888866666668888888888888888888888888888888888888888888888888888888888888888888888886666888888888888888888888888888888888888888888888888888866777777777776688888888888888888888888888
8888888888888888888888888888888888888888888888888888888888888888888888888888888888666666688888888888888888888888888888888888888888888888888888888888888888888888666668888888888888888888888888888888888888888888888888866777777777777666668888888888888888888886
8888888888888888888888888888888888888888888888888888888888888888888888888888888888866666666688888888888888888888888888888888888888888888888888888888888888888888866666888888888888888888888888888888888888888888888888667777777777777666666888888888888888888886
8888888888888888888888888888888888888888888888888888888888888888888888888888888888886666666666888888888888888888888888888888888888888888888888888888888888888888886666888888888888888888888888888888888888888888888866667777777777666667777788888888666666666666
8888888888888888888888888888888888888888888888888888888888888888888888888888888888886666666666688888888888888888888888888888888888888888888888888888888888888888888666666888888888888888888888888888888888888888886666777777666666666777777777666686666666666666
8888888888888888888888888888888888888888888888888888888888888888888888888888888888886666677776666666688888888888888888888888888888888888888888888888888888888888888886666888888888888888888888888888888888888888666677777766666666666777777777777776666666666666
8888888888888888888888888888888888888888888888888888888888888888888888888888888888886666677777776666668888888888888888888888888888888888888888888888888888888888888888666666888888888888888888888888888888888886666777777666666666666666667777777776666666666667
8888888888888888888888888888888888888888888888888888888888888888888888888888888888866666667777777766666688888888888888888888888888888888888888888888888888888888888888886666668888888888888888888888888888888866666777666668888888888888866777777666666777777777
8888888888888888888888888888888888888888888888888888888888888888888888888888888888866666666777777776666668888888888888888888888888888888888888888888888888888888888888888666666668888888888888888888888888888666666666668888888888888888888886666666677777777777
8888888888888888888888888888888888888888888888888888888888888888888888888888888888866666666666666766666666668888888888888888888888888888888888888888888888888888888888888886666666688888888888888888888888886666666666888888888888888888888888666666677777777777
8888888888888888888888888888888888888888888888888888888888888888888888888888888888866666666666666666666666666888888888888888888888888888888888888888888888888888888888888888666666666888888888888888888886666666666688888888888888888888888888866666666777777777
8888888888888888888888888888888888888888888888888888888888888888888888888888888866666666888888888666666666666668888888888888888888888888888888888888888888888888888888888888666666666666688888888888886666666666666888888888888888888888888888888886666677777777
8888888888888888888888888888888888888888888888888888888888888888888888888888888666666668888888888888888666666666666688888888888888888888888888888888888888888888888888888888666777666666666666666666666666666666668888888888888888888888888888888888866667777777
8888888888888888888888888888888888888888888888888888888888888888888888888886666666688888888888888888888888666666666666666668888888888888888888888888888888888888888888888886666777777777766666666667776667666668888888888888888888888888888888888888886666667777
6888888888888888888888888888888888888888888888888888888888888888888888888866666666688888888888888888888888866666666666666666888888888888888888888888888888888888888888888886666677777777777766666677776667666668888888888888888888888888888888888888888866666677
6888888888888888888888888888888888888888888888888888888888888888888888666666688888888888888888888888888888886666666677666666888888888888888888888888888888888888888888888886666677777777777777677777777666668888888888888888888888888888888888888888888888666666
6888888888888888888888888888888888888888888888888888888888888888888886666666688888888888888888888888888888888888666666666666688888888888888888888888888888888888888888888866666777777777666666777777776666888888888888888888888888888888888888888888888888866666
6688888888888888888888888888888888888888888888888888888888888866666666666668888888888888888888888888888888888888888666666666668888888888888888888888888888888888888888888666677777777666666666677777766666888888888888888888888888888888888888888888888888886666
7768888888888888888888888888888888888888888888888888888888888866666666668888888888888888888888888888888888888888888886666666666668888888888888888888888888888888888888886666777777766666666666666666666666888888888888888888888888888888888888888888888888886666
7776888888888888888888888888888888888888888888888888888888888866666666668888888888888888888888888888888888888888888888666666666666888888888888888888888888888888888888866667777766666666666666866666666666688888888888888888888888888888888888888888888888886666
7777688888888888888888888888888888888888888888888888888888888866666666688888888888888888888888888888888888888888888888866666666666666668888888888888888888888888888886666666676666666666888888888888666666688888888888888888888888888888888888888888888888886666
7777768888888888888888888888888888888888888888888888888888886666666668888888888888888888888888888888888888888888888888888866666666666666688888888888888888888888886666677766666666688888888888888888666666668888888888888888888888888888888888888888888888886666
7777776888888888888888888888888888888888888888888888888888867766666688888888888888888888888888888888888888888888888888888866666666766666666688888888888888888888866666677766666666888888888888888888888666666888888888888888888888888888888888888888888888886666
7777777768888888888888888888888888888888888888888888886666677766668888888888888888888888888888888888888888888888888888888886666666676666666668888888888888888888666667776666666668888888888888888888888888666668888888888888888888888888888888888888888888866666
6777777777888888888888888888888888888888888888888888886666677666668888888888888888888888888888888888888888888888888888888888886666666777766666688888888888888666667777766666666888888888888888888888888888888888888888888888888888888888888888888888888888886666
6677777777768888888888888888888888888888888888888886666667766666688888888888888888888888888888888888888888888888888888888888888866666677777666666666686666666666677777666666888888888888888888888888888888888888888888888888888888888888888888888888888888886666
6667777777776668888888888888888888888888888888888666666777666668888888888888888888888888888888888888888888888888888888888888888888866666777777666666666666666777777766666686888888888888888888888888888888888888888888888888888888888888888888888888888888666666
8666667777766666666688888888888888888888888888666666777777666888888888888888888888888888888888888888888888888888888888888888888888886666667777766666666666667777777666666888888888888888888888888888888888888888888866888888888888888888888888888888888886666667
8866666677766777766668888888888888888888888886666667777776668888888888888888888888888888888888888888888888888888888888888888888888886666666777777777666666777777776666668888888888888888888888888888888888888888888886688888888888888888888888888888888666666677
