8888888888888888888888888888888888888888888888888888888888999999998888888888888888888888888888888888888888888888888888888888888888888888898888888888888888888888888888888888888111199999888888888888888888888888888888888888888888888888888888888888888999999999
8888888888888888888888888888888888888888888888888888888888899999998888888888888888888888888888888888888888888888888888888888888888888888898888888888888888888888888888888888891111199998888888888888888888888888888888888888888888888888888888888888888999999999
8888888888888888888888888888888888888888888888888888888888899999999888888888888888888888888888888888888888888888888888888888888888888888888888888888888888888888888888888888991111999998888888888888888888888888888888888888888888888888888888888888888889999999
8888888888888888888888888888888888888888888888888888888888889999999988888888888888888888888888888888888888888888888888888888888888888888888888888888888888888888888888888999911119999988888888888888888888888888888888888888888888888888888888888888888888899999
8888888888888888888888888888888888888888888888888888888888888899999998888888888888888888888888888888888888888888888888888888888888888888888888888888888888888888888888889999111999989888888888888888888888888888888888888888888888888888888888888888888888889999
8888888888888888888888888888888888888888888888888888888888888899999999888888888888888888888888888888888888888888888888888888888888888888888888888888888888888888888888899991119999988888888888888888888888888888888888888888888888888888888888888888888888889999
9988888888888888888888888888888888888888888888888888888888888899999999998888888888888888888888888888888888888888888888888888888888888888888888889998888888888888888889999111119999988888888888888888888888888888888888888888888888888888888888888888888888889999
9988888888888888888888888888888888888888888888888888888888888899999999999888888888888888888888888888888888888888888888888888888888888888888888888999988888888888888899991111199999988888888888888888888888888888888888888888888888888888888888888888888888889999
9999988888888888888888888888888888888888888888888888888888888999991111999988888888888888888888888888888888888888888888888888888888888888888888888889988888888888899999911119999999888888888888888888888888888888888888888888888888888888888888888888888888889999
8999999898888888888888888888888888888888888888888888888888888999911111119998888888888888888888888888888888888888888888888888888888888888888888888889999888888899999999119999999999888888888888888888888888888888888888888888888888888888888888888888888888889999
8999999999888888888888888888888888888888888888888888888888889999911111111999988888888888888888888888888888888888888888888888888888888888888888888888999999999999999999999999999999888888888888888888888888888888888888888888888888888888888888888888888888889999
8889999999888888888888888888888888888888888888888888888888899999111111111999888888888888888888888888888888888888888888888888888888888888888888888888899999999991999999999988888888888888888888888888888888888888888888888888888888888888888888888888888888889999
8888888898888888888888888888888888888888888888888888888888999911111199999998888888888888888888888888888888888888888888888888888888888888888888888888899999911111999999998888888888888888998888888888888888888888888888888888888888888888888888888888888888999991
9888888888888888888888888888888888888888888888888888888888999111111999999988888888888888888888888888888888888888888888888888888888888888888888888888999999111119999999988888888888888888899888888888888888888888888888888888888888888888888888888888888888999991
9888888888888888888888888888888888888888888888888888888899991111999999999888888888888888888888888888888888888888888888888888888888888888888888888889999999111999999888888888888888888888888888888888888888888888888888888888888888888888888888888888888889999911
8888888888888888888888888888888888888888888888888888888999999111999999999888888888888888888888888888888888888888888888888888888888888888888888888999999999999999988888888888888888888888888888888888888888888888888888888888888888888888888888888888889999999991
8888888888888888888888888888888888888888888888888899999999999999998888888888888888888888888888888888888888888888888888888888888888888888888888889999999999999999888888888888888888888888888888888888888888888888888888888888888888888888888888888888889999111999
8888888888888888888888888888888888888888888889999999999119199999988888888888888888888888888888888888888888888888888888888888888888888888888899999999999999998888888888888888888888888888888888888888888888888888888888888888888888888888888888888888889999119999
8888888888888888888888888888888888888888899999999999111111199998888888888888888888888888888888888888888888888888888888888888888888888888888999999999999998888888888888888888888888888888888888888888888888888888888888888888888888888888888888888888999999999999
8888888888888888888888888888888888888888999999999911111111999888888888888888888888888888888888888888888888888888888888888888888888888888999999999999998988888888888888888888888888888888888888888888888888888888888888888888888888888888888888888888889999999999
8888888888888888888888888888888888888899999999999111111119988888888888888888888888888888888888888888888888888899888888888888888888888889999999999999998888888888888888888888888888888888888888888888888888888888888888888888888888888888888888888888888888888888
8888888888888888888888888888888888888888899999991111111999888888888888888888888888888888888888888888888888888888888888888888888888899999999999999998888888888888888888888888888888888888888888888888888888888888888888888888888888888888888888888888888888888888
8888888888888888888888888888888888888888888999991111119999888888888888888888888888888888888888888888888888888888888888999999999999999999999998889998888888888888888888888888888888888888888888888888888888888888888888888888888888888888888888888888888888888888
8888888888888888888888888888888888888888888899999111199888888888888888888888888888888888888888888888888888888888888888999999999999911199999998888888888888888888888888888888888888888888888888888888888888888888888888888888888888888888888888888888888888888888
8888888888888888888888888888888888888888888889999999998888888888888888888888888888888888888888888888888888888888888889999999999911111999999888888888888888888888888888888888888888888888888888888888888888888988888888888888888888888888888889988888888888888888
8888888888888888888888888888888888888888888889999999998888888888888888888888888888888888888888888888888888888888888888888999999111119999998888888888888888888888888888888888888888888888888888888888888888888998888888888888888888888888888899988888888888888888
8888888888888888888888888888888888888888888888999999988888888888888888888888888888888888888888888888888888888888888888888899999911199999888888888888888888888888888888888888888888888888888888888888888888888899988888888888888888888888888898888888888888888888
8888888888888888888888888888888888888888888888999999988888888888888888888888888888888888888888888888888888888888888888888888899999999888888888888888888888888888888888888888888888888888888888888888888888888888888888888888888888888888888888888888888888888888
8888888888888888888888888888888888888888888888111999988888888888888888888888888888888888888888888888888888888888888888888888889999998888888888888888888888888888888888888888888888888888888888888888888888888888888888888888888888888888888888888888888888888888
8888888888888888888888888888888888888888888881111199988888888888888888888888888888888888888888888888888888888888888888888888888999988888888888888888888888888888888888888888888888888888888888888888888888888888888888888888888888888888888888888888888888888888
8888888888888888888888888888888888888888888881111199988888888888888888888888888888888888888888888888888888888888888888888888888999888888888888888888888888888888888888888888888888888888888888888888888888888888888888898888888888888888888888888888888888888888
8888888888888888888888888888888888888888888911111199998888888888888888888888888888888888888888888888888888888888888888888888888888888888888888888888888888888888888888888888888888888888888888888888888888888888888888999888888888888888888888888888888888888888
8888888888888888888888888888888888888888889111111119998888888888888888888888888888888888888888888888888888888888888888888888888888888888888888888888888888888888888888888888888888888888888888888888888888888888888888999998888888888998888888888888888888888888
8888888888888888888888888888888888888888891111111119999888888888888888888888888888888888888888888888888888888888888888888888888998888888888888888888888888888888888888888888888888888888888888888888888888888888888888899999999999999998888888888888888888888888
8888888888888888888888888888888888888899911111111111999998888888888888888888888888888888888888888888888888888888888888888888889998888888888888888888888888888888888888888888888888888888888888888888888888888888888888899919999999999999888888888888888888888888
8888888888888888888888888888888888889999999999999111999999999888888888888888888888888888888888888888888888888888888888888888889998888888888888888888888888888888888888888888888888888888888888888888888888888888888888899911199999999999888888888888888888888888
8888888888888888888888888888889999999999999999999999999999999988888888888888888888888888888888888888888888888888888888888888889999888888888888888888888888888888888888888888888888888888888888888888888888888888888888899991111999999999888888888888888888888888
8888888888888888888888888888899999999999999999999999999999999999888888888888888888888888888888888888888888888888888888888888899999888888888888888888888888888888888888888888888888888888888888888888888888888888888888999991111199999999988888888888888888888888
8888888888888888888888889999999999999988888888888999999999999999998888888888888888888888888888888888888888888888888888888888999999888888888888888888888888888888888888888888888888888888888888888888888888888888888888999991111111111111999988888888888888888888
9888888888888888888888889999999888888888888888888889999999999999999998988888888888888888888888888888888888888888888888888899999999888888888888888888888888888888888888888888888888888888888888888888888888888888888889999991111111111111199998888888888888888888
9999998888888888888888999999998888888888888888888888888889999991119999998888888888888888888888888888888888888888888888888899999999988888888888888888888888888888888888888888888888888888888888888888888888888888888899999911111111111111111998888888888888888888
9999999999988889999998999999988888888888888888888888888888999991111999999998888888888888888888888888888888888888888888888999999999988888888888888888888888888888888888888888888888888888888888888888888888888888888999991111111111111111111988888888888888888888
9999999999999999999999999888888888888888888888888888888888899999911111999999888888888888888888888888888888888888888888889999991999999888888888888888888888888888888888888888888888888888888888888888888888888888899991111111111111111199999988888888888888888888
9999999999999999999999898888888888888888888888888888888888888999991111199999999988888888888888888888888888888888888888999999999999999988888888888888888888888888888888888888888888888888888888888888888888888888899991111111111111111999999888888888888888888888
9999999999999999988888888888888888888888888888888888888888888899999111119999999999988888888888888888888888888888889999999999999999999998888888888888888888888888888888888888888888888888888888888888888888888888999911111111111999999999999888888888888888888888
8899999999999998888888888888888888888888888888888888888888888888999991111111999999999988888888888888888888888888899999999999999999999998888888888888888888888888888888888888888888888888888888888888888888888888899911111111199999999999888888888888888888888888
8888899999988888888888888888888888888888888888888888888888888888899999911111119999999999988888888888888888888899999999999999999999999888888888888888888888888888888888888888888888888888888888888888888888888888899999911111999999999888888888888888888888888888
8888888888888888888888888888888888888888888888888888888888888888889999999111111199999999998888888888888888889999999999999998888888888888888888888888888888888888888888888888888888888888888888888888888888888888889999911119999999888888888888888888888888888888
8888888888888888888888888888888888888888888888888888888888888888888999999991111111999999999888888888899999999999999999998888888888888888888888888888888888888888888888888888888888888888888888888888888888888888888999911119999998888888888888888888888888888888
8888888888888888888888888888888888888888888888888888888888888888888889999999911111111999999999988889999999999999999999888888888888888888888888888888888888888888888888888888888888888888888888888888888888888888888899991199998888888888888888888888888888888888
8888888888888888888888888888888888888888888888888888888888888888888888899999991111111119999999999999999999999999999998888888888888888888888888888888888888888888888888888888888888888888888888888888888888888888888899991999988888888888888888888888888888888888
8888888888888888888888888888888888888888888888888888888888888888888888899999999111111111999999999999991111999999999888888888888888888888888888888888888888888888888888888888888888888888888888888888888888888888888889999999888888888888888888888888888888888888
8888888888888888888888888888888888888888888888888888888888888888888888889999999911111111119999999991111111999999988888888888888888888888888888888888888888888888888888888888888888888888888888888888888888888888888889999988888888888888888888888888888888888888
8898888888888888888888888888888888888888888888888888888888888888888888888999999991111111111199999111111119999999888888888888888888888888888888888888888888888888888888888888888888888888888888888888888888888888888889999888888888888888888888888888888888888888
9999888888888888888888888888888888888888888888888888888888888888888888888889999999911111111111111111111999999998888888888888888888888888888888888888888888888888888888888888888888888888888888888888888888888888888889999888888888888888888888888888888888888888
9999888888888888888888888888888888888888888888888888888888888888888888888888999999911111111111111111199999998888888888888888888888888888888888888888888889998888888888888888888888888888888888888888888888888888888899998888888888888888888888888888888888888888
9999988888888888888888888888888888888888888888888888888888888888888888888888899999991111111111111119999999988888888888888888888888888888888888888888888888998898888888888888888888888888888888888888888888888888888899998888888888888888888888888888888888888888
9999988888888888888888888888888888888888888888888888888888888888888888888888899999991111111111111199999998888888888888888888888888888888888888888888888888888889998888888888888888888888888888888888888888888888888899988888888888888888888888888888888888888888
1999998888888888888888888888888888888888888888888888888888888888888888888888889999991111111111111999999988888888888888888888888888888888888888888888888888888889988888888888888888888888888888888888888888888888888999988888888888888888888888888888888888888888
1119999888888888888888888888888888888888888888888888888888888888888888888888889999911111111111119999999888888888888888888888888888888888888888888888888888888888889998888888888888888888888888888888888888888888889988888888888888888888888888888888888888888888
1111199988888888888888888888888888888888888888888888888888888888888888888888899999111111111111199999998888888888888888888888888888888888888888888888888888888888889999888888888888888888888888888888888888888888899988888888888888888888888888888888888888888888
1111199998888888888888888888888888888888888888888888888888888888888888888888899991111111111111199999998888888888888888888888888888888888888888888888888888888888888999888888888888888888888888888888888888888889999888888888888888888888888888888888888888888888
9999999999999888888888888888888888888888888888888888888888888888888888888888999911111111111111199999988888888888888888888888888888888888888888888888888888888888888888888888888888888888888888888888888888888889998888888888888888888888888888888888888888888888
9999999999999998888888888888888888888888888888888888888888888888888888888889999911111111111111199999988888888888888888888888888888888888888888888888888888888888888888888888888888888888888888888888888888888899988888888888888888888888888888888888888888888888
9999999999999999888888888888888888888888888888888888888888888888888888888899999111111999991111119999988888888888888888888888888888888888888888888888888888888888888888888888888888888888888888888888888888888999888888888888888888888888888888888888888888888888
8899999999999999888888888888888888888888888888888888888888888888888888888999991111999999999911119999988888888888888888888888888888888888888888888888888888888888888888888888888888888888888888888888888888899998888888888888888888888888888888888888888888888888
8888888899999999988888888888888888888888888888888888888888888888888888889999991119999999999999999999988888888888888888888888888888888888888888888888888888888888888888888888888888888888888888888888888899999988888888888888888888888888888888888888888888888888
8888888889999999999988888888888888888888888888888888888888888888888888899999999999999999999999999999998888888888888888888888888888888888888888888888888888888888888888888888888888888888888888888888999999999988888888888888888888888888888888888888888888888888
8888888888999999999998888888888888888888888888888888888888888888888888899999999999999999999999999999998888888888888888888888888888888888888888888888888888888888888888888888888888888888888888889999991119999888888888888888888888888888888888888888888888888888
8888888888889999999999888888888888888888888888888888888888888888888888999999999999988888888899999999999888888888888888888888888888888888888888888888888888888888888888888888888888888889999999999999911119988888888888888888888888888888888888888888888888888888
8888888888888889999999988888888888888888888888888888888888888888888889991119999988888888888888999999999988888888888888888888888888888888888888888888888888888888888888888888888888888888888999999911111199888888888888888888888888888888888888888888888888888888
8888888888888888999999998888888888888888888888888888888888888888888899911119999988888888888888999999999998888888888888888888888888888888888888888888888888888888888888888888888888888888888889999111111999888888888888888888888888888888888888888888888888888888
8888888888888888899999999988888888888888888888888888888888888888889999111999998888888888888888888999999999988888888888888888888888888888888888888888888888888888888888888888888888888888888889999111111999888888888888888888888888888888888888888888888888888888
8888888888888888889999999999988888888888888888888888888888888888899999999999888888888888888888888889999999998888888888888888888888888888888888888888888888888888888888888888888888888888888888889911111999888888888888888888888888888888888888888888888888888888
8888888888888888888889999999998888888888888888888888888888888888899999999988888888888888888888888888899999999888888888888888888888888888888888888888888888888888888888888888888888888888888888888899111999888888888888888888888888888888888888888888888888888888
8888888888888888888888899999998888888888888888888888888888888888999999998888888888888888888888888888888999999988888888888888888888888888888888888888888888888888888888888888888888888888888888888889919998888888888888888888888888888888888888888888888888888888
8888888888888888888888889999999998888888888888888888888888888889999999888888888888888888888888888888888899999999888888888888888888888888888888888888888888888888888888888888888888888888888888888888999998888888888888888888888888888888888888888888888888888888
8888888888888888888888888999999998888888888888888888888888899999999998888888888888888888888888888888888888999999988888888888888888888888888888888888888888888888888888888888888888888888888888888888899998888888888888888888888888888888888888888888888888888888
8888888888888888888888888889999999988888888888888888888888899999999988888888888888888888888888888888888888899999998888888888888888888888888888888888888888888888888888888888888888888888888888888888899998888888888888888888888888888888888888888888888888888888
8888888888888888888888888888889999998888888888888888888889999998888888888888888888888888888888888888888888888999999998888888888888888888888888888888888888888888888888888888888888888888888888888888899999888888888888888888888888888888888888888888888888888888
8888888888888888888888888888889999999999998888888888888999999998888888888888888888888888888888888888888888888999999999888888888888888888888888888888888888888888888888888888888888888888888888888888899999988888888888888888888888888888888888888888888888888888
8888888888888888888888888888889999999999999988888888889999999998888888888888888888888888888888888888888888888899999999999888888888888888888888888888888888888888888888888888888888888888888888888888899999999888888888888888888888888888888888888888888888888888
8888888888888888888888888888888889999999999999999999999999999988888888888888888888888888888888888888888888888888999999999999999888888888888888888888888888888888888888888888888888888888888888888888999999999998888888888888888888888888888888888888888888888888
8888888888888888888888888888888888999999999999999999999999999888888888888888888888888888888888888888888888888888888999999999999988888888888888888888888888888888888888888888888888888888888888888889999999999998888888888888888888888888888888888888888888888888
8888888888888888888888888888888888899999999999999999999999998888888888888888888888888888888888888888888888888888888999999999999998888888888888888888888888888888888888888888888888888888888888888899999111999999888888888888888888888888888888888888888888888888
8888888888888888888888888888888888888899999119999911999999888888888888888888888888888888888888888888888888888888888999911199999999998888888888888888888888888888888888888888888888888888888888888999999111199999888888888888888888888888888888888888888888888888
8888888888888888888888888888888888888899999111999111999988888888888888888888888888888888888888888888888888888888888999911119999999988888888888888888888888888888888888888888888888888888888888889999991111199999888888888888888888888888888888888888888888888888
8888888888888888888888888888888888888889999911111119999988888888888888888888888888888888888888888888888888888888889999111111999999888888888888888888888888888888888888888888888888888888888889999999111111199999888888888888888888888888888888888888888888888888
8888888888888888888888888888888888888889999991111199999988888888888888888888888888888888888888888888888888888888899991111111999998888888888888888888888888888888888888888888888888888888888899999911111111119999988888888888888888888888888888888888888888888888
8888888888888888888888888888888888888889999991111199999988888888888888888888888888888888888888888888888888888888899911111119999988888888888888888888888888888888888888888888888888888888899999991111111111119999998888888888888888888888888888888888888888888888
8888888888888888888888888888888888888889999999999999999988888888888888888888888888888888888888888888888888888889999911111999998888888888888888888888888888988888888888888888888888888888999991111111111111111119999888888888888888888888888888888888888888888888
8888888888888888888888888888888888888889999999999999999988888888888888888888888888888888888888888888888888888899999911199998888888888888888888888888888888898888888888888888888888888888999991111111111111111111999998888888888888888888888888888888888888888888
8888888888888888888888888888888888888889999999999999999988888888888888888888888888888888888888888888888888888899999999999988888888888888888888888888888888889999991988888888888888888888888999111111111111111111119999888888888888888888888888888888888888888888
8888888888888888888888888888888888888889999999999999999998888888888888888888888888888888888888888888888888889999199999988888888888888888888888888888888888888999911199999988888888888888888899999999911111111111111999999888888888888888888888888888888888888888
8888888888888888888888888888888888888889999999999999999999888888888888888888888888888888888888888888888888899999999999888888888888888888888888888888888888888999111999999988888888888888888889999999999111111111111119999998888888888888888888888888888888888888
8888888888888888888888888888888888888888888899999999989999888888888888888888888888888888888888888888888888999999999888888888888888888888888888888888888888888999999999999888888888888888888888888889999999111111111111999999988888888888888888888888888888888888
8888888888888888888888888888888888888888888888888888888999988888888888888888888888888888888888888888888889999999998888888888888888888888888888888888888888888899999999888888888888888888888888888888999999991111111111111999999888888888888888888888888888888888
8888888888888888888888888888888888888888888888888888888889988898888888888888888888888888888888888888888999999999988888888888888888888888888888888888888888888889999988888888888888888888888888888888888889999999991111111111999998888888888888888888888888888888
8888888888888888888888888888888888888888888888888888888888888999888888888888888888888888888888888888889911999988888888888888888888888888888888888888888888888889999888888888888888888888888888888888888888999999999911111111199999988888888888888888888888888888
8888888888888888888888888888888888888888888888888888888888888899888888888888888888888888888888888888999111999988888888888888888888888888888888888888888888888888999888888888888888888888888888888888888888889999999991111111119999999888888888888888888888888889
8888888888888888888888888888888888888888888888888888888888888888888999988888888888888888888888888999991111998888888888888888888888888888888888888888888888888888999888888888888888888888888888888888888888888899999999111111111119999999988888888888888888888999
8888888888888888888888888888888888888888888888888888888888888888888999988888888888888888888888899999911119998888888888888888888888888888888888888888888888888888998888888888888888888888888888888888888888888888899999911111111111111199999888888888888888911111
9988888888888888888888888888888888888888888888888888888888888888888888988888888888888888888889999999111199988888888888888888888888888888888888888888888888888888988888888888888888888888888888888888888888888888888999999111111111111111199999988888888881111111
9998888888888888888888888888888888888888888888888888888888888888888888888899988888888888888899999991111999888888888888888888888888888888888888888888888888888889988888888888888888888888888888888888888888888888888889999991111111111111111999999999999911111119
9998888888888888888888888888888888888888888888888888888888888888888888888899999999999999999999999111199988888888888888888888888888888888888888888888888888888889988888888888888888888888888888888888888888888888888888999999111111111111111111111111199999999999
9998888888888888888888888888888888888888888888888888888888888888888888888889999999999999999999911111199888888888888888888888888888888888888888888888888888888888888888888888888888888888888888888888888888888888888888899999991111111111111111111111199999999999
9999999988888888888888888888888888888888888888888888888888888888888888888888999999999999999999111111999888888888888888888888888888888888888888888888888888888888888888888888888888888888888888888888888888888888888888888999999911111111111111111999999998889999
1199999998888888888888888888888888888888888888888888888888888888888888888888899999999999991111111119998888888888888888888888888888888888888888888888888888888888888888888888888888888888888888888888888888888888888888888899999991111111111111199999988888888888
1119999999888888888888888888888888888888888888888888888888888888888888888888888899999999911111111199988888888888888888888888888888888888888888888888888888888888888888888888888888888888888888888888888888888888888888888899999991111111119999999988888888888888
1111199999988888888888888888888888888888888888888888888888888888888888888888888888999999911111111999888888888888888888888888888888888888888888888888888888888888888888888888888888888888888888888888888888888888888888888888999991111111199999998888888888888888
9911111999998888888888888888888888888888888888888888888888888888888888888888888888899999911111111998888888888888888888888888888888888888888888888888888888888888888888888888888888888888888888888888888888888888888888888888999991111119999999888888888888888888
9991111199998888888888888888888888888888888888888888888888888888888888888888888888899999991111119998888888888888888888888888888888888888888888888888888888888888888888888888888888888888888888888888888888888888888888888888999111111199998988888888888888888888
9991111199999888888888888888888888888888888888888888888888888888888888888888888888899999991111199998888888888888888888888888888888888888888888888888888888888888888888888888888888888888888888888888888888888888888888888888991111111999988888888888888888888888
9991111119999888888888888888888888888888888888888888888888888888888888888888888888889999991111199998888888888888888888888888888888888888888888888888888888888888888888888888888888888888888888888888888888888888888888888889991111119999988888888888888888888888
8899111111999888888888888888888888888888888888888888888888888888888888888888888888889999911111199998888888888888888888888888888888888888888888888888888888888888888888888888888888888888888888888888888888888888888888888899991111199999888888888888888888888888
8888911191999988888888888888888888888888888888888888888888888888888888888888888888899999111111199998888888888888888888888888888888888888888888888888888888888888888888888888888888888888888888888888888888888888888888888899991111199999888888888888888888888888
8888911119999998888888888888888888888888888888888888888888888888888888888888888888899999111111199999888888888888888888888888888888888888888888888888888888888888888888888888888888888888888888888888888888888888888888889999911111199999888888888888888888888888
8888911111999998888888888888888888888888888888888888888888888888888888888888888888999999111111119999888888888888888888888888888888888888888888888888888888888888888888888888888888888888888888888888888888888888888888889991111111199999888888888888888888888888
8888911111999999888888888888888888888888888888888888888888888888888888888888888889999999999111119999988888888888888888888888888888888888888888888888888888888888888888888888888888888888888888888888888888888888888888999911111119999999988888888888888888888888
8888911111199999988888888888888888888888888888888888888888888888888888888888888899999999999991111999998888888888888888888888888888888888888888888888888888888888888888888888888888888888888888888888888888888888888899999911111999999999998888888888888888888888
8999111111199999999888888888888888888888888888888888888888888888888888888888888999999999999999999999999888888888888888888888888888888888888888888888888888888888888888888888888888888888888888888888888888888888888999991111199999999999999999888888888888888888
9991111111111999999988888888888888888888888888888888888888888888888888889999999999999988888899999999999988888888888888888888888888888888888888888888888888888888888888888888888888888888888888888888888888888888889999111111999999999999999998888888888888888888
9911111111111119999998888888888888888888888888888888888888888888888888899999999999888888888888999999999998888888888888888888888888888888888888888888888888888888888888888888888888888888888888888888888888888888899911111119998888888888888888888888888888888888
9999999911111111999999888888888888888888888888888888888888888888888888899999999888888888888888889999999998888888888888888888888888888888888888888888888888888888888888888888888888888888888888888888888888888889999911111198898888888888888888888899888888888888
9999999999111111199999998888888888888888888888888888888888888888888888999999988888888888888888888999999999988888888888888888888888888888888888888888888888888888888888888888888888888888888888888888888888888899999111119888888888888888888888888888998888888888
9999999999991111119999999888888888888888888888888888888888888888889999999999888888888888888888888899999999988888888888888888888888888888888888888888888888898888888888888888888888888888888888888888888888888899111999988888888888888888888888888888889999999888
8888889999999991111119999999888888888888888888888888888888888888889999999998888888888888888888888888999999998888888888888888888888888888888888888888888888998888888888888888888888888888888888888888888888889111119999888888888888888888888888888888888999999888
8888888888999999111111999999998888888888888888888888888888888899999999999998888888888888888888888888999999999888888888888888888888888888888888888888888888999888888888888888888888888888888888888888888888991111199999888888888888888888888888888888888899999888
8888888888888999999111111199999988888888888888888888888888889999999999999998888888888888888888888888999991919998888888888888888888888888888888888888888889999888888888888888888888888888888888888888888888911111999888888888888888888888888888888888888899999998
8888888888888899999991111119999999999998888888888888888888999111111199999998888888888888888888888888999991119999888888888888888888888888888888888888888899999888888888888888888888888888888888888888888999111119999888888888888888888888888888888888888888999998
8888888888888888999999991111111199999999888888888888889999991111111199999998888888888888888888888888999991111999988888888888888888888888888888888888889999999988888888888888888888888888888888888888899991111999988888888888888888888888888888888888888888899999
8888888888888888899999999111111111119999988888999999999999991111111999999998888888888888888888888888999991119999999988888888888888888888888888888888899991119988888888888888888888888888888888888888991111119998888888888888888888888888888888888888888888889999
8888888888888888889999999911111111111111999999999999998888899999999999999998888888888888888888888888999991111999999998888888888888888888888888888888899911119998888888888888888888888888888888888999111111999998888888888888888888888888888888888888888888888999
8888888888888888888889999999111111111111111199999888888888888999999999999998888888888888888888888889999911111199999999888888888888888888888888888899999911119888888888888888888888888888888888899911111199999888888888888888888888888888888888888888888888888899
8888888888888888888888889999911111111111199999998888888888888888899999999999888888888888888888888889999991111111199999999888888888888888888888999999999998888888888888888888888888888888888899999111111999999888888888888888888888888888888888888888888888888888
8888888888888888888888888899991111111111999999988888888888888888888899999999988888888888888888888889999999911111111999999999999888888888888899999999999998888888888888888888888888888888999999999111111999999888888888888888888888888888888888888888888888888888
8888888888888888888888888899999111111119999888888888888888888888888888898888888888898888888888888889999999991111111119999999999999888888899999999999999988888888888888888999888888888889999999999999999999999888888888888888888888888888888888888888888888888888
8888888888888888888888888888999911111999999888888888888888888888888888888888888888888888888888888889999999999111111111199999999999999999999999999988888888888888888888888888888888888888899999999999999999999888888888888888888888888888888888888888888888888888
8888888888888888888888888888899911119999998888888888888888888888888888888888888888888888888888888888889999999911111111111199999999999999999999999988888888888888888888888888888888888888889999999999999999999988888888888888888888888888888888888888888888888888
8888888888888888888888888888889991199999988888888888888888888888888888888888888888888888888888888888888899999999111111111111999999911999999999988888888888888888888888888888888888888888888888899999888888999888888888888888888888888888888888888888888888888888
8888888888888888888888888888889991199998888888888888888888888888888888888888888888888888888888888888888889999999991111111111199911111999999888888888888888888888888888888888888888888888888888888888888888888888888888888888888888888888888888888888888888888888
8888888888888888888888888888889999999888888888888888888888888888888888888888888888888888888888888888888888999999999911111111111111119999998888888888888888888888888888888888888888888888888888888888888888888888888888888888888888888888888888888888888888888888
8888888888888888888888888888889999998888888888888888888888888888888888888888888888888888888888888888888888888899999991111111111111199999998888888888888888888888888888888888888888888888888888888888888888888888888888888888888888888888888888888888888888888888
8888888888888888888888888888888999988888888888888888888888888888888888888888888888888888888888888888888888888889999999111111111111999999998888888888888888888888888888888888888888888888888888888888888888888888888888888888888888888888888888888888888888888888
8888888888888888888888888888888999888888888888888888888888888888888888888888888888888888888888888888888888888888999999911111111111999988888888888888888888888888888888888888888888888898888888888888888888888888888888888888888888888888888888888888888888888888
8888888888888888888888888888888898888888888888888888888888888888888888888888888888888888888888888888888888888888899999991111111119999988888888888888888888888888888888888888888888888888888888888888888888888888888888888888888888888888888888888888888888888899
8888888888888888888888888888889998888888888888888888888888888888888888888888888888888888888888888888888888888888889999911111111199999988888888888888888888888888888888888888888888888888888888888888888888888888888888888888888888888888888888888888888888888999
8888888888888888888888888888899998888888888888888888888888888888888888888888888888888888888888888888888888888888888999999111111119999988888888888888888888888888888888888888888888888888888888888888888888888888888888888888888888888888888888888888888888999999
8888888888888888888888888888899998888888888888888888888888888888888888888888888888888888888888888888888888888888888899999911111111999988888888888888888888888888888888888888888888888888888888888888888888888888888888888888888888888888888888888888888889999999
8888888888888888888888888888999998888888888888888888888888888888888888888888888888888888888888888888888888888888888889999911111111199888888888888888888888888888888888888888888888888888888888888888888888888888888888888888888888888888888888888888888999999999
8888888888888888888888888889999988888888888888888888888888888888888888888888888888888888888888888888888888888888888889999911111111199988888888888888888888888888888888888888888888888888888888888888888888888888888888888888888888888888888888888888889999988888
8888888888888888888888888899999888888888888888888888888888888888888888888888888888888888888888888888888888888888888889999111111111999999888888888888888888888888888888888888888888888888888888888888888888888888888888888888888888888888888888888888999999888888
8888888888888888888888888998888888888888888888888888888888888888888888888888888888888888888888888888888888888888888889999111119999999999998888888888888888888888888888888889998888888888888888888888888888888888888888888888888888888888888888888999999888888888
8888888888888888888888889888888888888888888888888888888888888888888888888888888888888888888888888888888888888888888889991111199999999999999998888888888888888888888888888899988888888888888888888888888888888888888888888888888888888888888888888999998888888888
8888888888888888888888899888888888888888888888888888888888888888888888888888888888888888888888888888888888888888888889911119999999999999999999888888888888888888888888888999888888888888888888888888888888888888888888888888888888888888888888899999988888888888
8888888888888888888889888888888888888888888888888888888888888888888888888888888888888888888888888888888888888888888899911199999999998888889999999888888888888888888888888998888888888888888888888888888888888888888888888888888888888889999999999999888888888888
8888888888888888888899888888888888888888888888888888888888888888888888888888888888888888888888888888888888888888888999911999999998888888888888999998888888888888888888888888888888888888888888888888888888888888888888888888888888888999999999999888888888888888
8888888888888899999999888888888888888888888888888888888888888888888888888888888888888888888888888888888888888888889999119999998888888888888888899999888888888888888888888888888888888888888888888888888888888888888888888888888888899999991119998888888888888888
8888888888888999999999888888888888888888888888888888888888888888888888888888888888888888888888888888888888888888889999999999988888888888888888888899988888888888888888888888888888888888888888888888888888888888888888888888888888899999111118888888888888888888
8888888888888999999999888888888888888888888888888888888888888888888888888888888888888888888888888888888888888888899999999988888888888888888888888888988888888888889988888888888888888888888888888888888888888888888888888888888888999991111188888888888888888888
8888888888888888888889888888888888888888888888888888888888888888888888888888888888888888888888888888888888888888999999999888888888888888888888888888888888888889999998888888888888888888888888888888888888888888888888888888888899999991111888888888888888888888
8888888888888888888889898888888888888888888888888888888888888888888888888888888888888888888888888888888888888899999999999888888888888888888888888888888888888999999998888888888888888888888888888888888888888888888888888888888999911999999888888888888888888888
8888888888888888888888998888888888888888888888888888888888888888888888888888888888888888888888888888888888888999999999998888888888888888888888888888888888889999999999888888888888888888888888888888888888888888888888888899999911111999988888888888888888888888
8888888888888888888888899888888888888888888888888888888888888888888888888888888888888888888888888888888888888999999999988888888888888888888888888888888888889999111199988888888888888888888888888888888888888888888888889999999111111999888888888888888888888888
8888888888888888888888889988888888888888888888888888888888888888888888888888888888888888888888888888888888999991199999888888888888888888888888888888888888888999111119998888888888888888888888888888888888888888888889999999911111199998888888888888888888888888
8888888888888888888888888888888888888888888888888888888888888888888888888888888888888888888888888888888889999111199998888888888888888888888888888888888888888999911119999888888888888888888888888888888888888888888899999911111111999988888888888888888888888888
8888888888888888888888888888888888888888888888888888888888888888888888888888888888888888888888888888888999991111199988888888888888888888888888888888888888888888999999999999999988888888888888888888888888888899999999991111111119999988888888888888888888888888
8888888888888888888888888888988888888888888888888888888888888888888888888888888888888888888888888888899999111111999988888888888888888888888888888888888888888888899999999999999888888888889999888888888888899999999911111111111199998888888888888888888888888888
8888888888888888888888888888888888888888888888888888888888888888888888888888888888888888888888999999999991111199998888888888888888888888888888888888888888888888899999999988888888888888888999999999888899999999999111111111119999988888888888888888888888888888
8888888888888888888888888888888888888888888888888888888888888888888888888888888888888888888889999999991111119999998888888888888888888888888888888888888888888888899999998888888888888888888899999999999999999999991111111111199999988888888888888888888888888888
8888888888888888888888888888888888888888888888888888888888888888888888888888888888888888888899999999111111199999888888888888888888888888888888888888888888888888899999988888888888888888888888888999999999999999911111111111999999988888888888888888888888888888
8888888888888888888888888888888888888888888888888888888888888888888888888888888888888888888999999911111111999998888888888888888888888888888888888888888888888888899999988888888888888888888888888899999999991111111111111119999999988888888888888888888888888888
8888888888888888888888888888888888888888888888888888888888888888888888888888888888888888889999991111111111999998888888888888888888888888888888888888888888888888999988888888888888888888888888888889999999911111111111111119999999988888888888888888888888888888
8888888888888888888888888888888888888888888888888888888888888888888888888888888888888899999999911111111111999988888888888888888888888888888888888888888888888889999988888888888888888888888888888888999999911111111111111111999999988888888888888888888888888888
8888888888888888888888888888888888888888888998888888888888888888888888888888888888899999999991111111111119999988888888888888888888888888888888888888888888888889988888888888888888888888888888888888889999991111111111111111199999988888888888888888888888888888
8888888888888888888888888888888888888888889999888888888888888888888888888888888889999999991111111111111199998888888888888888888888888888888888888888888888888888888888888888888888888888888888888888888999999111111111111111119999998888888888888888888888888888
8888888888888888888888888888888888888888899999988888888888888888888888888999999999999991111111111111119999988888888888888888888888888888888888888888888888888888888888888888888888888888888888888888888899999911111111111111111999999888888888888888888888888888
8888888888888888888888888888888888888888888988888888888888888888888899999999999999999111111111111111199999988888888888888888888888888888888888888888888888888888888888888888888888888888888888888888888899999911111111111111111199999998888888888888888888888888
8888888888888888888888888888988888888888888888888888888888888888888999999999999111111111111111111111999999888888888888888888888888888888888888888888888888888888888888888888888888888888888888888888888899999111111111111111111119999999988888888888888888888888
8988888888888888888889999999988888888888888888888888888888888888889999999991111111111111111111111119999998888888888888888888888888888888888888888888888888888888888888888888888888888888888888888888888899999111111111111111111111119999999888888888888888888899
8888888888888888888999999988888888888888888888888888888888889988889999999111111111111111111111111199999998888888888888888888888888888888888888888888888888888888888888888888888888888888888888888888888899991111111111111111111111119999999998888888888888888999
8888888888888888899999998888888888888888888888888888888888888888889999999911111111111111111111111999999998888888888888888888888888888888888888888888888888988888888888888888888888888888888888888888888999111111111119111111111111199999999999999998888888889999
8889999988888999999899888888888888888888888888888888888888888888889999999991111111111111111111111999999998888888888888888888888888888888888888888888888888998888888888888888888888888888888888888888889991111111119999991111119999999999999999999998888888889999
8889999999999999988888888888888888888888888888888888888888888888888999999999991111111111111111111199999999888888888888888888888888888888888888888888888889998888888888888888888888888888888888888888899999111119999999999111199999999999999999888888888888889999
8881119999999998888888888888888888888888888888888888888888888888888899999999999111111111111111111119999999888888888888888888888888888888888888888888888889998888888888888888888888888888888888888888999999999999999999999999999999999999998888888888888888889999
8881111999999988888888888888888888888888888888888888888888888888888889999999999911111111111111111111999999888888888888888888888888888888888888888888888898888888888888888888888888888888888888888889999999999999999999999999999999999999988888888888888888889999
8881111999999888888888888888888888888888888888888888888888888888888888999999999911111111111111111111119999998888888888888888888888888888888888888888888888888888888888888888888888888888888888888889999999999999999999999999999999999988888888888888888888888899
8881199999888888888888888888888888888888888888888888888888888888888888889999999111111111119991111111111999999888888888888888888888888888888888888888888888888888888888888888888888888888888888888999999888888888888888999999999999998888888888888888888888888888
8889999998888888888888888888888888888888888888888888888888888888888888888999999111111119999999999111111999999998888888888888888888888888888888888888888888888888888888888888888888888888888888899999888888888888888888888999999998888888888888888888888888888888
8889988888888888888888888888888888888888888888888888888888888888888888888999991111199999999999999911111199999999888888888888888888888888888888888888888888888888888888888888888888888888889999999988888888888888888888888889999988888888888888888888888888888888
8889988888888888888888888888888888888888888888888888888888888888888888888999911111999999999999999999911999999999888888888888888888888888888888888888888888888888888888888888888888888888889999998888888888888888888888888889999988888888888888888888888888888888
8889988888888888888888888888888888888888888888888888888888888888888888888999911199999999999999999999999991111999998888888888888888888888888888888888888888888888888888988888888888888888999999999888888888888888888888888888999988888888888888888888888888888888
8888888888888888888888888888888888888888888888888888888888888888888888889999999999999999999999999999999991111199999998888888888888888888888888888888888888888888888888888888888888888889999998888888888888888888888888888888999998888888888888888888888888888888
8888888888888888888888888888888888888888888888888888888888888888888888889999999999999999999999999999999999111199999999988888888888888888888888888888888888888888888888888888888888888999199998888888888888888888888888888888899998888888888888888888888888888888
8888888888888888888888888888888888888888888888888888888888888888888888999999999999998888888888888999999999999999111999988888888888888888888888888888888888888888888888888888889999999911199988888888888888888888888888888888889998888888888888888888888888888888
8888888888888888888888888888888888888888888888888888888888888888888889999999999999988888888888888889999999999999111999998888888888888888888888888888888888888888888888888888899999999919999988888888888888888888888888888888888998888888888888888888888888888888
8888888888888888888888888888888888888888888888888888888888888888889999999999998888888888888888888888888899999999111999999888888888888888888888888888888888888888888888888888899999999999999888888888888888888888888888888888888999888888888888888888888888888888
8888888888888888888888888888888888888888888888888888888888888888889999998888888888888888888888888888888889999999999999999888888888888888888888888888888888888888888888888888899999999998888888888888888888888888888888888888888899888888888888888888888888888888
8888888888888888888888888888888888888888888888888888888888888888899999998888888888888888888888888888888888888888989999991198888888888888888888888888888888888888888888888888999999999988888888888888888888888888888888888888888889888888888888888888888888888888
8888888888888888888888888888888888888888888888888888888888888888999998888888888888888888888888888888888888888888888899991199889888888888888888888888888888888888888888888888999999999888888888888888888888888888888888888888888888888888888888888888888888888888
8888888888888888888888888888888888888888888888888888888888888888999998888888888888888888888888888888888888888888888899999999999999999888888888888888888888888888888888888888999999999888888888888888888888888888888888888888888888899988888888888888888888888888
8888888888888888888888888888888888888888888888888888888888888888999998888888888888888888888888888888888888888888888888888999999999999988888888888888888888888888888888888899999999999888888888888888888888888888888888888888888888899988888888888888888888888888
8888888888888888888888888888888888888888888888888888888888888888888888888888888888888888888888888888888888888888888888888889999999999999888888888888888888888888888888889999991999998888888888888888888888888888888888888888888888999988888888888888888888888888
8888888888888888888888888888888888888888888888888888888888899888888888888888888888888888888888888888888888888888888888888888999911119999888888888888888888888888888888899999199999988888888888888888888888888888888888888888888888999999988888888888888888888888
8888888888888888888888888888888888888888888888888888888889999888888888888888888888888888888888888888888888888888888888888888889911111199988888888888888888888888888889999911999998888888888888888888888888888888888888888888888888888899998888888888888888888888
8888888888888888888888888888888888888888888888888888888999999888888888888888888888888888888888888888888888888888888888888888888991111119999998888888888888888888889999991111999988888888888888888888888888888888888888888888888888888889999888888888888888888888
8888888888888888888888888888888888888888888888888888899999999888888888888888888888888888888888888888888888888888888888888888888899911111999999988888888888888888999999911119999988888888888888888888888888888888888888888888888888888888999999888888888888888888
8888888888888888888888888888888888888888888888888888899999988888888888888888888888888888888888888888888888888888888888888888888889991111111999999988888888888999999999911119999888888888888888888888888888888888888888888888888888888888888899998888888888888888
8888888888888888888888888888888888888888888888888888999999988888888888888888888888888888888888888888888888888888888888888888888889991111111119999998888888899999999991111199999888888888888888888888888888888888888888888888888888888888888888998888888888888888
8888888888888888888888888888888888888888888888889999999998888888888888888888888888888888888888888888888888888888888888888888888889999111111111119999999999999999991111111199998888888888888888888888888888888888888888888888888888888888888888888888888888888888
8888888888888888888888888888888888888888888888999999999988888888888888888888888888888888888888888888888888888888888888888888888888999911111111111119999999999999111111111999999888888888888888888888888888888888888888888888888888888888888888888888888888888888
8888888888888888888888888888888888888888888889999999998888888888888888888888888888888888888888888888888888888888888888888888888888999991111111111119999999999991111111119999999888888888888888888888888888888888888888888888888888888888888888888888888888888888
8899888888888888888888888888888888888888888899999999998888888888888888888888888888888888888888888888888888888888888888888888888889999999111111111111111999911111111111119999999888888888888888888888888888888888888888888888888888888888888888888888888888888888
8899988888888888888888888888888888888888888899919999988888888888888888888888888888888888888888888888888888888888888888888888888889999999111111111111111111111111111111119999999888888888888888888888888888888888888888888888888888888888888888888888888888888888
8899998888888888888888888888888888888888999999199998888888888888888888888888888888888888888888888888888888888888888888888888888899999991111111111111111111111111111111119999999998888888888888888888888888888888888888888888888888888888888888888888888888888888
8999988888888888888888888888888888888889999991999998888888888888888888888888888888888888888888888888888888888888888888888888888899999911111111111111111111111111111111111999999999888888888888888888888888888888888888888888888888888888888888888888888888888998
8888888888888888888888888888888888888899999999998888888888888888888888888888888888888888888888888888888888888888888888888888889999999111111111111191111111111111111111111199999999998888888888888888888888889998888888888888888888888888888888888888888888889999
8888888888888888888888888888888888899999999999998888888888888888888888888888888888888888888888888888888888888888888888888888999999911111111111999999999911111111111111111111999999999888888888888888888888889998888888888888888888888888888888888888888888888888
8888888888888888888888888888888888999999999999988888888888888888888888888888888888888888888888888888888888888888888888888899999999111111199999999999999999911111111111111111199999999998888888888888888888888888888888888888888888888888888888888888888888888888
8888888888888888888888888888899999999999999999888888888888888888888888888888888888888888888888888888888888888888888888888999999911111111999999999999999999999991111111111111111999999999988889999999888888888888888888888888888888888888888888888888888888888888
9888888888888888888899999999999999999119999998888888888888888888888888888888888888888888888888888888888888888888888888899999991111111999999999999999999999999999999999999111111119999999999999999999999888888888888888888888888888888888888888888888888888888888
1888888888888888888899999999999991111119999998888888888888888888888888888888888888888888888888888888888888888888888888999999911111199999999999999999999999999999999999999999911111111999999999999999999888888888888888888888888888888888888888888888888888888888
1888888888888888888899991999999111111119999998888888888888888888888888888888888888888888888888888888888888888888888889999999111199999999999999888888888889999999999999999999999111111199999999999999999888888888888888888888888888888888888888888888888888888888
1888888888888888888899991111111111111199999998888888888888888888888888888888888888888888888888888888888888888888889999991111119999999999988888888888888888889999999999999999999911111199999999999999999988888888888888888888888888888888888888888888888888888888
1888888888888888888899999111111111111199999998888888888888888888888888888888888888888888888888888888888888888888899999991111999999999988888888888888888888888888888999999999999999999999111111119999999988888888888888888888888888888888888888888888888888888888
9888888888888888888888999991111111111199999998888888888888888888888888888888888888888888888888888888888888888889999999911199999999999888888888888888888888888888888888889999999999999999111111111999999998888888888888888888888888888888888888888888888888888888
8888888888888888888888899991111111111119999998888888888888888888888888888888888888888888888888888888888888888899999911999999999888888888888888888888888888888888888888888888889999999999999991111199999999888888888888888888888888888888888888888888888888888888
8888888888888888888888889999111111111119999998888888888888888888888888888888888888888888888888888888888888888999999111999999988888888888888888888888888888888888888888888888888899999999999999911199999999999888888888888888888888888888888888888888888888888889
8888888888888888888888889999111111111111999999888888888888888888888888888888888888888888888888888888888888889999999999999988888888888888888888888888888888888888888888888888888888999999999999999999911119999988888888888888888888888888888888888888888888888899
8888888888888888888888889999911111111111199999988888888888888888888888888888888888888888888888888888888888999119999999998888888888888888888888888888888888888888888888888888888888899999999999999999999999999999988888888888888888888888888888888888888888888999
8888888888888888888888889999911111111111119999988888888888888888888888888888888888888888888888888888888889991119999999888888888888888888888888888888888888888888888888888888888888899999999999999999999999991199999988888888888888888888888888888888888888899999
8888888888888888888888899999111111111111111199998888888888888888888888888888888888888888888888888888889999999999999998888888888888888888888888888888888888888888888888888888888888899999999999888999999999991119999999888888888888888888888888888888888888999999
8888888888888888888888999991111111111111111111199998888888888888888888888888888888888888888888888999991119999998888888888888888888888888888888888888888888888888888888888888888888899999999888888888888888999999999999999988888888888888888888888888889999999911
8888888888888888888899999911111111111111111111119999998888888888888888888888888888888888888888999999911119988888888888888888888888888888888888888888888888888888888888888888888888899999998888888888888888899999999999999999888888888888888888888888999999999119
8888888888888888888999991111111111199991111111119999999988888888888888888888888888888888888899999991111199888888888888888888888888888888888888888888888888888888888888888888888888899999988888888888888888889999999199999999999988888888888888888889999999111199
8888888888888888899999911111111119999999999111119999999999888888888888888888888888888888888999999991111988888888888888888888888888888888888888888888888888888888888888888888888888999999888888888888888888888889999919999999999999888888888888889999999991111999
8888888888888889999999111111119999999999999999999999999999988888888888888888888888888888889999999911119888888888888888888888888888888888888888888888888888888888888888888888888888999998888888888888888888888888999999999999999999999988888888899999999911119999
8888888888888899999991111111199999999988888888888899999999999888888888888888888888888888889999999911998888888888888888888888888888888888888888888888888888888888888888888888888888999988888888888888888888888888899999999911199999999999999999999999911111199998
8888888888888999991111111111999999999888888888888888888999999998888888888888888888888889999999999999988888888888888888888888888888888888888888888888888888888888888888888888888888899988888888888888888888888888889999999111111199999999999999999911111119999988
8888888888889999991111199999999998888888888888888888888999999999888888888888888888889999999911199999988888888888888888888888998888888888888888888888888888888888888888888888888888888888888888888888888888888888888999999911111111999999999999991111111199999888
8888888888891111999999999999999888888888888888888888888899999999999998888888888888899999991111199999888888888888888888888888999988888888888888888888888888888888888888888888888888888888888888888888888888888888888889999991111111199999999911111111111999988888
8888888889991111999999999999988888888888888888888888888888899999999999999999999999999999111111199999888888888888888888888889999988888888888888888888888888888888888888888888888888888888888888888888888888888888888889999999111111111111111111111111119999888888
8888899999991199999999999998888888888888888888888888888888889999999999999999999999999991111111999998888888888888888888888899999998888888888888888888888888888888888888888888888888888888888888888888888888888888888888999999911111111111111111111111999999888888
8888891198888889999999999988888888888888888888888888888888888889999999999999999999999111111119999998888888888888888888888899999999998888888888888888888888888888888888888888888888888888888888888888888888888888888888889999999111111111111111111119999998888888
8888991188888888888889999988888888888888888888888888888888888888898991119999999999111111111199999998888888888888888888888899999999998888888888888888888888888888888888888888888888888888888888888888888888888888888888889999999111111111111111111199999998888888
9999999988888888888888999988888888888888888888888888888888888888888999119999999111111111111999999998888888888888888888888889999999998888888888888888888888888888888888888888888888888888888888888888888888888888888888888999999911111111111111111999999998888888
9999899988888888888888899988888888888888888888888888888888888888888899119999111111111111119999999888888888888888888888888888889999998888888888888888888888888888888888888888888888888888888888888888888888888888888888888999999911111111111111111199999998888888
9998888888888888888888889998888888888888888888888888888888888888888899999911111111111111199999998888888888888888888888888888888899998888888888888888888888888888888888888888888888888888888888888888888888888888888888888999999111111111111111111119999998888888
9988888888888888888888889999888888888888888888888888888888888888888888999991111111111111999999888888888888888888888888888888888889988888999888888888888888888888888888888888888888888888888888888888888888888888888888888999991111111111111111111111999999888888
8888888888888888888888889999988888888888888888888888888888888888888888999991111111111199999999888888888888888888888888888888888888888889999988888888888888888888888888888888888888888888888888888888888888888888888888889999911111111111999111111111111999888888
8888888888888888888888888889888888888888888888888888888888888888888888999999111111111199999988888888888888888888888888888888888888888888999888888888888888888888888888888888888888888888888888888888888888888888888888999999111111111199999911111111111199999888
8888888888888888888888888888888888888888888888888888888888888888888888899999911111111999999888888888888888888888888888888888888888888888898888888888888888888888888888888888888888888888888888888888888888888888888889999991111111111999999999991111111119999988
8888888888888888888888888888888888888888888888888888888888888888888888899999911111119999888888888888888888888888888888888888888888888888888888888888888888888888888888888888888888888888888888888888888888888888888899999911111999999999999999999999111111999988
8888888888888888888888888888888888888888888888888888888888888888888888899999111111199999888888888888888888888888888888888888888888888888888888888888888888888888888888888888888888888888888888888888888888888888888999999911199999999888889999999999991111199998
8888888888888888888888888888888888888888888888888888888888888888888888899999111119999998888888888888888888888888888888888888888888888888888888888888888888888888888888888888888888888888888888888888888888888888889999119999999998888888888899999999999991119999
8888888888888888888888888888888888888888888888888888888888888888888888899999111199999888888888888888888888888888888888888888888888888888888888888888888888888888888888888888888888888888888888888888888888888888899991119999998888888888888888888999999999111199
