5555555555555555555555555555555555555555555555555555555555555555555555555555555555555555555555555555555555555555555555555555555555555555555555555555555555555555555555555555555555555555555555555555555555555555555555555555555555555555555555555555555555555555
5555555555555555555555555555555555555555555555555555555555555555555555555555555555555555555555555555555555555555555555555555555555555555555555555555555555555555555555555555555555555555555555555555555555555555555555555555555555555555555555555555555555555555
5555555555555555555555555555555555555555555555555555555555555555555555555555555555555555555555555555555555555555555555555555555555555555555555555555555555555555555555555555555555555555555555555555555555555555555555555555555555555555555555555555555555555555
5555555555555555555555555555555555555555555555555555555555555555555555555555555555555555555555555555555555555555555555555555555555555555555555555555555555555555555555555555555555555555555555555555555555555555555555555555555555555555555555555555555555555555
5555555555555555555555555555555555555555555555555555555555555555555555555555555555555555555555555555555555555555555555555555555555555555555555555555555555555555555555555555555555555555555555555555555555555555555555555555555555555555555555555555555555555555
5555555555555555555555555555555555555555555555555555555555555555555555555555555555555555555555555555555555555555555555555555555555555555555555555555555555555555555555555555555555555555555555555555555555555555555555555555555555555555555555555555555555555555
5555555555555555555555555555555555555555555555555555555555555555555555555555555555555555555555555555555555555555555555555555555555555555555555555555555555555555555555555555555555555555555555555555555555555555555555555555555555555555555555555555555555555555
5555555555555555555555555555555555555555555555555555555555555555555555555555555555555555555555555555555555555555555555555555555555555555555555555555555555555555555555555555555555555555555555555555555555555555555555555555555555555555555555555555555555555555
5555555555555555555555555555555555555555555555555555555555555555555555555555555555555555555555555555555555555555555555555555555555555555555555555555555555555555555555555555555555555555555555555555555555555555555555555555555555555555555555555555555555555555
5555555555555555555555555555555555555555555555555555555555555555555555555555555555555555555555555555555555555555555555555555555555555555555555555555555555555555555555555555555555555555555555555555555555555555555555555555555555555555555555555555555555555555
5555555555555555555555555555555555555555555555555555555555555555555555555555555555555555555555555555555555555555555555555555555555555555555555555555555555555555555555555555555555555555555555555555555555555555555555555555555555555555555555555555555555555555
5555555555555555555555555555555555555555555555555555555555555555555555555555555555555555555555555555555555555555555555555555555555555555555555555555555555555555555555555555555555555555555555555555555555555555555555555555555555555555555555555555555555555555
5555555555555555555555555555555555555555555555555555555555555555555555555555555555555555555555555555555555555555555555555555555555555555555555555555555555555555555555555555555555555555555555555555555555555555555555555555555555555555555555555555555555555555
5555555155555555555555555555555555555555555555555555555555555555555555555555555555555555555555555555555555555555555555555555555555555555555555555555555555555555555555555555555555555555555555555555555555555555555555555555555555555555555555555555555555555555
5555555511555555555555511555555555555555555555555555555555555555555555555555555555555555555555555555555555555555555555555555555555555555555555555555555555555555555555555555555555555555555555555555555555555555555555555555555555555555555555555555555555555555
5555555555555555555555555555555555555555555555555555555555555555555555555555555555555555555555555555555555555555555555555555555555555555555555555555555555555555555555555555555555555555555555555555555555555555555555555555555555555555555555555555555555555555
5555555555555555555555555555555555555555555555555555555555555555555555555555555555555555555555555555555555555555555555555555555555555555555555555555555555555555555555555555555555555555555555555555555555555555555555555555555555555555555555555555555555555555
1155555555555555555555555555555555555555555555555555555555555555555555555555555555555555555555555555555555555555555555555555555555555555555555555555555555555555555555555555555555555555555555555555555555555555555555555555555555555555555555555555555555555555
5555555555555555555555555555555555555555555555555555555555555555555555555555555555555555555555555555555555555555555555555555555555555555555555555555555555555555555555555555555555555555555555555555555555555555555555555555555555555555555555555555555555555555
5555555555555555555555555555155555555555555555555555555555555555555555555555555555555555555555555555555555555555555555555555555555555555555555555555555555555555555555555555555555555555555555555555555555555555555555555555555555555555555555555555555555555555
5555555555555555555555555555555555555555555555555555555555555555555555555555555555555555555555555555555555555555555555555555555555555555555555555555555555555555555555555555555555555555555555555555555555555555555555555555555555555555555555555555555555555555
5555555555555555555555555555555555555555555555555555555555555555555555555555555555555555555555555555555555555555555555555555555555555555555555555555555555555555555555555555555555555555555555555555555555555555555555555555555555555555555555555555555555555555
5555555555555555555555555555555555555555555555555555555555555555555555555555555555555555555555555555555555555555555555555555555555555555555555555555555555555555555555555555555555555555555555555555555555555555555555555555555555555555555555555555555555555555
5555555555555555555555555555555555555555555555555555555555555555555555555555555555555555555555555555555555555555555555555555555555555555555555555555555555555555555555555555555555555555555555555555555555555555555555555555555555555555555555555555555555555555
5555555555555555555555555555555555555555555555555555555555555555555555555555555555555555555555555555555555555555555555555555555555555555555555555555555555555555555555555555555555555555555555555555555555555555555555555555555555555555555555555555555555555555
5555555555555555555555555555555555555555555555555555555555555555555555555555555555555555555555555555555555555555555555555555555555555555555555555555555555555555555555555555555555555555555555555555555555555555555555555555555555555555555555555555555555555555
5555555555555555555555555555555555555555555555555555555555555555555555555555555555555555555555555555555555555555555555555555555555555555555555555555555555555555555555555555555555555555555555555555555555555555555555555555555555555555555555555555555555555555
5555555555555555555555555555555555555555555555555555555555555555555555555555555555555555555555555555555555555555555555555555555555555555555555555555555555555555555555555555555555555555555555555555555555555555555555555555555555555555555555555555555555555555
5555555555555555555555555555555555555555555555555555555555555555555555555555555555555555555555555555555555555555555555555555555555555555555555555555555555555555555555555555555555555555555555555555555555555555555555555555555555555555555555555555555555555555
5555555555555555555555555555555555555555555555555555555555555555555555555555555555555555555555555555555555555555555555555555555555555555555555555555555555555555555555555555555555555555555555555555555555555555555555555555555555555555555555555555555555555555
5555555555555555555555555555555555555555555555555555555555555555555555555555555555555555555555555555555555555555555555555555555555555555555555555555555555555555555555555555555555555555555555555555555555555555555555555555555555555555555555555555555555555555
5555555555555555555555555555555555555555555555555555555555555555555555555555555555555555555555555555555555555555555555555555555555555555555555555555555555555555555555555555555555555555555555555555555555555555555555555555555555555555555555555555555555555555
5555555555555555555555555555555555555555555555555555555555555555555555555555555555555555555555555555555555555555555555555555555555555555555555555555555555555555555555555555555555555555555555555555555555555555555555555555555555555555555555555555555555555555
5555555555555555555555555555555555555555555555555555555555555555555555555555555555555555555555555555555555555555555555555555555555555555555555555555555555555555555555555555555555555555555555555555555555555555555555555555555555555555555555555555555555555555
5555555555555555555555555555555555555555555555555555555555555555555555555555555555555555555555555555555555555555555555555555555555555555555555555555555555555555555555555555555555555555555555555555555555555555555555555555555555555555555555555555555555555555
5555555555555555555555555555555555555555555555555555555555555555555555555555555555555555555555555555555555555555555555555555555555555555555555555555555555555555555555555555555555555555555555555555555555555555555555555555555555555555555555555555555555555555
5555555555555555555555555555555555555555555555555555555555555555555555555555555555555555555555555555555555555555555555555555555555555555555555555555555555555555555555555555555555555555555555555555555555555555555555555555555555555555555555555555555555555555
5555555555555555555555555555555555555555555555555555555555555555555555555555555555555555555555555555555555555555555555555555555555555555555555555555555555555555555555555555555555555555555555555555555555555555555555555555555555555555555555555555555555555555
5555555555555555555555555555555555555555555555555555555555555555555555555555555555555555555555555555555555555555555555555555555555555555555555555555555555555555555555555555555555555555555555555555555555555555555555555555555555555555555555555555555555555555
5555555555555555555555555555555555555555555555555555555555555555555555555555555555555555555555555555555555555555555555555555555555555555555555555555555555555555555555555555555555555555555555555555555555555555555555555555555555555555555555555555555555555555
5555555555555555555555555555555555555555555555555555555555555555555555555555555555555555555555555555555555555555555555555555555555555555555555555555555555555555555555555555555555555555555555555555555555555555555555555555555555555555555555555555555555555555
5555555555555555555555555555555555555555555555555555555555555555555555555555555555555555555555555555555555555555555555555555555555555555555555555555555555555555555555555555555555555555555555555555555555555555555555555555555555555555555555555555555555555555
5555555555555555555555555555555555555555555555555555555555555555555555555555555555555555555555555555555555555555555555555555555555555555555555555555555555555555555555555555555555555555555555555555555555555555555555555555555555555555555555555555555555555555
5555555555555555555555555555555555555555555555555555555555555555555555555555555555555555555555555555555555555555555555555555555555555555555555555555555555555555555555555555555555555555555555555555555555555555555555555555555555555555555555555555555555555555
5555555555555555555555555555555555555555555555555555555555555555555555555555555555555555555555555555555555555555555555555555555555555555555555555555555555555555555555555555555555555555555555555555555555555555555555555555555555555555555555555555555555555555
5555555555555555555555555555555555555555555555555555555555555555555555555555555555555555555555555555555555555555555555555555555555555555555555555555555555555555555555555555555555555555555555555555555555555555555555555555555555555555555555555555555555555555
5555555555555555555555555555555555555555555555555555555555555555555555555555555555555555555555555555555555555555555555555555555555555555555555555555555555555555555555555555555555555555555555555555555555555555555555555555555555555555555555555555555555555555
5555555555555555555555555555555555555555555555555555555555555555555555555555555555555555555555555555555555555555555555555555555555555555555555555555555555555555555555555555555555555555555555555555555555555555555555555555555555555555555555555555555555555555
5555555555555555555555555555555555555555555555555555555555555555555555555555555555555555555555555555555555555555555555555555555555555555555555555555555555555555555555555555555555555555555555555555555555555555555555555555555555555555555555555555555555555555
5555555555555555555555555555555555555555555555555555555555555555555555555555555555555555555555555555555555555555555555555555555555555555555555555555555555555555555555555555555555555555555555555555555555555555555555555555555555555555555555555555555555555555
5555555555555555555555555555555555555555555555555555555555555555555555555555555555555555555555555555555555555555555555555555555555555555555555555555555555555555555555555555555555555555555555555555555555555555555555555555555555555555555555555555555555555555
5555555555555555555555555555555555555555555555555555555555555555555555555555555555555555555555555555555555555555555555555555555555555555555555555555555555555555555555555555555555555555555555555555555555555555555555555555555555555555555555555555555555555555
5555555555555555555555555555555555555555555555555555555555555555555555555555555555555555555555555555555555555555555555555555555555555555555555555555555555555555555555555555555555555555555555555555555555555555555555555555555555555555555555555555555555555555
5555555555555555555555555555555555555555555555555555555555555555555555555555555555555555555555555555555555555555555555555555555555555555555555555555555555555555555555555555555555555555555555555555555555555555555555555555555555555555555555555555555555555555
5555555555555555555555555555555555555555555555555555555555555555555555555555555555555555555555555555555555555555555555555555555555555555555555555555555555555555555555555555555555555555555555555555555555555555555555555555555555555555555555555555555555555555
5555555555555555555555555555555555555555555555555555555555555555555555555555555555555555555555555555555555555555555555555555555555555555555555555555555555555555555555555555555555555555555555555555555555555555555555555555555555555555555555555555555555555555
5555555555555555555555555555555555555555555555555555555555555555555555555555555555555555555555555555555555555555555555555555555555555555555555555555555555555555555555555555555555555555555555555555555555555555555555555555555555555555555555555555555555555555
5555555555555555555555555555555555555555555555555555555555555555555555555555555555555555555555555555555555555555555555555555555555555555555555555555555555555555555555555555555555555555555555555555555555555555555555555555555555555555555555555555555555555555
5555555555555555555555555555555555555555555555555555555555555555555555555555555555555555555555555555555555555555555555555555555555555555555555555555555555555555555555555555555555555555555555555555555555555555555555555555555555555555555555555555555555555555
5555555555555555555555555555555555555555555555555555555555555555555555555555555555555555555555555555555555555555555555555555555555555555555555555555555555555555555555555555555555555555555555555555555555555555555555555555555555555555555555555555555555555555
5555555555555555555555555555555555555555555555555555555555555555555555555555555555555555555555555555555555555555555555555555555555555555555555555555555555555555555555555555555555555555555555555555555555555555555555555555555555555555555555555555555555555555
5555555555555555555555555555555555555555555555555555555555555555555555555555555555555555555555555555555555555555555555555555555555555555555555555555555555555555555555555555555555555555555555555555555555555555555555555555555555555555555555555555555555555555
5555555555555555555555555555555555555555555555555555555555555555555555555555555555555555555555555555555555555555555555555555555555555555555555555555555555555555555555555555555555555555555555555555555555555555555555555555555555555555555555555555555555555555
5555555555555555555555555555555555555555555555555555555555555555555555555555555555555555555555555555555555555555555555555555555555555555555555555555555555555555555555555555555555555555555555555555555555555555555555555555555555555555555555555555555555555555
5555555555555555555555555555555555555555555555555555555555555555555555555555555555555555555555555555555555555555555555555555555555555555555555555555555555555555555555555555555555555555555555555555555555555555555555555555555555555555555555555555555555555555
5555555555555555555555555555555555555555555555555555555555555555555555555555555555555555555555555555555555555555555555555555555555555555555555555555555555555555555555555555555555555555555555555555555555555555555555555555555555555555555555555555555555555555
1155155111155555555555551111155555555555555555555555555555555555555555555555555555555555555555555555555555555555555555555555555555555555555555555555555555555555555555555555555555555555555555555555555555555555555555555555555555555555555555555555555555555555
1111511111155555555555111111155555555555555555555555555555555555555555555555555555555555555555555555555555555555555555555555555555555555555555555555555555555555555555555555555555555555555555555555555555555555555555555555555555555555555555555555555555555555
1111111111155555555555511111111155555555555555555555555555555555555555555555555555555555555555555555555555555555555555555555555555555555555555555555555555555555555555555555555555555555555555555555555555555555555555555555555555555555555555555555555555555555
1111111111115111111115111111111555555555555555555555555555555555555555555555555555555555555555555555555555555555555555555555555555555555555555555555555555555555555555555555555555555555555555555555555555555555555555555555555555555555555555555555555555555555
1111111111111111111111111111111551115555555555555555555555555555555555555555555555555555555555555555555555555555555555555555555555555555555555555555555555555555555555555555555555555555555555555555555555555555555555555555555555555555555555555555555555555555
1111111111111111111111111111111111511555555555555555555555555555555555555555555555555555555555555555555555555555555555555555555555555555555555555555555555555555555555555555555555555555555555555555555555555555555555555555555555555555555555555555555555555555
1111111111111111111111111111111115551555555555555555555555555555555555555555555555555555555555555555555555555555555555555555555555555555555555555555555555555555555555555555555555555555555555555555555555555555555555555555555555555555555555555555555555555555
1111111111111111111111111111111111151551155555515155555555555555555555555555555555555555555555555555555555555555555555555555555555555555555555555555555555555555555555555555555555555555555555555555555555555555555555555555555555555555555555555555555555555555
1111111111111111111111111111111111111111115555511155555555555555555555555555555555555555555555555555555555555555555555555555555555555555555555555555555555555555555555555555555555555555555555555555555555555555555555555555555555555555555555555555555555555555
1111111111111111111111111111111111111515515555511155555555555555555555555555555555555555555555555555555555555555555555555555555555555555555555555555555555555555555555555555555555555555555555555555555555555555555555555555555555555555555555555555555555555555
1111111111111111111111111111111111155555551555555555555555555555555555555555555555555555555555555555555555555555555555555555555555555555555555555555555555555555555555555555555555555555555555555555555555555555555555555555555555555555555555555555555555555555
1111111111111111111111111111111111155111515555155555555555155555555555555555555555555555555555555555555555555555555555555555555555555555555555555555555555555555555555555555555555555555555555555555555555555555555555555555555555555555555555555555555555555555
5111111111111111111111111111111111111111111551115555555155555551555555555555555555555555555555555555555555555555555555555555555555555555555555555555555555555555555555555555555555555555555555555555555555555555555555555555555555555555555555555555555555555555
5111111111111111111111111111111111111111111111115555555555555555555555555555555555555555555555555555555555555555555555555555555555555555555555555555555555555555555555555555555555555555555555555555555555555555555555555555555555555555555555555555555555555555
5111111111111111111111111111111111111111111155115555555555555555555555555555555555555555555555555555555555555555555555555555555555555555555555555555555555555555555555555555555555555555555555555555555555555555555555555555555555555555555555555555555555555555
5111111111111111111111111111111111111111115555555555555555155555555555555555555555555555555555555555555555555555555555555555555555555555555555555555555555555555555555555555555555555555555555555555555555555555555555555555555555555555555555555555555555555555
5111111111111111111111111111111111111111115115555555555555555555555555555555555555555555555555555555555555555555555555555555555555555555555555555555555555555555555555555555555555555555555555555555555555555555555555555555555555555555555555555555555555555555
5111111111111111111111111111111111111111111115555555555555555555555555555555555555555555555555555555555555555555555555555555555555555555555555555555555555555555555555555555555555555555555555555555555555555555555555555555555555555555555555555555555555555555
5111111111111111111111111111111111111111111155555555555555555555555555555555555555555555555555555555555555555555555555555555555555555555555555555555555555555555555555555555555555555555555555555555555555555555555555555555555555555555555555555555555555555555
5111111111111111111111111111111111111111111155555555555555555555555555555555555555555555555555555555555555555555555555555555555555555555555555555555555555555555555555555555555555555555555555555555555555555555555555555555555555555555555555555555555555555555
5111111111111111111111111111111111111111155555555555555555555555555555555555555555555555555555555555555555555555555555555555555555555555555555555555555555555555555555555555555555555555555555555555555555555555555555555555555555555555555555555555555555555555
5111111111111111111111111111111115555555555555555555555555555555555555555555555555555555555555555555555555555555555555555555555555555555555555555555555555555555555555555555555555555555555555555555555555555555555555555555555555555555555555555555555555555555
5111111111111111111111111111115555551555555555555555555555555555555555555555555555555555555555555555555555555555555555555555555555555555555555555555555555555555555555555555555555555555555555555555555555555555555555555555555555555555555555555555555555555555
5111111111111111111111111151155555555555555555555555555555555555555555555555555555555555555555555555555555555555555555555555555555555555555555555555555555555555555555555555555555555555555555555555555555555555555555555555555555555555555555555555555555555555
5111111111111111111111155555555555555555555555555555555555555555555555555555555555555555555555555555555555555555555555555555555555555555555555555555555555555555555555555555555555555555555555555555555555555555555555555555555555555555555555555555555555555555
5111111111111111111111155555555555555555555555555555555555555555555555555555555555555555555555555555555555555555555555555555555555555555555555555555555555555555555555555555555555555555555555555555555555555555555555555555555555555555555555555555555555555555
5111111111111111115115555555555555555555555555555555555555555555555555555555555555555555555555555555555555555555555555555555555555555555555555555555555555555555555555555555555555555555555555555555555555555555555555555555555555555555555555555555555555555555
5111111111111111155111555555555555555555555555555555555555555555555555555555555555555555555555555555555555555555555555555555555555555555555555555555555555555555555555555555555555555555555555555555555555555555555555555555555555555555555555555555555555555555
5111111111111115555555555555555555555555555555555555555555555555555555555555555555555555555555555555555555555555555555555555555555555555555555555555555555555555555555555555555555555555555555555555555555555555555555555555555555555555555555555555555555555555
5111111111111115555555555555555555555555555555555555555555555555555555555555555555555555555555555555555555555555555555555555555555555555555555555555555555555555555555555555555555555555555555555555555555555555555555555555555555555555555555555555555555555555
5111111111155115555555555555555555555555555555555555555555555555555555555555555555555555555555555555555555555555555555555555555555555555555555555555555555555555555555555555555555555555555555555555555555555555555555555555555555555555555555555555555555555555
5111111111115515555555555555555555555555555555555555555555555555555555555555555555555555555555555555555555555555555555555555555555555555555555555555555555555555555555555555555555555555555555555555555555555555555555555555555555555555555555555555555555555555
5111111155555555555555555555555555555555555555555555555555555555555555555555555555555555555555555555555555555555555555555555555555555555555555555555555555555555555555555555555555555555555555555555555555555555555555555555555555555555555555555555555555555555
5111155555555555555555555555555555555555555555555555555555555555555555555555555555555555555555555555555555555555555555555555555555555555555555555555555555555555555555555555555555555555555555555555555555555555555555555555555555555555555555555555555555555555
5111115555555555555555555555555555555555555555555555555555555555555555555555555555555555555555555555555555555555555555555555555555555555555555555555555555555555555555555555555555555555555555555555555555555555555555555555555555555555555555555555555555555555
5111111555555555555555555555555555555555555555555555555555555555555555555555555555555555555555555555555555555555555555555555555555555555555555555555555555555555555555555555555555555555555555555555555555555555555555555555555555555555555555555555555555555555
5111111155115115555555555555555555555555555555555555555555555555555555555555555555555555555555555555555555555555555555555555555555555555555555555555555555555555555555555555555555555555555555555555555555555555555555555555555555555555555555555555555555555555
5111111111111115555555555555555555555555555555555555555555555555555555555555555555555555555555555555555555555555555555555555555555555555555555555555555555555555555555555555555555555555555555555555555555555555555555555555555555555555555555555555555555555555
5111111111111115555555555555555555555555555555555555555555555555555555555555555555555555555555555555555555555555555555555555555555555555555555555555555555555555555555555555555555555555555555555555555555555555555555555555555555555555555555555555555555555555
5111111111111115555555555555555555555555555555555555555555555555555555555555555555555555555555555555555555555555555555555555555555555555555555555555555555555555555555555555555555555555555555555555555555555555555555555555555555555555555555555555555555555555
5111111111111115555555555555555555555555555555555555555555555555555555555555555555555555555555555555555555555555555555555555555555555555555555555555555555555555555555555555555555555555555555555555555555555555555555555555555555555555555555555555555555555555
5111111111111115555555555555555555555555555555555555555555555555555555555555555555555555555555555555555555555555555555555555555555555555555555555555555555555555555555555555555555555555555555555555555555555555555555555555555555555555555555555555555555555555
5111111111111111111111555511155555555555555555555555555555555555555555555555555555555555555555555555555555555555555555555555555555555555555555555555555555555555555555555555555555555555555555555555555555555555555555555555555555555555555555555555555555555555
5111111111111111111111551111155555555555555555555555555555555555555555555555555555555555555555555555555555555555555555555555555555555555555555555555555555555555555555555555555555555555555555555555555555555555555555555555555555555555555555555555555555555555
5111111111111111111111111111155555555555555555555555555555555555555555555555555555555555555555555555555555555555555555555555555555555555555555555555555555555555555555555555555555555555555555555555555555555555555555555555555555555555555555555555555555555555
5111111111111111111111111111115555551555555555555555555555555555555555555555555555555555555555555555555555555555555555555555555555555555555555555555555555555555555555555555555555555555555555555555555555555555555555555555555555555555555555555555555555555555
5111111111111111111111111111111111111555555555555555555555555555555555555555555555555555555555555555555555555555555555555555555555555555555555555555555555555555555555555555555555555555555555555555555555555555555555555555555555555555555555555555555555555555
5111111111111111111111111111111111111555555555555555555555555555555555555555555555555555555555555555555555555555555555555555555555555555555555555555555555555555555555555555555555555555555555555555555555555555555555555555555555555555555555555555555555555555
5111111111111111111111111111111111111515555555555555555555555555555555555555555555555555555555555555555555555555555555555555555555555555555555555555555555555555555555555555555555555555555555555555555555555555555555555555555555555555555555555555555555555555
5111111111111111111111111111111111111111111555555555555551155555555555555555555555555555555555555555555555555555555555555555555555555555555555555555555555555555555555555555555555555555555555555555555555555555555555555555555555555555555555555555555555555555
5111111111111111111111111111111111111111111555555555555555155555555555555555555555555555555555555555555555555555555555555555555555555555555555555555555555555555555555555555555555555555555555555555555555555555555555555555555555555555555555555555555555555555
5111111111111111111111111111111111111111111555555555511551155555555555555555555555555555555555555555555555555555555555555555555555555555555555555555555555555555555555555555555555555555555555555555555555555555555555555555555555555555555555555555555555555555
5111111111111111111111111111111111111111111111111155551155555555555555555555555555555555555555555555555555555555555555555555555555555555555555555555555555555555555555555555555555555555555555555555555555555555555555555555555555555555555555555555555555555555
5111111111111111111111111111111111111111111111111155555511155555551155555555555555555555555555555555555555555555555555555555555555555555555555555555555555555555555555555555555555555555555555555555555555555555555555555555555555555555555555555555555555555555
5111111111111111111111111111111111111111111111111155555555555555511551155555555555555555555555555555555555555555555555555555555555555555555555555555555555555555555555555555555555555555555555555555555555555555555555555555555555555555555555555555555555555555
1111111111111111111111111111111111111111111111111155551555555115115555555555555555555555555555555555555555555555555555555555555555555555555555555555555555555555555555555555555555555555555555555555555555555555555555555555555555555555555555555555555555555555
1111111111111111111111111111111111111111111111111155555555555115155115515555555555555555555555555555555555555555555555555555555555555555555555555555555555555555555555555555555555555555555555555555555555555555555555555555555555555555555555555555555555555555
1111111111111111111111111111111111111111111111111155555555555515155511115555555555555555555555555555555555555555555555555555555555555555555555555555555555555555555555555555555555555555555555555555555555555555555555555555555555555555555555555555555555555555
1111111111111111111111111111111111111111111111111155555555555555555555555555555555555555555555555555555555555555555555555555555555555555555555555555555555555555555555555555555555555555555555555555555555555555555555555555555555555555555555555555555555555555
1111111111111111111111111111111111111111111111111155555555555555555555555555555555555555555555555555555555555555555555555555555555555555555555555555555555555555555555555555555555555555555555555555555555555555555555555555555555555555555555555555555555555555
1111111111111111111111111111111111111111111111111155555555555555555555555555555555555555555555555555555555555555555555555555555555555555555555555555555555555555555555555555555555555555555555555555555555555555555555555555555555555555555555555555555555555555
1111111111111111111111111111111111111111111111111155555555555555555555555555555555555555555555555555555555555555555555555555555555555555555555555555555555555555555555555555555555555555555555555555555555555555555555555555555555555555555555555555555555555555
1111111111111111111111111111111111111111111111111155555555555555555555555555555555555555555555555555555555555555555555555555555555555555555555555555555555555555555555555555555555555555555555555555555555555555555555555555555555555555555555555555555555555555
1111111111111111111111111111111111111111111111111111115555555555555555555555555555555555555555555555555555555555555555555555555555555555555555555555555555555555555555555555555555555555555555555555555555555555555555555555555555555555555555555555555555555555
1111111111111111111111111111111111111111111111111111115555555555555555555555555555555555555555555555555555555555555555555555555555555555555555555555555555555555555555555555555555555555555555555555555555555555555555555555555555555555555555555555555555555555
1111111111111111111111111111111111111111111111111111111115555555555555555555555555555555555555555555555555555555555555555555555555555555555555555555555555555555555555555555555555555555555555555555555555555555555555555555555555555555555555555555555555555555
1111111111111111111111111111111111111111111111111111111111555555555555555555555555555555555555555555555555555555555555555555555555555555555555555555555555555555555555555555555555555555555555555555555555555555555555555555555555555555555555555555555555555555
1111111111111111111111111111111111111111111111111111111111555515555555555555555555555555555555555555555555555555555555555555555555555555555555555555555555555555555555555555555555555555555555555555555555555555555555555555555555555555555555555555555555555555
1111111111111111111111111111111111111111111111111111111111155555555555555555555555555555555555555555555555555555555555555555555555555555555555555555555555555555555555555555555555555555555555555555555555555555555555555555555555555555555555555555555555555555
1111111111111111111111111111111111111111111111111111111111115115115555555555555555555555555555555555555555555555555555555555555555555555555555555555555555555555555555555555555555555555555555555555555555555555555555555555555555555555555555555555555555555555
1111111111111111111111111111111111111111111111111111111111115511115555555155555555555555555555555555555555555555555555555555555555555555555555555555555555555555555555555555555555555555555555555555555555555555555555555555555555555555555555555555555555555555
1111111111111111111111111111111111111111111111111111111111111111111115555555555555555555555555555555555555555555555555555555555555555555555555555555555555555555555555555555555555555555555555555555555555555555555555555555555555555555555555555555555555555555
1111111111111111111111111111111111111111111111111111111111111111111115111155555555555555555555555555555555555555555555555555555555555555555555555555555555555555555555555555555555555555555555555555555555555555555555555555555555555555555555555555555555555555
1111111111111111111111111111111111111111111111111111111111111111111111111155555555555555555555555555555555555555555555555555555555555555555555555555555555555555555555555555555555555555555555555555555555555555555555555555555555555555555555555555555555555555
1111111111111111111111111111111111111111111111111111111111111111111115111115555555555555555555555555555555555555555555555555555555555555555555555555555555555555555555555555555555555555555555555555555555555555555555555555555555555555555555555555555555555555
1111111111111111111111111111111111111111111111111111111111111111111115511115555555555555555555555555555555555555555555555555555555555555555555555555555555555555555555555555555555555555555555555555555555555555555555555555555555555555555555555555555555555555
1111111111111111111111111111111111111111111111111111111111111111111511111115555555555555555555555555555555555555555555555555555555555555555555555555555555555555555555555555555555555555555555555555555555555555555555555555555555555555555555555555555555555555
1111111111111111111111111111111111111111111111111111111111111111111111111115555555555555555555555555555555555555555555555555555555555555555555555555555555555555555555555555555555555555555555555555555555555555555555555555555555555555555555555555555555555555
1111111111111111111111111111111111111111111111111111111111111111111151111115555555555555555555555555555555555555555555555555555555555555555555555555555555555555555555555555555555555555555555555555555555555555555555555555555555555555555555555555555555555555
1111111111111111111111111111111111111111111111111111111111111111111555155111511515555555555555555555555555555555555555555555555555555555555555555555555555555555555555555555555555555555555555555555555555555555555555555555555555555555555555555555555555555555
1111111111111111111111111111111111111111111111111111111111111111115155111555555555555555555555555555555555555555555555555555555555555555555555555555555555555555555555555555555555555555555555555555555555555555555555555555555555555555555555555555555555555555
1111111111111111111111111111111111111111111111111111111111111111151155111111155555555555555555555555555555555555555555555555555555555555555555555555555555555555555555555555555555555555555555555555555555555555555555555555555555555555555555555555555555555555
1111111111111111111111111111111111111111555515111115111111155111555511111111115511555555555555555555555555555555555555555555555555555555555555555555555555555555555555555555555555555555555555555555555555555555555555555555555555555555555555555555555555555555
1111111111111111111111111111111111111115555555511155555111115555555511111111115111515515555555555555555555555555555555555555555555555555555555555555555555555555555555555555555555555555555555555555555555555555551111115515555555555555555555555555555555555555
1111111111111111111111111111111111111115555555511155551555115515555555515111111111115555555555555555555555555555555555555555555555555555555555555555555555555555555555555555555555555555555555555555555555555555511111155555555555555555555555555555555555555555
1111111111111111111111111111111111111111111555511155551155555555555555555555555555555555555555555555555555555555555555555555555555555555555555555555555555555555555555555555555555555555555555555555555555555555551111155555555555555555555555555555555555555555
1111111111111111111111111111111111111111111155551555555555555555515555555555555555555555555555555555555555555555555555555555555555555555555555555555555555555555555555555555555555555555555555555555555555555555555551111555555555555555555555555555555555555555
1111111111111111111111111111111111111111111155555111555555555511555555555555555555555555555555555555555555555555555555555555555555555555555555555555555555555555555555555555555555555555555555555555555555555555551111111115555555555555555555555555555555555555
1111111111111111111111111111111111111111111155555555555555555515555555555555555555555555555555555555555555555555555555555555555555555555555555555555555555555555555555555555555555555555555555555555555555555555555111111155555555555555555555555555555555555555
1111111111111111111111555111115555555555555555555555555555555555555555555555555555555555555555555555555555555555555555555555555555555555555555555555555555555555555555555555555555555555555555555555555555555555155111111555555555555555555555555555555555555555
1111111111111111111111555111155555555555555555551555555555555555555555555555555555555555555555555555555555555555555555555555555555555555555555555555555555555555555555555555555555555555555555555555555555555555551111111115551555555555555555555555555555555555
1111111111111111111111555111155555555555555555555555555555555555555555555555555555555555555555555555555555555555555555555555555555555555555555555555555555555555555555555555555555555555555555555555555555555555551115555515555555555555555555555555555555555555
1111111111111111111111555511555555555555555555555555555555555555555555555555555555555555555555555555555555555555555555555555555555555555555555555555555555555555555555555555555555555555555555555555555155555555555515555515555555555551555555555555555555555555
1111111111111111111111155555555555555555555555555555555555555555555555555555555555555555555555555555555555555555555555555555555555555555555555555555555555555555555555555555555555555555555555555555555555555555555555151555555555555555555555555555555555555555
1111111111111111111111155555555555555555555555555555555555555555555555555555555555555555555555555555555555555555555555555555555555555555555555555555555555555555555555555555555555555555555555555555555555555555555555151555555555555555555555555555555551555555
1111111111111111111111555555555555555555555555555555555555555555555555555555555555555555555555555555555555555555555555555555555555555555555555555555555555555555555555555555555555555555555555155555555555515555555555555555555555555555555555555555555111555555
5555555555555555555555555555555555555555555555555555555555555555555555555555555555555555555555555555555555555555555555555555555555555555555555555555555555555555555555555555555555555555555555555551155555555555555555555555555555555555555555555555555555555555
5555555555555555555555555555555555555555555555555555555555555555555555555555555555555555555555555555555555555555555555555555555555555555555555555555555555555555555555555555555555555555555555555555555555555515555555155555555555555555555555555555551555555511
5555555555555555555555555555555555555555555555555555555555555555555555555555555555555555555555555555555555555555555555555555555555555555555555555555555555555555555555555555555555555555151555555555555115115555555115555555551515555555555555555551151155555111
5555555555555555555555555555555555555555555555555555555555555555555555555555555555555555555555555555555555555555555555555555555555555555555555555555555555555555555555555555555555555555551111515555115111555551515115555555555555555555511555555551155511111111
5555555555555555555555555555555555555555555555555555555555555555555555555555555555555555555555555555555555555555555555555555555555555555555555555555555555555555555555555555555555555555551111115551111111151555555555151555555555555555515555555555555111551111
5555555555555555555555555555555555555555555555555555555555555555555555555555555555555555555555555555555555555555555555555555555555555555555555555555555555555555555555555555555555555555555511111555111115515511115155155555555555555555555555555515555111111515
5555555555555555555555555555555555555555555555555555555555555555555555555555555555555555555555555555555555555555555555555555555555555555555555555555555555555555555555555555555555555555555511111511111111111511111115555555555555555555555555555515551515555555
5555555555555555555555555555555555555555555555555555555555555555555555555555555555555555555555555555555555555555555555555555555555555555555555555555555555555555555555555555555555555555555511111111111111115551111115555555551555555555555555555555511511555555
5555555555555555555555555555555555555555555555555555555555555555555555555555555555555555555555555555555555555555555555555555555555555555555555555555555555555555555555555555555555555555555555551111111111111111111111111115555555555555555555555551151111555555
5555555555555555555515555555555555555555555555555555555555555555555555555555555555555555555555555555555555555555555555555555555555555555555555555555555555555555555555555555555555555555555555151111111111111111111111111115551555515555555555511551111115555555
1111111111111111111115555555555555555555555555555555555555555555555555555555555555555555555555555555555555555555555555555555555555555555555555555555555555555555555555555555555555555555555555551111111111115511111115155555551555555555555555555555111115555555
1111111111111111111115555555555551555555555555555555555555555555555555555555555555555555555555555555555555555555555555555555555555555555555555555555555555555555555555555555555555555555555555111111111111111151111115551115555555555155555555555551115555155555
1111111111111111111115511111155511555555555555555555555555555555555555555555555555555555555555555555555555555555555555555555555555555555555555555555555555555555555555555555555555555555555555551111111111111111151155111555151555555555555551155511551115555555
1111111111111111115515511111151115511555555555555555555555555555555555555555555555555555555555555555555555555555555555555555555555555555555555555555555555555555555555555555555555555555555555551111111115111111111111111555515515555555555515555515555111111115
1111111111111111115555511111155555555555555555555555555555555555555555555555555555555555555555555555555555555555555555555555555555555555555555555555555555555555555555555555555555555555555555555511155111111111111111111155555555555115555555555115555511111155
1111111111111111115555111111155555555555555555555555555555555555555555555555555555555555555555555555555555555555555555555555555555555555555555555555555555555555555555555555555555555555555555555555115551111111111111111555555555555555555555555555555555111115
1111111111111111111111111111111115555555555555111555555555555555555555555555555555555555555555555555555555555555555555555555555555555555555555555555555555555555555555555555555555555555555555555555555555555511155111155555155555151155555555555555551111111111
1111111111111111111111111111111115555555555555111555555555555555555555555555555555555555555555555555555555555555555555555555555555555555555555555555555555555555555555555555555555555555555555555555555151111511151111155511151115551115515555555555111555555111
1111111111111111111111111111111115555555555511111555555555555555555555555555555555555555555555555555555555555555555555555555555555555555555555555555555555555555555555555555555555555555555555555555555555515551511111151555511555511555555555115551111151111111
1111111111111111111111111111111111111111111111111111111111555555555555555555555515555555555555555555555555555555555555555555555555555555555555555555555555555555555555555555555555555555555555555555555555555555555555155555555511151115555555511551111511555111
1111111111111111111111111111111111111111111111111111111111555555555555555555555555555555555555555555555555555555555555555555555555555555555555555555555555555555555555555555555555555555555555555555555555555555555555555555555551111115555551551555111555555555
1111111111111111111111111111111111111111111111111111111111555555555555555555555555555111555555555555555555555555555555555555555555555555555555555555555555555555555555555555555555555555555555555555555555555555555555555555555511111111155551155555555555555155
1111111111111111111111111111111111111111111111111111111111555555555555555555555555555555555555555555555555555555555555555555555555555555555555555555555555555555555555555555555555555555555555555555555555555555555555555555555555111111155551155555555555555111
1111111111111111111111111111111111111111111111111111111111111111111111155555555555555555555555555555555555555555555555555555555555555555555555555555555555555555555555555555555555555555555555555555555555555555555555555555555555555555155551511115555555151111
1111111111111111111111111111111111111111111111111111111111111111111111155555555551555515555555555555555555555555555555555555555555555555555555555555555555555555555555555555555555555555555555555555555555555555555555555555511555555515555555555555555555115551
1111111111111111111111111111111111111111111111111111111111111111111111155555555555555551155555555555555555555555555555555555555555555555555555555555555555555555555555555555555555555555555555555555555555555555555555555555555555551115551551555551111551111551
1111111111111111111111111111111111111111111111111111111111111111111111111111111555555555555555555555555555555555555555555555555555555555555555555555555555555555555555555555555555555555555555555555555555555555555555555555555555555555515555555511111555111111
1111111111111111111111111111111111111111111111111111111111111111111111111111111555555555555555555555555555555555555555555555555555555555555555555555555555555555555555555555555555555555555555555555555555555555555555555555555555551555555551555551555111111111
1111111111111111111111111111111111111111111111111111111111111111111111111111111511155555555555555555555555555555555555555555555555555555555555555555555555555555555555555555555555555555555555555555555555555555555555555555555555555115555551555555111111115111
1111111111111111111111111111111111111111111111111111111111111111111111111111111111111155555555555555555555555555555555555555555555555555555555555555555555555555555555555555555555555555555555555555555555555555555555555555551555555515551151511151111111115111
1111111111111111111111111111111111111111111111111111111111111111111111111111111111111115511155555555555555555555555555555555555555555555555555555555555555555555555555555555555555555555555555555555555555555555555555555555155555555555555555555111115111115111
1111111111111111111111111111111111111111111111111111111111111111111111111111111111111155511155555555555555555555555555555555555555555555555555555555555555555555555555555555555555555555555555555555555555555555555555555555555555555155511551555111511155555111
1111111111111111111111111111111111111111111111111111111111111111111111111111111111111111111115555555555555555555555555555555555555555555555555555555555555555555555555555555555555555555555555555555555555555555555555555555511115111111555551111551111111111111
1111111111111111111111111111111111111111111111111111111111111111111111111111111111111111111115555555555555555555555555555555555555555555555555555555555555555555555555555555555555555555555555555555555555555555555555555555555551115555555551111111111111111111
1111111111111111111111111111111111111111111111111111111111111111111111111111111111111111111115555555555555555555555555555555555555555555555555555555555555555555555555555555555555555555555555555555555555555555555555555555111555555111555511111111111111111111
1111111111111111111111111111111111111111111111111111111111111111111111111111111111111111111111111111111155555555555555555555555555555555555555555555555555555555555555555555555555555555555555555555555555555555555555555511155551155111151111151111111111111111
1111111111111111111111111111111111111111111111111111111111111111111111111111111111111111111111111111111155555555555555555555555555555555555555555555555555555555555555555555555555555555555555555555555555555555555555555511115551155111115111111111511155155111
1111111111111111111111111111111111111111111111111111111111111111111111111111111111111111111111111111111155555555555555555555555515555555555555555555555555555555555555555555555555555555555555555555555555555555555555155555551115551111111111111155511155151111
1111111111111111111111111111111111111111111111111111111111111111111111111111111111111111111111111111111555555555555555555555555555555555555555555555555555555555555555555555555555555555555555555555555555555555555555151115111111155111551111111111111111111111
1111111111111111111111111111111111111111111111111111111111111111111111111111111111111111111111111111555555555555555555555555555555555555555555555555555555555555555555555555555555555555555555555555555555555555555555111115111111151111511111111111111111111111
1111111111111111111111111111111111111111111111111111111111111111111111111111111111111111111111111111555555555555555555555555555555555555555555555555555555555555555555555555555555555555555555555555555555555555555111111155111511551111111151111111111111111111
1111111111111111111111111111111111111111111111111111111111111111111111111111111111111111111115511111115515555555555555555555555555555555555555555555555555555555555555555555555555555555555555555555555555555555511111111115551155551155151115111111111115111111
1111111111111111111111111111111111111111111111111111111111111111111111111111111111111111111115551511555555555555555555555555555555555555555555555555555555555555555555555555555555555555555555555555555555555511111115511115511151555555555511511111115115111111
1111111111111111111111111111111111111111111111111111111111111111111111111111111111111111111115111115551115555555555555555555555555555555555555555555555555555555555555555555555555555555555555555555555555555511111115111115111111151555555511111111155551111111
1111111111111111111111111111111111111111111111111111111111111111111111111111111111111111111115511151111555555555555555555555555555555555555555555555555555555555555555555555555555555555555555555555555555511115511115111111115511555151555511511111111151111111
1111111111111111111111111111111111111111111111111111111111111111111111111115551111111155551555555111151555555555555555555555555555555555555555555555555555555555555555555555555555555555555555555555555555111511111111111111115555551551555511555111115551111111
1111111111111111111111111111111111111111111111111111111111111111111111111115551111111155555551555155555555555555555555555555555555555555555555555555555555555555555555555555555555555555555555555555555555555511111151111151111111555555555511115155511111555111
1111111111111111111111111111111111111111111111111111111111111111111111111115551111111155555551551555555155115515555555555555555555555555555555555555555555555555555555555555555555555555555555555551155555511551115111111155111111555551115151111155511155511111
1111111111111111111111111111111111111111111111111111111111111111155555555555555555555555555551511555555555555555555555555555555555555555555555555555551111111111111155555555555555555555555555555555555555511555551111111151111155551551515155555111115551111111
1111111111111111111111111111111111111111111111111111111111111111155555555555555555555555555551515155555555555555555555555555555555555555555555555555551111111111111155555555555555555555555555555555555555551555155555555111511111551111555515551111551155555511
1111111111111111111111111111111111111111111111111111111111111111155555555555555555555555555551511555555555555555555555555555555555555555555555555555551111111111111155555555555555555555555555555555555555555555551555555111555155515551555515551111555555555511
1111111111111111111111111111111111111111111111111151555511111155155555555555555555555555555155151555551155155555555555555555555555551111555111155511111111111111111111111115555111155555555555555555555555555555515551115111555111555111555555551111155155555111
1111111111111111111111111111111111111111111111111511555555555555555555555555555555555555555115555151551551555555555555555555555555551111555111155511111111111111111111111115555111155555555555555555555555555555551111555555555111511155155551111111115555111111
1111111111111111111111111111111111111111111111111111155555555555555555555555555555555555515511515555551555555555555555555555555555551111555111155511111111111111111111111115555111155555555555555555555555555555555511555555555555511555155111151111515555155111
1111111111111111111111111111111111111111115511111555511555555555555555555555555555555555511115115555551111115555555555555555511111111111111111111111111111111111111111111111115111151111111111555555555555555515511111511111115555511111115511111115555155555511
1111111111111111111111111111111111111155555555555555551555555555555555555555555555555551155555555555555555555555555555555555511111111111111111111111111111111111111111111111111115111111111111555555555555555511555511555111115151551111111111511111555155115151
1111111111111111111111111111111111111155555555555555151551555555555555555555555555555555555555555555555555155555555555555555511111111111111111111111111111111111111111111111111111111111111111555555555555555555555551555155111551555111111115111111555155555551
1111111111111111111111111111111111111111111555555551555555555155511555555555555555555555555155555555555555515555555555111111111111111111111111111111111111111111111111111111111111111111111111555111555555555555551511555555111551111111115515111111555555115511
1111111111111111111111111111111111111111111111555555115551555551555555555515555555555551555555555151155555555555515555111111111111111111111111111111111111111111111111111111111111111155555515551111555555555555555551511111111511511115111111111155555551111511
1111111111111111111111111111111111111111111111555555111551155555555555555115555555555555555555555555555555555555555555111111111111111111111111111111111111111111111111111111111111111155555555551111555555555555555555551555115551111555111115551111555551111555
1111111111111111111111111111111111111111111111155111111555555555555555551555511555555551555555555555555555511111511555111111111111111111111111111111111111111111111111111111111111111115115555111111111555155555555555115515555515111111111111111151515155111551
1111111111111111111111111111111111111111111111111111111115555515555155511155551155555511555555515555555555511111111111111111111111111111111111111111111111111111111111111111111111111111111111111111111111115555555555555111511555111111111111111155551555515555
1111111111111111111111111111111111111111111111111111111111155555555511155555555555551555555555555555555555511111111111111111111111111111111111111111111111111111111111111111111111111111111111111111111111111515555555515555511111111111111111111155511151555555
1111111111111111111111111111111111111111111111111111111111155555511555555551155555555555555555555551111111111111111111111111111111111111111111111111111111111111111111111111111111111111111111111111111111115115555555555555555111511111111111111111515155555511
1111111111111111111111111111111111111111111111111111111111155551115555551555555555555555555555555551111111111111111111111111111111111111111111111111111111111111111111111111111111111111111111111111111111155555555555555551555551111111111111111111115555555555
1111111111111111111111111111111111111111111111111111111111155555155555555555555555555555555155555551111111111111111111111111111111111111111111111111111111111111111111111111111111111111111111111111511115555555111555555551555111551111111111151111111151555555
1111111111111111111111111111111111111111111111111111111111555115155555555551155555555555511115511111111111111111111111111111111111111111111111111111111111111111111111111111111111111111111111111111155111555555511555555551555111555111111111155511155515555555
1111111111111111111111111111111111111111111111111551555555551555555555555555555555555555511111511111111111111111111111111111111111111111111111111111111111111111111111111111111111111111111111111111111111111111111111555555555111111111111111111111555555555555
1111111111111111111111111111111111111111111111111111555555555555555555555555555555155555511111511111111111111111111111111111111111111111111111111111111111111111111111111111111111111111111111111111111111111111111111155555555111511511151111155555555555555555
1111111111111111111111111111111111111111111111111555555555555115555555555555555515115111511111111111111111111111111111111111111111111111111111111111111111111111111111111111111111111111111111111111111111111111111111155551115111511555555111511155555555555555
1111111111111111111111111111111111111111111555555555555555515555555515155555555555111111111111111111111111111111111111111111111111111111111111111111111111111111111111111111111111111111111111111111111111111111111111155551115111511155555555551555555555555555
1111111111111111111111111111111111111111111555555555555555551555511555555555555555111111111111111111111111111111111111111111111111111111111111111111111111111111111111111111111111111111111111111111555555511111555155551111111111111115555555555555555555555555
1111111111111111111111111111111111111111111555555555555555555555555555555555555555111111111111111111111111111111111111111111111111111111111111111111111111111111111111111111111111111111111111111111555555551115555155555515555111515555555555555555555555555555
1111111111111111111111111111111111111115555555555555555555555555555555555555555555111111151111111111111111111111111111111111111111111111111111111111111111111111111111111111111111111111111111111111555555551115551151155111111115511155555555555555555555555555
1111111111111111111115515555111115555555555555555555555555555555555555555555555555555555555511111111111111111111111111111111111111111111111111111111111111111111111111111111111111111111111111111111111111115555551555555111111555511155555555555555555555555555
1111111111111111111115555555511115555555555555551555555555555555555555555555555555555115555511111111111111111111111111111111111111111111111111111111111111111111111111111111111111111111111111111111111111115555511111511111555511155555551555555555555555555555
1111111111111111111115555555511115555555555555511555555555555555555555555555555511155115555551155151111111111111111111111111111111111111111111111111111111111111111111111111111111111111111111111111111111115555111111111155555511555551515555555555555555555555
1111111111111111111115555555551155555555555555555515155555555555555555555555555555555555555555555551111111111111111111111111111111111111111111111111111111111111111111111111111111111111111111111111111111111111111111111111111111115111555555555555555555555555
1111111111111111111115555111555555555555555555555115151555555555555555555555555555555555555555555551111111111111111111111111111111111111111111111111111111111111111111111111111111111111111111111111111111111111111111111111111111111111555555555555555555555555
1111111111111111111115555111555555555555551155511115551555555555555555555555555555555555515555555551111111111111111111111111111111111111111111111111111111111111111111111111111111111111111111111111111111111111111111111111111115555555555555555555555555555555
1111111111111111111115551111155155555555555515151555555555555555555551111151111555555111111115551115555511111111111111111111111111111111111111111111111111111111111111111111111111111111111111111111111111111111111111111111111115555555555555511551555555555555
1111111111111111115555555555555555555555555551111555511555555555555511111151111555551111111115511115555511111111111111111111111111111111111111111111111111111111111111111111111111111111111111111111111111111111111111111111115555555551555555555555555555555551
1111111111111111115555555555555555555555511115555515555555555555555511115151111555551111111115511111151111111111111111111111111111111111111111111111111111111111111111111111111111111111111111111111111111111111111111111111115555555555555555555555555555555551
1111111111111111115555555555555555511111111115555115555555555555511111155551111111111111111111111111111111111111111111111111111111111111111111111111111111111111111111111111111111111111111111111111111111111111111111111111111515511111555555551555555555555555
1111111111155555555555555555555555555555155551155515155555555555555551555551111111111111111111111111111111111111111111111111111111111111111111111111111111111111111111111111111111111111111111111111111111111111111111111111111111111111555555555555555515555555
1111111111555555555555555555555555555511555551155555555555555555555555555551111111111111111111111111111111111111111111111111111111111111111111111111111111111111111111111111111111111111111111111111111111111111111111111111111111111111555555555555555555555555
1111111111555555555555555555555555555555555555155555555555555555555555555551111155111111111111111111111111111111111111111111111111111111111111111111111111111111111111111111111111111111111111111111111111111111111111111111111111111111555551155555555555555555
1111111111115555555555555555555555111555555555555555555555555555555555555555555555555111111111111111111111111111111111111111111111111111111111111111111111111111111111111111111111111111111111111111111111111111111111111111111111111111111111155555555555555155
1111111111111155555555555555555551155555555555555555555555555555555555555555555555555111111111111111111111111111111111111111111111111111111111111111111111111111111111111111111111111111111111111111111111111111111111111111111111111111111111111555555555555511
1111111111111155555555555555555555555511555555555555555555555555555555555555555555511511111111111111111111111111111111111111111111111111111111111111111111111111111111111111111111111111111111111111111111111111111111111111111111111111111111155551555555555555
1111111111111155555555555555511555515555555551555555515555555555111111555555555555555551111111111111111111111111111111111111111111111111111111111111111111111111111111111111111111111111111111111111111111111111111111111111111111111111111111155555555555555555
1111111111111155555555555555555511155115511111111111111115555555111111555551111111111111111111111111111111111111111111111111111111111111111111111111111111111111111111111111111111111111111111111111111111111111111111111111111111111111111111111155555555555555
1111111111111115555555555551111115555551111111111111155555515555111111555551155115555551111111111111111111111111111111111111111111111111111111111111111111111111111111111111111111111111111111111111111111111111111111111111111111111111111111111115555115555555
5555555555555555555555555555555555555555555555555555555555555555555555555555555555555555555555555555555555555555555555555555555555555555555555555555555555555555555555555555555555555555555555555555555555555555555555555555555511111111111111111111555115555511
