8888888888888888888888888888888888888888888888888888888899999999111999988888888888888888889998888888888888888888888888888888888888888888888888888888888888888888888888888889991111999998888888888888888888888888888888888888888888888888888888899999998888888888
8888888888888888888888888888899999999988888888888888888899999999111999988888888888888888889998888888888888888888888888888888888888888888888888888888888888888888888888888899991119999998888888888888888888888888888888888888888888888888888888999999999888888888
8888888888888888888888888888899999999988888888888888888899899999911999998888888888888888888888888888888888888888888888888888888888888888888888888888888888888888888888888899991111999999888888888888888888888888888888888888888888888888888888999999999888888888
8888888888888888888888888888899999998888888888888888888888888999919999999888888888888888888888888888888888888888888888888888888888888888888888888888888888888888888888888899999111199999888888888888888888888888888888888888888888888888888888888889999988888888
8888888888888888888888888888999999888888888888888888888888888999999999999998888888888888888888888888888888888888888888888888888888888888888888888888888888888888888888888899999911119999998888888888888888888888888888888888888888888888888888888889999988888888
8888888888888888888888888888999999888888888888888888888888888889999999999999888888888888888888888888888888888888888888888888888888888888888888888888888888888888888888888899999999911111999888888888888888888888888888888888888888888888888888888888999999888888
9888888888888888888888888889999888888888888888888888888888888888899999119999988888888888888888888888888888888888888888888888888888888888888888888888888888888888888888888899999999991111111998888888888888888888888888888888888888888888888888888888899999888888
9888888888888888888888888889998888888888888888888888888888888888889999911999999999998888888888888888888888888888888888888888888888888888888888888888888888888888888888888899999999999999111119999988888888888888888888888888888888888888888888888888889999998888
1999998888888888888899999888888888888888888888888888888888888888889999991999999999998888888888888888888888888888888888888888888888888888888888888888888888888888888888888888888888899999911111999998888888888888888888888888888888888888888888888888889999998888
1199999999988888899999999888888888888888888888888888888888888888888999999111199999998888888888888888888888888888888888888888888888888888888888888888888888888888888888888888888888888999999111199998888888888888888888888888888888888888888888888888888899998888
1111999999999999999999998888888888888888888888888888888888888888888999999111119999998888888888888888888888888888888888888888888888888888888888888888888888888888888888888888888888888888889911119999888888888888888888888888888888888888888888888888888889999888
1111119999999999999999998888888888888888888888888888888888888888888999999111111999998888888888888888888888888888888888888888888888888888888888888888888888888888888888888888888888888888888991199999998888888888888888888888888888888888888888888888888888999888
1111111199999999999999998888888888888888888888888888888888888888889999999111111999998888888888888888888888888888888888888888888888888888888888888888888888888888888888888888888888888888888888999919999888888888888888888888888888888888888888888888888888999988
1111111111119911111199998888888888888888888888888888888888888888899999999111111199999888888888888888888888888888888888888888888888888888888888888888888888888888888888888888888888888888888888889999999999988888888888888888888888888888888888888888888888899998
9911111111111111119999998888888888888888888888888888888888888888999999991111111119999988888888888888888888888888888888888888888888888888888888888888888888888888888888888888888888888888888888888889999999999999988888888888888888888888888888888888888888999999
9999911111111111199999998888888888888888888888888888888888888889999999911111111111999998888888888888888888888888888888888888888888888888888888888888888888888888888888888888888888888888888888888888899999111119988888888888888888888888888888888888888888999999
9999999111111119999999988888888888888888888888888888888888888899999999999911111111119999988888888888888888888888888888888888888888888888888888888888888888888888888888888888888888888888888888888888888899111119988888888888888888888888888888888888888888999999
8999999911111199999999888888888888888888888888888888888888888899999999999999111111111999999888888888888888888888888888888888888888888888888888888888888888888888888888888888888888888888888888888888888888111119998888888888888888888888888888888888888888999999
8899999991111199999988888888888888888888888888888888888888888889999999999999991111111199999998888888888888888888888888888888888888888888888888888888888888888888888888888888888888888888888888888888888888891199991998888888888888888888888888888888888889999991
8888899999111999999888888888888888888888888888888888888888888888899999999999999911111111119999999888888888888888888888888888888888888888888888888888888888888888888888888888888888888888888888888888888888888999911999888888888888888888888888888888888999999911
8888888999911999999888888888888888888888888888888888888888888888899999999999999999911111111999999988888888888888888888888888888888888888888888888888888888888888888888888888888888888888888888888888888888888899999999988888888888888888888888888888889999991111
8888888899999999999888888888888888888888888888888888888888888888889998888888999999999911111999999998888888888888888888888888888888888888888888888888888888888888888888888888888888888888888888888888888888888888999999998888888888888888888888888888999999991111
8888888899999999998888888888888888888888888888888888888888888888888888888888888888999999919999999999998888888888888888888888888888888888888888888888888888888888888888888888888888888888888888888888888888888888888899999988888888888888888888888889999999911111
8888888889999999988888888888888888888888888888888888888888888888888888888888888888899999999991111999999999988888888888888888888888888888888888888888888888888888888888888888888888888888888888888888888888888888888889999988888888888888888888888899999991111111
8888888889999999888888888888888888888888888888888888888888888888888888888888888888888999999991111199999999998888888888888888888888888888888888888888888888888888888888888888888888888888888888888888888888888888888888899988888888888888888888888899999911111111
8888888889999999888888888888888888888888888888888888888888888888888888888888888888888889999999111111199999999999888888888888888888888888888888888888888888888888888888888888888888888888888888888888888888888888888888899998888888888888888888888888999991111111
8888888899999998888888888888888888888888888888888888888888888888888888888888888888888888889999991111111111199999999999999999999999988888888888888888888888888888888888888888888888888888888888888888888888888888888888888888888888888888888888888888899991111111
8888888899999988888888888888888888888888888888888888888888888888888888888888888888888888888999999911111111119999999999999999999999998888888888888888888888888888888888888888888888888888888888888888888888888888888888888888888888888888888888888888899999111111
8888899999998888888888888888888888888888888888888888888888888888888888888888888888888888888889999991111111111999999999999999999999988888888888888888888888888888888888888888888888888888888888888888888888888888888888888888888888888888888888888888889999991111
8888899999998888888888888888888888888888888888888888888888888888888888888888888888888888888888999999911111111111119999991111199999988888888888888888888888888888888888888888888888888888888888888888888888888888888888888888888888888888888888888888888999999111
8888999998888888888888888888888888888888888888888888888888888888888888888888888888888888888888889999991111111111111111111111199999888888888888888888888888888888888888888888888888888888888888888888888888888888888888888888888888888888888888888888888999999111
8899999988888888888888888888888888888888888888888888888888888888888888888888888888888888888888889999999111111111111111111111999998888888888888888888888888888888888888888888888888888888888888888888888888888888888888888888888888888888888888888888888999991111
8999999988888888888888888888888888888888888888888888888888888888888888888888888888888888888888889999999991111111111111111999999988888888888888888888888888888888888888888888888888888888888888888888888888888888888888888888888888888888888888888888888999911111
9999998888888888888888888888888888888888888888888888888888888888888888888888888888888888888888888899999999111111111111119999999888888888888888888888888888888888888888888888888888888888888888888888888888888888888888888888888888888888888888888888888999111111
9999998888888888888888888888888888888888888888888888888888888888888888888888888888888888888888888889999999111111111111199999998888888888888888888888888888888888888888888888888888888888888888888888888888888888888888888888888888888888888888888888889991111119
9999988888888888888888888888888888888888888888888888888888888888888888888888888888888888888888888889999999111111111111999999988888888888888888888888888888888888888888888888888888888888888888888888888888888888888888888888888888888888888888888888899911111199
1999988888888888888888888888888888888888888888888888888888888888888888888888888888888888888888888889999999111111111119999999888888888888888888888888888888888888888888888888888888888888888888888888888888888888888888888888888888888888888888888888999911119999
1999888888888888888888888888888888888888888888888888888888888888888888888888888888888888888888888889999991111111111119999999888888888888888888888888888888888888888888888888888888888888888888888888888888888888888888888888888888888888888888888889999111199999
9999888888888888888888888888888888888888888888888888888888888888888888888888888888888888888888888889999911111111111111999999888888888888888888888888888888888888888888888888888888888888888888888888888888888888888888888888888888888888888888888899911119999988
9999988888888888888888888888888888888888888888888888888888888888888888888888888888888888888888888889999911111111111111199999888888888888888888888888888888888888888888888888888888888888888888888888888888888888888888888888888888888888888888888899111199998888
9999988888888888888888888888888888888888888888888888888888888888888888888888888888888888888888888899999111111111111111119999888888888888888888888888888888888888888888888888888888888888888888888888888888888888888888888888888888888888888888888991111999988888
9999998888888888888888888888888888888888888888888888888888888888888888888888888888888888888888888899991111111111111111111999888888888888888888888888888888888888888888888888888888888888888888888888888888888888888888888888888888888888888888888991119998888888
9999999988888888888888888888888888888888888888888888888888888888888888888888888888888888888888889999111111119999911111111199988888888888888888888888888888888888888888888888888888888888888888888888888888888888888888888888888888888888888888899111999988888888
8899999998888888888888888888888888888888888888888888888888888888888888888888888888888888888888899991111111999999999111111119999888888888888888888888888888888888888888888888888888888888888888888888888888888898888888888888888888888888888889911119999888888888
8899999999888888888888888888888888888888888888888888888888888888888888888888888888888888888888999991111119999999999999111111999998888888888888888888888888888888888888888888888888888888888888888888888888888998888888888888888888888888888891111199988888888888
8888899999999999888888888888888888888888888888888888888888888888888888888888888888888888888889999119999999999999999999991111199999888888888888888888888888888888888888888888888888888888888888888888888888889998888888888888888888888888899911111999888888888888
8888889999999999988888888888888888888888888888888888888888888888888888888888888888888888889999991199999999988888888889999111199999888888888888888888888888888888888888888888888888888888888888888888888888899999888888888888888888888889999111199988888888888888
8888888899999999998888888888888888888888888888888888888888888888888888888888888888888888899911999999988888888888888888889999911119999888888888888888888888888888888888888888888888888888888888888888888888991199998888888888888888888991111119999888888888888888
8888888889999999999999888888888888888888888888888888888888888888888888888888888888888888999911999998888888888888888888888999991111999988888888888888888888888888888888888888888888888888888888888888888889911119999988888888888888889911111999998888888888888888
8888888888999919999999988888888889888888888888888888888888888888888888888888888888888899999999998888888888888888888888888899999111119998888888888888888888888888888888888888888888888888888888888888888891111111999999988888888889999111119999988888888888888888
8888888888899999999999999988888899988888888888888888888888888888888888888888888888899111999999988888888888888888888888888899999911111199888888888888888888888888888888888888888888888888888888888888899911111111111111199999999911111111199999988888888888888888
8888888888889999999999999999999999998888888888888888888888888888888888888888888888991111999998888888888888888888888888888888999999111119998888888888888888888888888888888888888888888888888888888899999991111111911111111111111111111111999999998888888888888888
8888888888888999999911199999999999998888888888888888888888888888888888888888888991111999999988888888888888888888888888888888889999911111999888888888888888888888888888888888888888888888888888899111199999999999991111111111111111111199999999998888888888888888
8888888888888889999991111199999999999888888888888888888888888888888888888888888911119999998888888888888888888888888888888888888899999911999998888888888888888888888888888888888888888888888899991111199999999999999911111111111111191999999999999888888888888888
8888888888888888999999111111999999999998888888888888888888888888888888888891111999999999888888888888888888888888888888888888888889999999111199988888888888888888888888888888888888888888888991111111999888888888888999111111111119999988888888888888888888888888
8888888888888888899999911111111199999999999988888888888888888888888899991111111999998888888888888888888888888888888888888888888888888899911119999999888888888888888888888888888888888888999111119989888888888888888899999111111999988888888888888888888888888888
8888888888888888888999991111111111999999999999888888998888888888889999911111999999888888888888888888888888888888888888888888888888888889991199999999888888888888888888888888888888888889911111199888888888888888888889999111119999988888888888888888888888888888
8888888888888888888899999111111111111111119999999888888888888889999999999999999998888888888888888888888888888888888888888888888888888888999999999199988888888888888888888888888888888811111119998888888888888888888888899911199998888888888888888888888888888888
8888888888888888888888999911111111111111119999999999999998888889999999999999999888888888888888888888888888888888888888888888888888888888899999991111999998888888888888888888888888991111111999888888888888888888888888889999999988888888888888888888888888888888
8888888888888888888888999911111111111199999998888888888888888888888888899999999888888888888888888888888888888888888888888888888888888888889999991111119999999888888888888888888889991111199988888888888888888888888888888999999888888888888888888888888888888888
8888888888888888888888999911111111999999998888888888888888888888888888888889999888888888888888888888888888888888888888888888888888888888888999999111111199999988888888888888899911111111999888888888888888888888888888888999988888888888888888888888888888889988
8888888888888888888888999111111199999999988888888888888888888888888888888888888888888888888888888888888888888888888888888888888888888888888889999991111111999998888888888899991111111199998888888888888888888888888888888999888888888888888888888888888888899988
8888888888888888888888999111111999999988888888888888888888888888888888888888888888888888888888888888888888888888888888888888888888888888888888889991111111111199999999999111111111111119988888888888888888888888888888888998888888888888888888888888888888889998
8888888888888888888889991111199999998888888888888888888888888888888888888888888888888888888888888888888888888888888888888888888888888888888888888999111111111111999999991111111111111998888888888888888888888888888888888988888888888888888888888888888888888999
8888888888888888888889991111999999888888888888888888888888888888888888888888888888888888888888888888888888888888888888888888888888888888888888888899999111111111119999111111111111119988888888888888888888888888888888889888888888888888888888888888888888888899
8888888888888888888899991119999998888888888888888888888888888888888888888888888888888888888888888888888888888888888888888888888888888888888888888888999911111111111111111111111111198888888888888888888888888888888888888888888888888888888888888888888888888889
8888888888888888888999999999999888888888888888888888888888888888888888888888888888898888888888888888888888888888888888888888888888888888888888888888999999111111111111111111111119988888888888888888888888888888888888888888888888888888888888888888888888888888
8888888888888888889999999999999888888888888888888888888888888888888888888888888888899988888888888888888888888888888888888888888888888888888888888888899911111111111111111111111999888888888888888888888888888888888888888888888888888888888888888888888888888888
8888888888888888899999999999999888888888888888888888888888888888888888888888888888899988888888888888888888888888888888888888888888888888888888888888899991111111111111111111199999888888888888888888888888888888888888888888888888888888888888888888888888888888
8888888888888888999999999999999888888888888888888888888888888888888888888888888888888988888888888888888888888888888888888888888888888888888888888888899999911111111111111111999998888888888888888888888888888888888888888888888888888888888888888888888888888888
8888888888888888999999999999998888888888888888888888888888888888888888888888888888888888888888888888888888888888888888888888888888888888888888888888899999991111111111111119999998888888888888888888888888888888888888888888888888888888888888888888888888888888
8888888888888889999999999999988888888888888888888888888888888888888888888888888888888888888888888888888888888888888888888888888888888888888888888888899999111111111111111111999998888888888888888888888888888888888888888888888888888888888888888888888888888888
8888888888888899999999999999888888888888888888888888888888888888888888888888888888888888888888888888888888888888888888888888888888888888888888888888899991111111111111111111999998888888888888888888888888888888888888888888888888888888888888888888888888888888
8888888888888999999999999998888888888888888888888888888888888888888888888888888888888888998888888888888888888888888888888888888888888888888888888888899911111111111111111111199998888888888888888888888888888888888888888888888888888888888888888888888888888888
8888888888888899999988888888888888888888888888888888888888888888888888888888888888888888998888888888888888888888888888888888888888888888888888888888999111111111111111111111111999888888888888888888888888888988888888888888888888888888888888888888888888888888
8888899999999888888888888888888888888888888888888888888888888888888888888888888888888888888888888888888888888888888888888888888888888888888888888899911111111111111111111111111199888888888888888888888888888888888888888888888888888888888888888888888888888888
8889999999999888888888888888888888888888888888888888888888888888888888888888888888888888888888888888888888888888888888888888888888888888888888888899111111111111111111111111111199988888888888888888888888888888888888888888888888888888888888888888888888888888
8899999999998888888888888888888888888888888888888888888888888888888888888888888888888888888888888888888888888888888888888888888888888888888888989991111111111111111111111111111199998888888888888888888888888888888888888888888888888888888888888888888888888888
9999999111998888888888888888888888888888888888888888888888888888888888888888888888888888888888888888888888888888888888888888888888888888888889999111111111111111111999999911111199999998888888888888888888888888888888888888888888888888888888888888888888888888
9999999999888888888888888888888888888888888888888888888888888888888888888888888888888888888888888888888888888888888888888888888888888888888889991111111111111111999999999999991199999999988888888888888889988888888888888888888888888888888888888888888888888888
9999999999888888888888888888888888888888888888888888888888888888888888888888888888888888888888888899988888888888888888888888888888888888888899991111111111111199999999999999999999999999988888888888889999988888888888888888888888888888888888888888888888888888
1111999998888888888888888888888888888888888888888888888888888888888888888888888888888888888888888888888888888888888888888888888888888888899999111111111111999999999999999888888888888999998888888888899999988888888888888888888888888888888888888888888888888888
1111199998888888888888888888888888888888888888888888888888888888888888888888888888888888888888888888888888888888888888888888888888888889999999111111111199999999999999988888888888888888999998899991119999988888888888888888888888888888888888888888888888888888
1111999999888888888888888888888888888888888888888888888888888888888888888888888888888888888888888888888888899998888888888888888888888899999991111991111199999999999998888888888888888888888889991111111999988888888888888888888888888888888888888888888888888888
1111999999888888888888888888888888888888888888888888888888888888888888888888888888888888888888888888888888888998888888888888888888899999999999999999999999999999999998888888888888888888888888999111111199988888888888888888888888888888888888888888888888888898
1111999999888888888888888888888888888888888888888888888888888888888888888888888888888888888888888888888888889999998888888888888889999999999888888888888899999999999888888888888888888888888888999111111119998888888888888888888888888888888888888888888888888999
1111999999888888888888888888888888888888888888888888888888888888888888888888888888888888888888888888888888888999999888889999999999999998888888888888888888999999888888888888888888888888888888889911111111199888888888888888888888888888888888888888888888888999
1111199999988888888888888888888888888888888888888888888888888888888888888888888888888888888888888888888888888899999999999999999999999988888888888888888888898989888888888888888888888888888888888891111111119998888888888888888888888888888888888888888888889999
1111119999998888888888888888888888888888888888888888888888888888888888888888888888888888888888888888888888888889999999999999991119999888888888888888888888888888888888888888888888888888888888888889111111111999888888888888888888888888888888888888888888999999
1111111999999988888888888888888888888888888888889999988888888888888888888888888888888888888888888888888888888888899999999999911199888888888888888888888888888888888888888888888888888888888888888889999111111999999988888888888888888888888888888888889999999999
1111111199999998888888888888888888888888888888899999988888888888888888888888888888888888888888888888888888888888899999999111111998888888888888888888888888888888888888888888888888888888888888888888999999111111199998888888888888888888888888888888899111119999
9999911999999999888888888888888888888888888888899999988888888888888888888888888888888888888888888888888888888888888999991111119998888888888888888888888888888888888888888888888888888888888888888888888999999911119998888888888888888888888888888888991111111999
9999999999999999999888888888888888888888888888999888888888888888888888888888888888888888888888888888888888888888888888991111999888888888888888888888888888888888888888888888888888888888888888888888888889999911111111888888888888888888888888888899911111119998
9999999999999999999999888888888888888888888899998888888888888888888888888888888888888888888888888888888888888888888888899119998888888888888888888888888888888888888888888888888888888888888888888888888888889991111111119998888888888888888888999999111111199998
9999999999999999999999988998888888888888889999988888888888888888888888888888888888888888888888888888888888888888888888899999888888888888888888888888888888888888888888888888888888888888888888888888888888889999911111111199998899998889999999999911111111999988
9999999998889999999999999998888888888888888999888888888888888888888888888888888888888888888888888888888888888888888888899999888888888888888888888888888888888888888888888888888888888888888888888888888888888999991111111199999999998899999999999111111119999988
9999888888888889999999999998888888888888888998888888888888888888888888888888888888888888888888888888888888888888888888899999888888888888888888888888888888888888888888888888888888888888888888888888888888888999991111111999999999999999999991111111111199999998
9888888888888888999999999999999988888888888888888888888888888888888888888888888888888888888888888888888888888888888888899999888888888888888888888888888888888888888888888888888888888888888888888888888888888999999999999999999999999999911111111111111119999998
8888888888888888899999999999999999999998888888888888888888888888888888888888888888888888888888888888888888888888888888999999988888888888888888888888888888888888888888888888888888888888888888888888888888889999999999999888888888888889911111111111111111199999
8888888888888888888888899999999999999988888888888888888888888888888888888888888888888888888888888888888888888888888889999999888888888888888888888888888888888888888888888888888888888888888888888888888888889999999999998888888888888888999999111111111111119999
8888888888888888888888889999999999999988888888888888888888888888888888888888888888888888888888888888888888888888888899999999888888888888888888888888998888888888888888888888888888888888888888888888888888999999999998888888888888888888999999999911111111111199
8888888888888888888888889999999999999998888888888888888888888888888888888888888888888888888888888888888888888888888999999999888888888888888888888889999988888888888888888888888888888888888888888888888889999999988888888888888888888888889999999991111111111111
8888888888888888888888888899999999999999888888888888888888888888888888888888888888888888888888888888888888888888889999999999888888888888888888888899999888888888888888888888888888888888888888888888888889999988888888888888888888888888888899999999991111111111
8888888888888888888888888888999999111199998888888888888888888888888888888888888888888888888888888888888888888888891119999999988888888888888888888999999988888888888888888888888888888888888888888888888889998888888888888888888888888888888888999999999911111111
8888888888888888888888888888889999911119998888888888888888888888888888888888888888888888888888888888888888888899911119999999999888888888888888888911199999888888888888888888888888888888888888888888888888888888888888888888888888888888888888889999999991111111
8888888888888888888888888888888889991119999888888888888888888888888888888888888888888888888888888888888888888999911119999999999988888888888888888911199999988888888888888888888888888888888888888888888888888888888888888888888888888888888888888899999991111111
8888888888888888888888888888888888999999999988888888888888888888888888888888888888888888888888888888888888888999111199999998998888888888888888888889999999998888888888888888888888888888888888888888888888888888888888888888888888888888888888888889999999111111
8888888888888888888888888888888888999999999998888888888888888888888888888888888888888888888888888888888888889911119999999988888888888888888888888888999999998888888888888888888888888888888888888888888888888888888888888888888888888888888888888888899999911111
8888888888888888888888888888888888899999999999988888888888888888888888888888888888888888888888888888888888999111199999998888888888888888888888888888888889999998888888888888888888888888888888888999988888888888888888888888888888888888888888888888889999991111
8888888888888888888888888888888888888999999999999988888888888888888888888888888888888888888888888888888999991111999999988888888888888888888888888888888888999999888888888888888888888888888888888999988888888888888888888888888888888888888888888888888899991111
8888888888888888888888888888888888888899999999999998888888888888888888888888888888888888888888888888889999111199999999888888888888888888888888888888888888888999999888888888888888888888888888888888888888888888888888888888888888888888888888888888888889999111
8888888888888888888888888888888888888889999999999998888888888888888888888888888888888888888888888888899911111999999988888888888888888888888888888888888888888899999988888888888888888888888888888888888888888888888888888888888888888888888888888888888888999919
8888888888888888888888888888888888888888999999999999888888888888888888888888888888888888888888888889999111119999988888888888888888888888888888888888888888888888999999888888888888888888888888888888888888888888888888888888888888888888888888888888888888899999
8888888888888888888888888888888888888888889999999999999888888888888888888888888888888888888888899999999111999999888888888888888888888888888888888888888888888888899999999888888888888888889999988888888888888888888888888888888888888888888888888888888888889999
8888888888888888888888888888888888888888888899999999999988888888888888888888888888888888888899999999991119999988888888888888888888888888888888888888888888888888889999999999988888888888899999988888888888888888888888888888888888888888888888888888888888889999
8888888888888888888888888888888888888888888888899999999998888888888888888888888888888888888999999999111999998888888888888888888888888888888888888888888888888888888999999999998888888889999999988888888888888888888888888888888888888888888888888888888888889999
8888888888888888888888888888888888888888888888889999999999998888888888888888888888888888899999999911119999988888888888888888888888888888888888888888888888888888888999991999999998888899999999988888888888888888888888888888888888888888888888888888888888899999
8888888888888888888888888888888888888888888888888999999999999999888888888888888888888899999999991111199999888888888888888888888888888888888888888888888888888888888899911111999999999999999999988888888888888888888888888888888888888888888888888888888888899999
8888888888888888888888888888888888888888888888888889999999999999998888988888888888888999999999111111999998888888888888888888888888888888888888888888888888888888888899991111111111999999999999988888888888888888888888888888888888888888888888888888888888899991
8888888888888888888888888888888888888888888888888888999999999999999999998998888899999999999911111119999988888888888888888888888888888888888888888888888888888888888899991111111111999999999999988888888888888888888888888888888888888888888888888888888889999991
8888888888888888888888888888888888888888888888888888999999991119999999999999999999999999991111111199999988888888888888888888888888888888888888888888888888888888888899999111111999999999999999998888888888888888888888888888888888888888888888888888888899999911
8888888888888888888888888888888888888888888888888888888999999911199999999999999999999999911111111999999988888888888888888888888888888888888888888888888888888888888899999119999999988888888999999988888888888888888888888888888888888888888888888888888999991111
8888888888888888888888888888888888888888888888888888888889999991111999999999999999991111111111111999999988888888888888888888888888888888888888888888888888888888888889999999999999888888888888899999988888888888888888888888888888888888888888888888889999991111
8888888888888888888888888888888888888888888888888888888888899999111111111999999911111111111111111999999988888888888888888888888888888888888888888888888888888888888889999999999998888888888888888999998888888888888888888888888888888888888888888888899999911111
8888888888888888888888888888888888888888888888888888888888889999991111111111111111111111111111111199999988888888888888888888888888888888888888888888888888888888888899999999988888888888888888888899999888888888888888888888888888888888888888888888999911119999
8888888888888888888888888888888888888888888888888888888888888999999111111111111111111111111111111999999998888888888888888888888888888888888888888888888888888888888899999999988888888888888888888889999988888888888888888888888888888888888888888889999991199999
8888888888888888888888888888888888888888888888888888888888888999999991111111111111111111111199999999999998888888888888888888888888888888888888888888888888888888888999999988888888888888888888888888888898888888888888888888888888888888888888888889999999999999
8888888888888888888888888888888888888888888888888888888888888999999999111111111111111111111999999999999999888888888888888888888888888888888888888888888888888888889999998888888888888888888888888888888899988888888888888888888888888888888888888899999999999999
8888888888888888888888888888888888888888888888888888888888888899999999911111111111111111999999999999999999999998888888888888888888888888888888888888888888888888899999988888888888888888888888888888888889999999888888888888888888888888888888888888999999999999
8888888888888888888888888888888888888888888888888888888888888899999999911111111111111199999999999999999999999999998888888888888888888888888888888888888888888888999999988888888888888888888888888888888888999999888888888888888888888888888888888888888888888899
8888888888888888888888888888888888888888888888888888888888888899999999911111111111111999999999999999998888888999999988888888888888888888888888888888888888888889999998888888888888888888888888888888888888899999999988888888888888888888888888888888888888888888
8888888888888888888888888888888888888888888888888888888888888899999999111111111111119999999999999888888888888999999999988888888888888888888888888888888888888889999888888888888888888888888888888888888888888888999999999999999999999888888888888888888888888888
8888888888888888888888888888888888888888888888888888888888888899999991111111111119999999999888888888888888888889999999999888888888888888888888888888888888888889999888888888888888888888888888888888888888888888999999999999999999999988888888888888888888888888
8888888888888888888888888888888888888888888888888888888888888999999911111111111999999999988888888888888888888888889999999888888888888888888888888888888888888889988888888888888888888888888888888888888888888888889999999911199999999888888888888888888888888888
8888888888888888888888888888888888888888888888888888888888888999999111111111119999999998888888888888888888888888888999999888888888888888888888888888888888888888888888888888888888888888888888888888888888888888888999999111199999999888888888888888888888888888
8888888888888888888888888888888888888888888888888888888888889999991111111111199999999988888888888888888888888888888889888888888888888888888888888888888888899888888888888888888888888888888888888888888888888888888889999111199999888888888888888888888888888888
8888888888888888888888888888888888888888888888888888888888899999911111111111999999998888888888888888888888888888888888888899998888888888888888888888889999999888888888888888888888888888888888888888888888888888888889999111999999888888888888888888888888888888
8888888888888888888888888888888888888888888888888888888888999999111111111199999999988888888888888888888888888888888888888899998888888888888888888888999999999888888888888888888888888888888888888888888888888888888888999999999998888888888888888888888888888888
8888888888888888888888888888888888888888888888888888888899999991111111119999999999888888888888888888888888888888888888888889999988888888888888888889999999999888888888888888888888888888888888888888888888888888888888999999999888888888888888888888888888888888
8888888888888888888888888888888888888888888888888888889999999911111111199999999998888888888888888888888888888888888888888888999999998888888888888889999999999888888888888888888888888888888888888888888888888888888888888999999888888888888888888888888888888888
8888888888888888888888888888888888888888888888888888899999991111111111999999999988888888888888888888888888888888888888888888899999999999888888889999999999999988888888888888888888888888888888888888888888888888888888888999999888888888888888888888888888888888
8888888888888888888888888888888888888888888888888888999991111111119999999999999888888888888888888888888888888888888888888888888899999999998888999999999999999888888888888888888888888888888888888888888888888888888888888899998888888888888888888888888888888888
8888888888888888888888888888888888888888888888888899999911111111199999999999998888888888888888888888888888888888888888888888888889999999999999999999988888888888888888888888888888888888888888888888888888888888888888888899998888888888888888888888888888888888
8888888888888888888888888888888888888888888888889999999111111119999999999888888888888888888888888888888888888888888888888888888888999999999999999999888888888888888888888888888888888888888888888888888888888888888888888899998888888888888888888888888888888888
8888888888888888888888888999888888888888888889999999991111111199999888888888888888888888888888888888888888888888888888888888888888889999999999999988888888888888888888888888888888888888888888888888888888888888888888888899999888888888888888888888888888888888
8888888888888888888888888999988888999999999999999999111111119999998888888888888888888888888888888888888888888888888888888888888888889999999999999888888888888888888888888888888888888888888888888888888888888888888888888899999988888888888888888888888888888888
8888888888888888888888888889999899999999999999999911111111999999988888888888888888888888888888888888888888888888888888888888888888888999919999999888888888888888888888888888888888888888888888888888888888888888888888888899999999888888888888888888888888888888
8888888888888888888888888888899999999999999999991111111119999999888888888888888888888888888888888888888888888888888888888888888888888999111999998888888888888888888888888888888888888888888888888888888888888888888888888889999999998888888888888888888888888888
8888888888888888888888888888889999999999999999111111111999999988888888888888888888888888888888888888888888888888888888888888888888888999111999998888888888888888888888888888888888888888888888888888888888888888888888888888888999998888888888888888888888888888
8888888888888888888888888888888999999991111111111111119999998888888888888888888888888888888888888888888888888888888888888888888888888999919998888888888888888888888888888888888888888888888888888888888888888888888888888888888888898888888888888888888888888888
8888888888888888888888888888888999999111111111111111999999988888888888888888888888888888888888888888888888888888888888888888888888888899999988888888888888888888888888888888888888888888888888888888888888888888888888888888888888888888888888888888888888888888
8888888888888888888888888888888999999111111111111111999998888888888888888888888888888888888888888888888888888888888888888888888888888899999988888888888888888888888888888888888888888888888888888888888888888888888888888888888888888888888888888888888888888888
8888888888888888888888888888888899999911111111111119999888888888888888888888888888888888888888888888888888888888888888888888888888888899999988888888888888888888888888888888888888888888888888888888888888888888888888888888888888888888888888888888888888888888
8888888888888888888888888888888899999911111111111199998888888888888888888888888888888888888888888888888888888888888888888888888888888999999988888888888888888888888888888888888888888888888888888888888888888888888888888888888888888888899988888888888888888888
8888888888888888888888888888888899999911111111111999998888888888888888888888888888888888888888888888888888888888888888888888888888888999999988888888888888888888888888888888888888888888888888888888888889999999888888888888888888888888899998888888888888888888
8888888888888888888888888888888899999111111111119999998888888888888888888888888888888888888888888998888888888888888888888888888888888999999988888888888888888888888888888888888888888888888888888888888889999999888888888888888888888888889999888888888888888888
8888888888888888888888888888888999991111111111119999988888888888888888888888888888888888888888888998888888888888888888888888888888888999999988888888888888888888888888888888888888889999988888888888888899999998888888888888888888888888889999889888888888888888
8888888888888888888888888888888999911111111111199999888888888888888888888888888888888888888888888888888888888888888888888888888888889999999998888888888888888888888888888888888888889999998888888888888999999998888888888888888888888888889999999998888888888888
8888888888888888888888888888889999911111111111199999888888888888888888888888888888888888888888888888888888888888888888888888888888999999999999988888888888888888888888888888888888899999988888888888888891119999888888888888888888888888888999999999999999999999
8888888888888888888888888888899999111999111111119999888888888888888888888888888888888888888888888888888888888888888888888888888888999999119999988888888888888888888888888888888988899999988888888888888899119999999988888888888888888888888999999999999999999999
8888888888888888888888888888899999999999911111119999888888888888888888888888888888888888888888888888888888888888888888888888888888999991111999998888888888888888888888888888888998899999988888888888888889999999999998888888888888888888889999999999111999999888
8888888888888888888888888888999999999999991111111999888888888888888888888888888888888888888888888888888888888888888888888888888889999911111199999888888888888888888888888888999998888888888888888888888888889999111199999888888888888888999999999911111199999999
8888888888888888888888888999999988888889999911111199888888888888888888888888888888888888888888888888888888888888888888888888888889999911111119999999888888888888888888888889999988888888888888888888888888889999911111199998888888888889999999911111119999999888
8888888888888888888888888999888888888888888999111119888888888888888888888888888888888888888888888888888888888888888888888888888899999911111111199999999988888888888888888888999888888888888888888888888888888899999111199999988888888899999991111111999999998888
8888888888888888888888899999888888888888888899911199988888888888888888888888888888888888888888888888888888888888888888888888888999999111111111119999999999999988888888888888888888888888888888888888888888888888899991119999999999999999911111111999999988888888
8888888888888888888888999988888888888888888889999999988888888888888888888888888888888888888888888888888888888888888888888888899999999111111111111199999999999988888888888888888888888888888888888888888888888888889999991111999999999999111111199999998888888888
8888888888888888889999998888888888888888888888999999998888888888888888888888888888888888888888888888888888888888888888888899999999999111111111111111119999999988888888888888888888888888888888888888888888888888888999991111111111111111111111999999988888888888
8888888888888889999999998888888888888888888888899999999888888888888888888888888888888888888888888888888888888888888888888999999999911111111111111111119999999988888888888888888888888888888888888888888888888888888899999111111111111111111119999999888888888888
8888888888888889999999888888888888888888888888889999999998888888888888888888888888888888888888888888888888888888888888889999999991111111111111111111119999999988888888888888888888888888888888888888888888888888888888899991111111111111111999999988888888888888
8888888888888899999988888888888888888888888888888999999998888888888888888888888888888888888888888888888888888888888888889999999911111111111111111199999999998888888888888888888888888888888888888888888888888888888888899999111111111111119999999888888888888888
8888888889999999988888888888888888888888888888888899999999988888888888888888888888888888888888888888888888888888888888899999999111111111111111999999999999988888888888888888888888888888888888888888888888888888888888889999111111111111199999999888888888888888
8888999999999999888888888888888888888888888888888889991199988888888888888888888888888888888888888888888888888888888888899999999111111111111119999999988888888888888888888888888888888888888888888888888888888888888888888999911111111111199999999888888888888888
9999999991199998888888888888888888888888888888888889991119999888888888888888888888888888888888888888888888888888888888999999111111111111999999999998888888888888888888888888888888888888888888888888888888888888888888888999991111111111119999999888888888888888
9999999991999988888888888888888888888888888888888888991111999888888888888888888888888888888888888888888888888888888889999991111111111199999999999888888888888888888888888888888888888888888888888888888888888888888888888999991111111111119999999888888888888888
9111199999998888888888888888888888888888888888888888999111199998888888888888888888888888888888888888888888888888889999999911111111111999999999999888888888888888888888888888888888888888888888888888888888888888888888888999991111111111111199999988888888888888
1111119999988888888888888888888888888888888888888888999111119998888888888888888888888888888888888888888888888888899999999111111111119999999998888888888888888888888888888888888888888888888888888888888888888888888888888999911111111111111119999999888888888888
1111199998888888888888888888888888888888888888888888999911111991988888888888888888888888888888888888888888888889999999991111111111199999999888888888888888888888888888888888888888888888888888888888888888888888888888888999111111111991111111999999888888888888
1111999888888888888888888888888888888888888888888888999911111111998888888888888888888888888888888888888888888899999999911111111111999999988888888888888888888888888888888888888888888888888888888888888888888888888888889991111111199999999911999999988888888888
1199999888888888888888888888888888888888888888888888999111111999999888888888888888888888888888888888888888999999999911111111111199999998888888888888888888888888888888888888888888888888888888888888888888888888888888899991111111999999999999999999998888888888
1999998888888888888888888888888888888888888888888888999191199999999999988888888888888888888888888888888889999999991111111111111999999988888888888888888888888888888888888888888888888888888888888888888888888888888888899911111199999999999999999999999988888888
9999888888888888888888888888888888888888888888888889999999999999999999998888888888888888888888888888888999999999911111111111119999988888888888888888888888888888888888888888888888888888888888888888888888888888888888999911111999999988888999999999999988888888
9999888888888888888888888888888888888888888888888889999999999998888999998888888888888888888888888888899999999991111111111111199999888888888888888888888888888888888888888888888888888888888888888888888888888888888899999111119999998888888888999999999999998888
9999888888888888888888888888888888888888888888888889999999998888888888899988888888888888888888888889999999999111111111111111199999888888888888888888888888888888888888888888888888888888888888888888888888888888888999911111999999888888888888888899999999999999
9999888888888888888888888888888888888888888888888899999999888888888888888888888888888888888888888899999999991111111111111111999999888888888888888888888888888888888888888888888888888888888888888888888888888888889991111199999998888888888888888888889999999999
9999988888888888888888888888888888888888888888888999999998888888888888888888888888988888888899999999999999111111111111111111999999888888888888888888888888888888888888888888888888888888888888888888888888888888889911111999999888888888888888888888888899999999
1199988888888888888888888888888888888888888888889999999888888888888888888888888889999999999999999999999911111111111111111119999999888888888888888888888888888888888888888888888888888888888888888888888888888888999911119998888888888888888888888888888899999888
1119988888888888888888888888888888888888888888889999988888888888888888888888888889999999999999911111991111111111111111111199999998888888888888888888888888888888888888888888888888888888888888888888888888888889999991999988888888888888888888888888888889999888
9119988888888888888888888888888888888888888888898888888888888888888888888888888888888999999991111111111111111111111111111999999998888888888888888888888888888888888888888888888888888888888888888888888888888899999988888888888888888888888888888888888888898888
9999998888888888888888888888888888888888888888898888888888888888888888888888888888888888881111111111111111111111111111119999999988888888888888888888888888888888888888888888888888888888888888888888888888888999999988888888888888888888888888888888888888888888
9999999888888888888888888888888888888888888888888888888888888888888888888888888888888888889911111111111111111111111111119999999988888888888888888888888888888888888888888888888888888888888888888888888888888999998888888888888888888888888888888888888888888888
8999999888888888888888888888888888888888888888888888888888888888888888888888888888888888888999111111111111111111111111111199999998888888888888888888888888888888888888888888888888888888888888888888888888899988888888888888888888888888888888888888888888888888
8889999988888888888888888888888888888888888888888888888888888888888888888888888888888888888889991111111111111111111111111119999999888888888888888888888888888888888888888888888888888888888888888988888888998888888888888888888888888888888888888888888888888888
8888999998888888888888888888888888888889998888888888888888888888888888888888888888888888888888899911111111111111111111111111199999888888888888888888888888888888888888888888888888888888888899999999998899998888888888888888888888888888888888888888888888888888
8888899999988888888888888888888888888889998888888888888888888888888888888888888888888888888888899999111111111111111111111111199999888888888888888888888888888888888888888888888888888888888899999999999999888888888888888888888888888888888888888888888888888888
8888889999998888888888888888888888888899988888888888888888888888888888888888888888888888888888899999911111111111111111111111119999998888888888888888888888888888888888888888888888888888888899999999119999888888888888888888888888888888888888888888888888888888
8888888999999888888888888888888888888999998888888888888888888888888888888888888888888888888888899999999111111111111111111111111999999988888888888888888888888888888888888888888888888888888899999999119998888888888888888888888888888888888888888888888888888888
8888888999111999999888888888888888889999998888888888888888888888888888888888888888888888888888889999991111111111111111111111111199999998888888888888888888888888888888888888888888888888888999999111999988888888888888888888888888888888888888888888888888888888
8888888999111119999998888888888998999999988888888888888888888888888888888888888888888888888888899999911111111199911111111111111111999998888888888888888888888888888888888888888888888888889999991119999888888888888888888888888888888888888888888888888888888888
8888888999911111199998888888888999999999998888888888888888888888888888888888888888888888888888899999111111119999999999111111111111199999998888888888888888888888888888888888888888888888899999991119998888888888888888888888888888888888888888888888888888888888
8888888999991111111999988888889999999999999888888888888888888888888888888888888888888888888888899999111111999999999999999999111111111999999888888888888888888888888888888888888888888899999111111199988888888888888888888888888888888888888888888888888888888888
8888888999991111111199988888888888888888989888888888888888888888888888888888888888888888888888999991111999999999999999999999999111111119999888888888888888888888888888888888888888888899991111119999988888888888888888888888888888888888888888888888888888888888
8888888999911111119999988888888888888888888888888888888888888888888888888888888888888888888899999911199999999999999999999999999911111111199988888888888888888888888888888888888888888899999111199999988888888888888888888888888888888888888888888888888888888888
8888888999111119999999988888888888888888888888888888888888888888888888888888888888888888889999911119999999999999999999999999999999999111111999888888888888888888888888888888888888888899999999999999988888888888888888888888888888888888888888888888888888888888
8888889991111199999999888888888888888888888888888888888888888888888888888888888888888888999991111199999999999999999999999999999999999911111199999988888888888888888888888888888888888889999999999999988888888888888888888888888888888888888888888888888888888888
8888899911111999999988888888888888888888888888888888888888888888888888888888888888888899999911111999999999888888888888888899999999999991111119999999888888888888888888888888888888888888999988999999998888888888888888888888888888888888888888888888888888888888
8889999111119999988888888888888888888888888888888888889998888888888888888888888888888999999999199999999888888888888888888888888899999999111111999999999988888888888888888888888888888888888888888889998888888888888888888888888888888888888888888888888888888888
8899911999999988888888888888888888888888888888888888889999998998888888888888888888999999199999999999988888888888888888888888888888888889999999111999999998888888888888888888888888888888888888888889999988888888888888888888888888888888888888888888888888888888
8899999999999888888888888888888888888888888888888888889999999999988888888888888889999991999999998888888888888888888888888888888888888888999999911119999999999988888899888888888888888888888888888888889999888888888888888888888888888888888888888888888888888888
8991199999999988888888888888888888888888888888888888889999999999998888888888899999999999999999988888888888888888888888888888888888888888889999991111199999999999988889888888888888888888888888888888888889988888888888888888888888888888888888888888888888888888
9991999999999988888888888888888888888888888888888888888889999999999999999999999999119999999999888888888888888888888888888888888888888888888999999111111111111199998888888888888888888888888888888888888888998888888888888888888888888888888888888888888888888888
9999999999999998888888888888888888888888888888888888888888999999999999999999911111199999999888888888888888888888888888888888888888888888888899999911111111111111998888888888888888888888888888888888888888889988888888888888888888888888888888888888888888888888
9999999999999998888888888888888888888888888888888888888888999999911199999999111111999999988888888888888888888888888888888888888888888888888889999999111111111119998888888888888888888888888888888888888888888998888888888888888888888888888888888888888888888888
9988888888888888888888888888888888888888888888888888888888999999991111111111111119999999888888888888888888888888888888888888888888888888888888899999911111111199998888888888888888888888888888888888888888888999988888888888888888888888888888888888888888888888
9888888888888888888888888888888888888888888888888888888888889999999911111111111119999988888888888888888888888888888888888888888888888888888888888999991111111999988888888888888888888888888888888888888888888899998888888888888888888888888888888888888888888888
8888888888888888888888888888888888888888888888888888888888888999999999111111111199998888888888888888888888888888888888888888888888888888888888888899991111119999988888888888888888888888888888888888888888888888999988888888888888888888888888888888888888888888
8888888888888888888888888888888888888888888888888888888888888999999999991111111999988888888888888888888888888888888888888888888888888888888888888888999111199999888888888888888888888888888888888888888888888888899998888888888888888888888888888888888888888888
8888888888888888888888888888888888888888888888888888888999889999999999999911119999988888888888888888888888888888888888888888888888888888888888888888889911199998888888888888888888888888888888888888888888888888889999888888888888888888888888888888888888888888
8888888888888888888888888888888888888888888888888888888999988999999999999999999999988888888888888888888888888888888888888888888888888888888888888888889999999998888888888888888888888888888888888888888888888888888999998888888888888888888888888888888888888888
8888888888888888888888888888888888888888888888888888889999988888888889999999999999988888888888888888888888888888888888888888888888888888888888888888889999999998888888888888888888888888888888888888888888888888888889999988888888888888888888888888888888888888
8888888888888888888888888888888888888888888888888888888998888888888888899999999999998888888888888888888888888888888888888888888888888888888888888888889999999998888888888888888888888888888888888888888888888888888888999998888888888888888888888888888888888888
8888888888888888888888888888888888888888888888888888888888888888888888888889999999998888888888888888888888888888888888888888888888888888888888888888889999999998888888888888888888888888888888888888888888888888888888999999988888888888888888888888888888888888
8888888888888888888888888888888888888888888888888888888888888888888888888888999999999888888888888888888888888888888888888888888888888888888888888888889999999999888888888888888888888888888888888888888888888888888888899999998888888888888888888888888888888888
8888888888888888888888888888888888888888888888888888888888888888888888888888899999999988888888888888888888888888888888888888888888888888888888888888899999999999988888888888888888888888888888888888888888888888888888899999999888888888888888888888888888888888
8888888888888888888888888888888888888888888888888888888888888888888888888888888999999988888888888888888888888888888888888888888888888888888888888888899999999999998888888888888888888888888888888888888888888888888888889999999998888888888888888888888888888888
8888888888888888888888888888888888888888888888888888888888888888888888888888888899999999888888888888888888888888888888888888888888888888888888888888889999999999998888888888888888888888888888888888888888888888888888888999999999988888888888888888888888888888
8888888888888888888888888888888888888888888888888888888888888888888888888888888889999999988888888888888888888888888888888888888888888888888888888888888888999999999888888888888888888888888888888888888888888888888888888999111199988888888888888888888888888888
8888888888888888888888888888888888888888888888888888888888888888888888888888888888999999988888888888888888888888888888888888888888888888888888888888888888888999999998888888888888888888888888888888888888888888888888889999111119999988888888888888888888888888
8888888888888888888888888888888888888888888888888888888888888888888888888888888888889999999888888888888888888888888888888888888888888888888888888888888888888899999998888888888888888888888888888888888888888888888888889999111111199998888888888888888888888888
8888888888888888888888888888888888888888888888888888888888888888888888888888888888888999999999888888888888888888888888888888888888888888888888888888888888888889999999988888888888888888888888888888888888888888888888899991111111119999888888888888888888888888
8888888888888888888888888888888888888888888888888888888888888888888888888888888888888899999999998888888888888888888888888888888888888888888888888888888888888888899999999888888888888888888888888888888888888888888888899911111111111999999988888888888888888888
9988888888888888888888888888888888888888888888888888888888888888888888888888888888888899999999999888888888888888888888888888888888888888888888888888888888888888899999999888888888888888888888888888888888888888888888999911111111119991111199999999889999999999
9998888888888888888888888888888888888888888888888888888888888888888888888888888888888899999999999999999888888888888888888888888888888888888888888888888888888888889999999999888888888888888888888888888888888888888899991111111999999991111119999999999999999999
9998888888888888888888888888888888888888888888888888888888888888888888888888888888888999999111111999999888888888888888888888888888888888888888888888888888888888888899999999888888888888888888888888888888888888889999111199999999999999911111111119999999999999
9998888888888888888888888888888888888888888888888888888888888888888888888888888888888999999111111111999999888888888888888888888888888888888888888888888888888888888889999999998888888888888888888888888888888889999991111999999999999999999911111119999999999999
9999888888888888888888888888888888888888888888888888888888888888888888888888888888888999999911111111199999888888888888888888888888888888888888888888888888888888888888899999999988888888888888888888888888888899999991119999988888888888889989999999999111111111
9999988888888888888888888888888888888888888888888888888888888888888888888888888888888999999999999111999999999888888888888888888888888888888888888888888888888888888888889999999999988888888888888888888888888999999999999888888888888888888888999999999111111111
9999998888888888888888888888888888888888888888888888888888888888888888888888888888999999999999999999999999999988888888888888888888888888888888888888888888888888888888888899999999999888888888888888888888889999999999988888888888888888888888899999999911111111
9999998888888888888888888888888888888888888888888888888888888888888888888888888889999999998888888899999999999988888888888888888888888888888888888888888888888888888888888889999999999998888888888888888889999999999999888888888888888888888888899999999999111111
1999999888888888888888888888888888888888888888888888888888888888888888888888889999999999988888888888888999999998888888888888888888888888888888888888888888888888888888888889999999999999999888888888999899999999999998888888888888888888888888888899999999111111
1199999888888888888888888888888888888888888888888888888888888888888888888888899999998888888888888888888888999999999988888888888888888888888888888888888888888888888888888889999911199999999999999999999999999999998888888888888888888888888888888888999999991111
1119999888888888888888888888888888888888888888888888888888888888888888888999999999998888888888888888888888899999999999999998888888888888888888888888888888888888888888888889999911111999999999999999991999999999988888888888888888888888888888888888889999999991
1119999988888888888888888888888888888888888888888888888888888888888888889999999888888888888888888888888888889999999911199999888888888888888888888888888888888888888888888899999911111111111199999999111119999999888888888888888888888888888888888888888999999999
1111999998888888888888888888888888888888888888888888888888888888899999999999998888888888888888888888888888888888999911119999888888888888888888888888888888888888888888888899999911111111111111199911111199999998888888888888888888888888888888888888888889999999
1111199999888888888888888888888888888888888888888888888888888888899999999999988888888888888888888888888888888888899991119999988888888888888888888888888888888888888888888999999111111111111111111111111999988888888888888888888888888888888888888888888888899999
1111119999988888888888888888888888888888888888888888888888888888899999999988888888888888888888888888888888888888888899999119998888888888888888888888888888888888888888889999991111111119999999111111111999888888888888888888888888888888888888888888888888889999
1111111999998888888888888888888888888888888888888888888888888888899999999988888888888888888888888888888888888888888889999119999998888888888888888888888888888888888888899999111111111999999999911111119999888888888888888888888888888888888888888888888888888999
1111111199999888888888888888888888888888888888888888888888888889999199999888888888888888888888888888888888888888888888999999999999888888888888888888888888888888888888899991111111119999999999999999999999888888888888888888888888888888888888888888888888888999
9111111119999988888888888888888888888888888888888888888888888811999999988888888888888888888888888888888888888888888888899999999999999988888888888888888888888888888889999911111199999999999999999999999999988888888888888888888888888888888888888888888888888999
9999111111119988888888888888888888888888888888888888888889999111999999888888888888888888888888888888888888888888888888888999999999999999888888888888888888888888888999991111119999999999888888899989999999988888888888888888888888888888888888888888888888888999
9999911111111999888888888888888888888888888888888888888889999111999988888888888888888888888888888888888888888888888888888899999999199999999888888888888888888888999999111199999999888888888888888889999999998888888888888888888888888888888888888888888888888999
8899991111111199999888888888888888888888888888888888889999911999999988888888888888888888888888888888888888888888888888888899999999111999999888888888888888888888999991111199999998888888888888888888999999999888888888888888888888888888888888888888888888888999
8889999991111119999999998888888888888888888888888888999991111999999888888888888888888888888888888888888888888888888888888889999999111111999988888888888888888889991111111999999988888888888888888888888889999998888888888888888888888888888888888888888888889999
8888889999911119999999999888888888888888888888888999999111119999988888888888888888888888888888888888888888888888888888888888889999991111119998888888888888888999911111199999998888888888888888888888888888888899888888888888888888888888888888888888888888889999
8888888889999999911199999999888888888888888888889999991111119998888888888888888888888888888888888888888888888888888888888888888899999111111119999998999999999911111119999998888888888888888888888888888888888888888888888888888888888888888888888888888888889999
8888888888899999111119999999998888888888888889999999111111999988888888888888888888888888888888888888888888888888888888888888888888999991111111999999999999991111111199999898888888888888888888888888888888888888888888888888888888888888888888888888888888899999
8888888888888999911111111999999999998888899999999111111199999988888888888888888888888888888888888888888888888888888888888888888888899999111111111199999999111111111999998888888888888888888888888888888888888888888998888888888888888888888888888888888889999999
