8888888888888666666777777766666666666666666666777777777666666688888888888888888888888888888888888888888888888888888888888888888888888666667777777777766777777777776666688888888888888888888888888888888888888888888866688888888888888888888888888888888886666666
8888888888888886666667777777766666666666677777777777777766666688888888888888888888888888888888888888888888888888888888888888888888888866666777777777777777777777766666888888888888888888888888888888888888888888888888688668888888888888888888888888888666666676
8888888888888888666666777777776666677777777777777777777766666688888888888888888888888888888888888888888888888888888888888888888888888866666677777777777777777776666668888888888888888888888888888888888888888888888888866666888888888888888888888888886666666666
8888888888888888886666667777777777777777777777777777777766666688888888888888888888888888888888888888888888888888888888888888888888888888666667777777777777777766666888888888888888888888888888888888888888888888888888886666688888888888888888888888866666666666
8888888888888888888666666777777777777777777777666667777766666688888888888888888888888888888888888888888888888888888888888888888888888888666666777777777777776666688888888888888888888888888888888888888888888888888888888866668888888888888888888886666666666666
8888888888888888888886666677777777777776666666666666666666666688888888888888888888888888888888888888888888888888888888888888888888888888866666677777777777766666688888888888888888888888888888888888888888888888888888888886666888888888888888888666666666666666
8888888888888888888886666677777777777666666666666666666666666668888888888888888888888888888888888888888888888888888888888888888888888888866666667777777777666668888888888888888888888888888888888888888888888888888888888888866688888886666666666666677666666668
8888888888888888888886666677777777776666668866688888886666666666688888888888888888888888888888888888888888888888888888888888888888888888886666667777777777666688888888888888888888888888888888888888888888888888888888888888888866666866666666666667777666666688
8888888888888888888886666677777777766668888888888888888886666666666888888888888888888888888888888888888888888888888888888888888888888888886666666777777776666688888888888888888888888888888888888888888888888888888888888888888886666666666666667777776666688888
8888888888888888888886666777777766666688888888888888888888888666666668888888888888888888888888888888888888888888888888888888888888888888886666666777777776666888888888888888888888888888888888888888888888888888888888888888888886666666666666777777766666888888
8888888888888888888886667777776666668888888888888888888888888888666666688888888888888888888888888888888888888888888888888888888888888888886666667777777766666888888888888888888888888888888888888888888888888888888888888888888888666666666777777776666688888888
8888888888888888888866677777666666688888888888888888888888888888666666666888888888888888888888888888888888888888888888888888888888888888886666677777777666668888888888888888888888888888888888888888888888888888888888888888888888886666667777777766666888888888
8888888888888888888666777776666688888888888888888888888888888888866666666668888888888888888888888888888888888888888888888888888888888888866666677777776666668888888888888888888888888888888888888888888888888888888888888888888888888666667777777666668888888888
8888888888888888866667777766666888888888888888888888888888888888888886666668888888888888888888888888888888888888888888888888888888888886666666777777766666668888888888888888888888888888888888888888888888888888888888888888888888888866666777776666688888888888
8888888888888886666677777666688888888888888888888888888888888888888888888886688888888888888888888888888888888888888888888888888888888866666677777777766666668888888888888888888888888888888888888888888888888888888888888888888888888866666677766666688888888888
8888888888888866666777776666888888888888888888888888888888888888888888888886666888888888888888888888888888888888888888888888888888888666666777777777666666888888888888888888888888888888888888888888888888888888888888888888888888888866666677766666688888888888
8888888888888666667777666668888888888888888888888888888888888888888888888888666888888888888888888888888888888888888888888888888888866666667777777777666668888888888888888888888888888888888888888888888888888888888888888888888888888866666677666666888888888888
8888888888886666777777666688888888888888888888888888888888888888888888888888666688888888888888888888888888888888888888888888888888666666667777777776666668888888888888888888888888888888888888888888888888888888888888888888888888888866666677666666888888888888
8888888888666667777776666888888888888888888888888888888888888888888888888888866668668888888888888888888888888888888888888888888886666666677777777766666668888888888888888888888888888888888888888888888888888888888888888888888888888866666666666666888888888888
8888888888666677777766668888888888888888888888888888888888888888888888888888888886668888888888888888888888888888888888888888888866666667777777777766666668888888888888888888888888888888888888888888888888888888888888888888888888888866666666666666888888888888
8888888666667777777666688888888888888888888888888888888888888888888888888888888888666888888888888888888888888888888888888886666666666677777777777777666668888888888888888888888888888888888888888888888888888888888888888888888888888666666666666666688888888888
8888666666677777776666688888888888888888888888888888888888888888888888888888888888666666888888888888888888888888888888886866666666667777777777777777666668888888888888888888888888888888888888888888888888888888888888888888888888888666666666666666688888888888
8886666677777777776666688888888888888888888888888888888888888888888888888888888888886666666666888888888888888888888886666666666666777777777777777777766666888888888888888888888888888888888888888888888888888888888888888888888888886666666666666668888886688888
8886666677777777776666888888888888888888888888888888888888888888888888888888888888888888866666888888888888888888866666666666666677777777777777777777776666688888888888888888888888888888888888888888888888888888888888888888888888666666666666666688888866668888
8888666677777777776666688888888888888888888888888888888888888888888888888888888888888888886666888888888888888888888888666666666677777777777777777777777666668888888888888888888888888888888888888888888888888888888888888888888886666666666666668888888868888888
8888886667777777776666688888888888888888888888888888888888888888888888888888888888888888888888888888888888888888888888888666666677777777777777777777777666666888888888888888888888888888888888888888888888888888888888888888888866666666666888888888888888888888
8888888666667777776666688888888888888888888888888888888888888888888888888888888888888888888888888888888888888888888888888886666667777777777777777777777766666888888888888888888888888888888888888888888888888888888888888888888866666666888888888888888888888888
8888888866666677777666668888888888888888888888888888888888888888888888888888888888888888888888888888888888888888888888888888666666777777777777777777777766666688888888888888888888888888888888888888888888888888888888888888888866666688888888888888888888888888
8888888886666667777776668888888888888888888888888888888888888888888888888888888888888888888888888888888888888888888888888888666666777777777777777777777776666668888888888888888888888888888888888888888888888888888888888888888866668888888888888888888888888888
8888888888666666777777666688888888888888888888888888888888888888888888888888888888888888888888888888888888888888888888888888666666777777666667777777777776666668888888888888888888888888888888888888888888888888888888888888888868888888888888888888888888888888
8888888888866666777777766688888888888888888888888888888888888888888888888888888888888888888888888888888888888888888888888888666667777776666666777777777777666668888888888888888888888888888888888888888888888888888888888888868888888888888888888888888888888888
8888888888886666677777776668888888888888888888888888888888888888888888888888888888888888888888888888888888888888888888888888666667766666666666666777777777766666888888888888888888888888888888888888888888888888888888888888668888888888888888888888888888888888
8888888888888666677777776666888888888888888888888888888888888888888888888888888888888888888888888888888888888888888888888886666666666666666666666667777777777666688888888888888888888888888888888888888888888888888888888666668888888888888888888888888888888888
8888888888888666667777777666688888888888888888888888888888888888888888888888888888888888888888888888888888888888888888888866666666666668888888886666677777777766668888888888888888888888888888888888888888888888888888888868888888888888888888888888888888888888
8888888888888666666777777766688888888888888888888888888888888888888888888888888888888888888888888888888888888888888888886666666666688888888888888866667777777777666888888888888888888888888888888888888888888888888888888888888888888888888888888888888888888888
8888888888888666666777777776666688888888888888888888888888888888888888888888888888888888888888888888888888888888888888886666666888888888888888888888866667777777766688888888888888888888888888888888888888888888888888888888888888888888888888888888888888888888
8888888888888666666777777777666668888888888888888888888888888888888888888888888888888888888888888888888888888888888888868888888888888888888888888888888866777777776666888888888888888888888888888888888888888888888888888888888888888888888888888888888888888888
8888888888888666667777777777766666688888888888888888888888888888888888888888888888888888888888888888888888888888888886688888888888888888888888888888888886677777777666888888888888888888888888888888888888888888888888888888888888888888888888888888888888888888
8888888888888666677777777777777776688888888888888888888888888888888888888888888888888888888888888888888888888888666688888888888888888888888888888888888888666777777776668888888888888888888888888888888888888888888888888888888888888888888888888888888888888888
8888888888866666777777777777777777666888888888888888888888888888888888888888888888888888888888888888888888888886666888888888888888888888888888888888888888866677777777666688888888888888888888888888888888888888888888888888888888888888888888888888888888888888
8888888888866667777777777777777777766688888888888888888888888888888888888888888888888888888888888888888888886666688888888888888888888888888888888888888888888666677777766668888888888888888888888888888888888888888888888888888888888888888888888888888888888888
8888888886666677777777777777777777766666688888888888888888888888888888888888888888886668888888888888888888866668888888888888888888888888888888888888888888888666667777776666688888888888888888888888888888888888888888888888888888888888888888888888888888888888
8888888666667777777777777666666777666666666666888888888888888888888888888888888888888666888888888888888888866888888888888888888888888888888888888888888888888866666777777766668888888888888888888888888888888888888888888888888888888888888888888888888888888888
8888886666677777777777766666666666666666666666888888888888888888888888888888888888888666668888886668888888888888888888888888888888888888888888888888888888888886666677777777666688888888888888888888888888888888888888888888888888888888888888888888888888888888
8888666667777777777766666666666666666688866666688888888888888888888888888888888888888666666666666666668888888888888888888888888888888888888888888888888888888888666667777777777766888888888888888888888888888888888888888888888888888888888888888888888888888888
8866666777777777776666666666888888888888888888888888888888888888888888888888888888886666666666666666688888888888888888888888888888888888888888888888888888888888866666777777777776666888888888888888888888888888888888888888888888888888888888888888888888888888
6666677777777666666666688888888888888888888888888888888888888888888888888888888888866666666667766666888888888888888888888888888888888888888888888888888888888888866666777777777777776666888888888888888888888888888888888888888888888888888888888888888888888888
6667777777776666666666688888888888888888888888888868666666888888888888888888888888666666667777766666888888888888888888888888888888888888888888888888888888888888866666677777777777777777788888888888888888888888888888888888888888888888888888888888888888888888
7777777777766666666688888888888888888888888888888888666666666666668888888888888666666666677777666666888888888888888888888888888888888888888888888888888888888888866666777777777777777777788888888888888888888888888888888888888888888888888888888888888888888888
7777777766666666668888888888888888888888888888888888666666666666666688888886666666666666666766666666888888888888888888888888888888888888888888888888888888888888866667777777777776666677777778888888888888888888888888888888888888888888888888888888888888888888
7777776666666888888888888888888888888888888888888888886666666666666666666677766666666666666666666666888888888888888888888888888888888888888888888888888888888888866677777777776666666666666676688888888888888888888888888888888888888888888888888888888888888888
7777666666668888888888888888888888888888888888888888888666677777777777777777766888666666666666666666888888888888888888888888888888888888888888888888888888888888666777777776666666666666666668868888888888888888888888888888888888888888888888888888888888888888
7766666666888888888888888888888888888888888888888888888866677777777777777766668888888888666666666666888888888888888888888888888888888888888888888888888888888886666777776666666668888888888888888888888888888888888888888888888888888888888888888888888888888888
6666668888888888888888888888888888888888888888888888888886667777777777777666668888888888888888866666888888888888888888888888888888888888888888888888888888888666667777666666668888888888888888888888866666888888888888888888888888888888888888888888888888888888
6666688888888888888888888888888888888888888888888888888888666777777777666668888888888888888888888888888888888888888888888888888888888888888888888888888888888666677776666666688888888888888888888888666667666688888888888888888888888888888888888888888888888888
6666688888888888888888888888888888888888888888888888888888666777777766666888888888888888888888888888888888888888888888888888888888888888888888888888888888886666677766666688888888888888888888888888666666766666688888888888888888888888888888888888888888888888
6666668888888888888888888888888888888888888888888888888888666677777666666888888888888888888888888888888888888888888888888888888888888888888888888888888888886666777666666888888888888888888888888888888866667776666888888888888888888888888888888888888888888888
6666668888888888888888888888888888888888888888888888888888666677776666688888888888888888888888888888888888888888888888888888888888888888888888888888888888866667776666688888888888888888888888888888888886666777666688888888888888888888888888888888888888888888
6666668888888888888888888888888888888888888888888888888888666677766666888888888888888888888888888888888888866888888888888888888888888888888888888888888866666677666666888888888888888888888888888888888888866667777766688888888888888888888888888888888888888888
6666688888888888888888888888888888888888888888888888888888666677666666888888888888888888888888888888888888888888888888888888888888888888888888888888888866667777666688888888888888888888888888888888888888886666777776666888888888888888888888888888888888888888
6666688888888888888888888888888888888888888888888888888886666666666888888888888888888888888888888888888888888888888888888888888888888888888888888888886666777776666688888888888888888888888888888888888888888666667777766668888888888888888888888888888888888866
8666688888888888888888888888888888888888888888888888888886666666668888888888888888888888888888888888888888888888888888888888888888888888888888888888666667777766668888888888888888888888888888888888888888888866666777776666668888888888888888888888888888666666
8666666888888888888888888888888888888888888888888888888886666668888888888888888888888888888888888888888888888888888888888888888888888888888888888886666677777666688888888888888888888888888888888888888888888866666677777777766888888888888888888888886666666666
8888666888888888888888888888888888888888888888888888888866666668888888888888888888888888888888888888888888888888888688888888888888888888888888888866666777776666888888888888888888888888888888888888888888888866666677777777777777776888888866666666666666666666
8888866688888888888888888888888888888888888888888888888866666688888888888888888888888888888888888888888888888888888888888888888888888888888888888666667777766688888888888888888888888888888888888888888888888866666677777777777777777777766666666666677766666666
8888866666688888888888888888888888888888888888888888888776666888888888888888888888888888888888888888888888888888888888888888888888888888888886666666777776666888888888888888888888888888888888888888888888888866666677777777777777777777776666666777777766666688
8888888866668888888888888888888888888888888888888888867776666888888888888888888888888888888888888888888888888888888888888888888888888888888666666777777766668888888888888888888888888888888888888888888888888666666676666666666666666677777777777777766666666888
8888888866866888888888888888888888888888888888888888777776666888888888888888888888888888888888888888888888888888888888888666666888866888666666667777777766688888888888888888888888888888888888888888888888888666666666666666666666666666667777777766666888888888
8888888886666668888888888888888888888888888888888886777766666888888888888888888888888888888888888888888888888888888888888666668888866866666666667777777666688888888888888888888888888888888888888888888888886666666666666888888888888666666667776666668888888888
8888888888666668888888888888888888888888888888888666666666666888888888888888888888888888888888888888888888888888888888886666888888888886666666667777777766688888888888888888888888888888888888888888888888886666666666668888888888888666666666666666668888888888
8888888886866688888888888888888888888888888888866666666666666668888888888888888888888888888888888888888888888888888888868888888888888888866666667777777666888888888888888888888888888888888888888888888888866666666888888888888888888886666666666666668888888888
8888888886888888888888888888888888888888888888666666666888886668888888888888888888888888888888888888888888888888888888868888888888888888886666666777777668888888888888888888888888888888888888888888888888666666888888888888888888888888888666666666666888888888
8888888886888888888888888888888888888888888888666666668888888866888888888888888888888888888888888888888888888888888888888888888888888888888886666677776668888888888888888888888888888888888888888888888866666888888888888888888888888888888888886666666688888888
8888888888888888888888888888888888888888866666666666688888888888886888888888888888888888888888888888888888888888888888888888888888888888888888866667766668888888888888888888888888888888888888888888888886688888888888888888888888888888888888888866666668888888
8888888888888888888888888888888888888866667777666668888888888888886888888888888888888888888888888888888888888888888888888888888888888888888888886666666668888888888888888888888888888888888888888888888888888888888888888888888888888888888888888888866666888888
8888888888888888888888888888888888886677777777668888888888888888888888888888888888888888888888888888888888888888888888888888888888888888888888886666666668888888888888888888888888888888888888888888668888888888888888888888888888888888888888888888886666888888
8888888888888888888888888888888886666777777776688888888888888888888888888888888888888888888888888888888888888888888888888888888888888888888888888866666668888888888888888888888888888888888888888886668888888888888888888888888888888888888888888888888866688888
8888888888888888888888888888888886666777777766688888888888888888888888888888888888888888888888888888888888888888888888888888888888888888888888888886666668888888888888888888888888888888888888888866666888888888888888888888888888888888888888888888888888888888
8888888888888888888888888888888886666677777766888888888888888888888888888888888888888888888888888888888888888888888888888888888888888888888888888886666666888888888888888888888888888888888888888668888868888888888888888888888888888888888888888888888888888888
8888888888888888888888888888888888666677777668888888888888888888888888888888888888888888888888888888888888888888888888888888888888888888888888888886666666688888888888888888888888888888888888866888888868888888888888888888888888888888888888888888888888888886
8888888888888888888888888888888888886667777688888888888888888888888888888888888888888888888888888888888888888888888888888888888888888888888888888888666666688888888888888888888888888888888888888888888888888888888888888888888888888888888888888888888888888888
8888888888888888888888888888888888888666666688888888888888888888888888888888888888888888888888888888888888888888888888888888888888888888888888888888666666666888888888888888888888888888888888888888888888888888888888888888888888888888888888888888888888888888
8888888888888888888888888888888888888666666688888888888888888888888888888888888888888888888888888888888888888888888888888888888888888888888888888888866676666888888888888888888888888888888888888888888888888888888888888888888888888888888888888888888888888888
8888888888888888888888888888888888888866666688888888888888888888888888888888888888888888888888888888888888888888888888888888888888888888888888888888866777666688888888888888888888888888888888888888888888888868888888888888888888888888888888888888888888888888
8888888888888888888888888888888888888886666688888888888888888888888888888888888888888888888888888888888888888888888888888888888888888888888888888888866777766668888888888888888888888888888888888888888888888888868888888888888888888888888888888888888888888888
8888888888888888888888888888888888888886666688888888888888888888888888888888888888888888888888888888888888888888888888888888888888888888888888888888666777776666688888888888888888888888888888888888888888888888888888888888888888888888888888888888888888888888
8888888888888888888888888888888888888886666688888888888888888888888888888888888888888888888888888888888888888888888888888888888888888888888888888888666777777666666668888888886888888888888888888888888888888888888888888888888888888888888888888888888888888888
8888888888888888888888888888888888888866666688888888888888888888888888888888888888888868888888888888888888888888888888888888888888888888888888888888666777777766666666888888866888888888888888888888888888888888888888888888888888888888888888888888888888888888
8888888888888888888888888888888888888866666666888888888888888888888888888888888888888866688888888888888888888888888888888888888888888888888888888886666777777777666666688886888888888888888888888888888888888888888888888888888888888888888888888888888888888888
8888888888888888888888888888888888888866666766668888888888888888888888888888888888888866688888888888888888888888888888888888888888888888888888888866667777777777776666668888888888888888888888888888888888888888888888888888888888888888888888888888888888888888
8888888888888888888888888888888888888866667777668888888888888888888888888888888888888886888888888888888888888888888888888888888888888888888888888666677777777777777666888888888888888888888888888888888888888888888888888888888888888888888888888888888888888888
8888888888888888888888888888888888888666677777766888888888888888888888888888888888888888888888888888888888888888888888888888888888888888888888888666777777777777666668888888888888888888888888888888888888888888888888888888888888888888888888888888888888888888
8888888888888888888888888888888888886666777777777688888888888888888888888888888888888888888888888888888888888888888888888888888888888888888888886667777777777766666688888888888888888888888888888888888888888888888888888888888888888888888888888888888888888888
8888888888888888888888888888888888666677777777777768888888888888888888888888888888888888888888888888888888888888888888888888888888888888888888866677777777776666666888888888888888888888888888888888888888888888888888888888888888888888888888888888888888888888
8888888888888888888888888888888886667777777777777776688888888888888888888888888888888888888888888888888888888888888888888888888888888888888888666677777777666666888888888888888888888888888888888888888888888888888888888888888888888888888888888888888888888888
8888888888888888888888888888888887777777777777777766666888888888888888888888888888888888888888888888888888888888888888888888888888888888888888666777777777666668888888888888888888888888888888888888888888888888888888888888888888888888888888888888888888888888
8888888888888888888888888888888867777777777777777766666888888888888888888888888888888888888888888888888888888888888888888888888888888888888886667777777766666668888888888888888888888888888888888888888888888888888888888888888888888888888888888888888888888886
8888888888888888888888888888888677777777766666666666666688888888888888888888888888888888888888888888888888888888888888888888888888888888888666677777776666666668888888888888888888888888888888888888888888888888888888888888888888888888888888888888888888888666
8888888888888888888888888888866777777777666666666666666666688888888888888888888888888888888888888888888888888888888888888888888888888888886666777776666666666668888888888888888888888888888888888888888888888888888888888888888888888888888888888888888666666666
8888888888888888888888888886666777666888888888888886666666666688888888888888888888888888888888888888888888888888888888888888888888888888866667777766666666666668888888888888888888888888888888888888888888888888888888888888888888888888888888888666666666666677
6888888888888888888888888666666666668888888888888888866666666666888888888888888888888888888888888888888888888888888888888888888888888888666677776666666666666888888888888888888888888888888888888888888888888888888888888888888888888888888888888866666666666677
6668888888888888888888866666666666888888888888888888888888886666666688888888888888888888888888888888888888888888888888888888888888888886666777766666888888888888888888888888888888888888888888888888888888888888888888888888888888888888888888888866666666666777
6666888888888888888666666666668888888888888888888888888888888666667666688888888888888888888888888888888888888888888888888888888888888866667776688888888888888888888888888888888888888888888888888888888888888888888888888888888888888888888888888866666667777777
6666666668888888886666666666688888888888888888888888888888888866677766688888888888888888888888888888888888888888888888888888888888866667777766888888888888888888886888888888888888888888888888888888888888888888888888888888888888888888888888888666666667776666
7777666666666688667776666666888888888888888888888888888888888888666666668888888888888888888888888888888888888888888888888888888888666677776666888888888888888888866688888888888888888888888888888888888888888888888888888888888888888888888888888666666666666666
7777776666666776677766666688888888888888888888888888888888888888886666668888888888888888888888888888888888888888888888888888888866667777766888888888888888888888886888888888888888888888888888888888888888888888888888888888888888888888888888888666666666666666
7777777777777777777666688888888888888888888888888888888888888888888866666688888888888888888888888888888888888888888888886666666666677776668888888888888888888888888888888888888888888888888888888888888888888888888888888888888888888888888888886666666666666666
7777777777777777666666888888888888888888888888888888888888888888888888666666888888888888888888888888888888888888888888886666666667777766888888888888888888888888888888888888888888888888888888888888888888888888888888888888888888888888888888888666666688888888
7777777777777776666668888888888888888888888888888888888888888888888888866666688888888888888888888888888888888888888888866666666777766668888888888888888888888888888888888888888888888888888888888888888888888888888888888888888888888888888888888888888888888888
7777777777777766666888888888888888888888888888888888888888888888888888886666668888888888888888888888888888888888888888866666667777666688888888888888888888888888888888888888888888888888888888888888888888888888888888888888888888888888888888888888888888888888
7777777777777666668888888888888888888888888888888888888888888888888888888866666888888888888888888888888888888888888888866666777776668888888888888888888888888888888888888888888888888888888888888888888888888888888888888888888888888888888888888888888888888888
7777777777777766668888888888888888888888888888888888888888888888888888888888666668888888888888888888888888888888888888666667777766668888888888888888888888888888888888888888888888888888888888888888888888888888888888888888888888888888888888888888888888888888
7777777777777766666888888888888888888888888888888888888888888888888888888888886676888888888888888888888888888888888866666667777666688888888888888888888888888888888888888888888888888888888888888888888888888888888888888888888888888888888888888888888888888888
7777777777777766666888888888888888888888888888888888888888888888888888888888886666688888888888888888888888888888886666667777766666888888888888888888888888888888888888888888888888866666668888888888888888886666688888888888888888888888888888888888888888888888
7777777777777666666688888888888888888888888888888888888888888888888888888888888666677668888888888888888888888888866666677777666668888888888888888888888888888888888888888888888888866666666666688888888886666666668888888888888888888888888888888888888888888888
7777776666666666666668888888888888888888888888888888888888888888888888888888888866667666688888888888888888888666666667777776666688888888888888888888888888888888888888888888888888886666666666666666666666666666666688888888888888888888888888888888888888888888
7777766666688888888888888888888888888888888888888888888888888888888888888888888886676666668888888888886666666666677777777766666888888888888888888888888888888888888888888888888888886666666666666666666666666666666668888888888888888888888888888888888888888888
7777666668888888888888888888888888888888888888888888888888888888888888888888888888666666666666668666666666666677777777777666688888888888888888888888888888888888888888888888888888888866666677776666666666777777777776888888888888888888888888888888888888888888
7776666888888888888888888888888888888888888888888888888888888888888888888888888888666666666666666666666666666777777777776666888888888888888888888888888888888888888888888888888888888886666667777777777777777777777766888888888888888888888888888888888888888888
7766688888888888888888888886888888888888888888888888888888888888888888888888888888666666666666666666666667777777777777766666888888888888888888888888888888888888888888888888888888888888666667777777777777777777777766888888888888888888888888888888888888888888
6668888888888888888888888888888888888888888888888888888888888888888888888888888888666666666666666666666667777777777777666668888888888888888888888888888888888888888888888888888888888888866666777777777777777777766666888888888888888888888888888888888888888888
6888888888888888888888888888888688888888888888888888888888888888888888888888888888666666666888886666666667777777777777666668888888888888888888888888888888888888888888888888888888888888886666667777777777777777666666888888888888888888888888888888888888888888
8888888888888888888888888888888888888888888888888888888888888888888888888888888886668866666888888866666666666777777776666668888888888888888888888888888888888888888888888888888888888888886666666777777777777777666666888888888888888888888888888888888888888888
8888888888888888888888888888888888888888888888888888888888888888888888888888888868888888888888888888866666666677777776666668888888888888888888888888888888888888888888888888888888888888886666666677777777777777666666888888888888888888888888888888888888888888
8888888888888888888888888888888888866888888888888888888888888888888888888888888888888888888888888888888886666666777776666668888888888888888888888888888888888888888888888888888888888888886666666777777777777777666666888888888888888888888888888888888888888888
8888888888888888888888888888888888888668888888888888888888888888888888888888888888888888888888888888888888886666667777666666888888888888888888888888888888888888888888888888888888888888886666667777777777776666666666888888888888888888888888888888888888888888
8888888888888888888888888888888888888866688888888888888888888888888888888888888888888888888888888888888888888666666777666666888888888888888888888888888888888888888888888888888888888888866666677777777666666666666666666888888888888888888888888888888888888888
8888888888888888888888888888888888888886668888888888888888888888888888888888888888888888888888888888888888888886666677766666888888888888888888888888888888888888888888888888888888888888866666777777776666666666666666666668888888888888888888888888888888888888
8888888888888888888888888888888888888888866888888888888888888888888888888888888888888888888888888888888888888888866667766666888888888888888888888888888888888888888888888888888888888888666667777766666666668888888866666666888888888888888888888888888888888888
8888888888888888888888888888888888888888886668888888888888888888888888888888888888888888888888888888888888888888888666666666888888888888888888888888888888888888888888888888888888888888666667777666666668888888888888886666668888888888888888888888888888888888
8888888888888888888888888888888888888888886666686688888888888888888888888888888888888888888888888888888888888888888866667666688888888888888888888888888888888888888888888888888888888886666666766666666688888888888888888888866888888888888888888888888888888888
8888888888888888888888888888888888888888886666666666668888888888888888888888888888888888888888888888888888888888888886667766688888888888888888888888888888888888888888888888888888888866666666666668888888888888888888888888866666888888888888888888888888888888
8888888888888888888888888888888888888888886666676666666668888888888888888888888888888888888888888888888888888888888888666666668888888888888888888888888888888888888888888888888888886666677666666688888888888888888888888888866666688888888888888888888888888888
8888888888888888888888888888888888888888886666777766666668888888888888888888888888888888888888888888888888888888888888666666666688888888888888888888888888888888888888888888888888866667777666666888888888888888888888888888888866666688888888888888888888888888
8888888888888888888888888888888888888888866667777777666666888888888888888888888888888888888888888888888888888888888888866666666688888888888888888888888888888888888888888888888888666667776666688888888888888888888888888888888868666668888888888888888888888888
8888888888888888888888888888888888888888666666777777766666888888888888888888888888888888888888888888888888888888888888866666666668888888888888888888888888888888888888888888888886666677766666688888888888888888888888888888888888886666688888888888888888888888
8888888888888888888888888888888888888886666666666777766666888888888888888888888888888888888888888888888888888888888888886666666666888888888888888888888888888888888888888888888888666677666688888888888888888888888888888888888888888866666688888888888888888888
8888888888888888888888888888888888888886666666666666766668888888888888888888888888888888888888888888888888888888888888888666666666688888888888888888888888888888888888888888888866666676666888888888888888888888888888888888888888888866666666888888888888888888
8888888888888888888888888888888888888888886688888886666666888888888888888888888888888888888888888888888888888888888888888666666776668888888888888888888888888888888888888888888886666666688888888888888888888888888888888888888888888866666666688888888888888886
8888888888888888888888888888888888888888888888888888666666888888888888888888888888888888888888888888888888888888888888888886666777766668888888888888888888888888888888888888888666666666888888888888888888888888888888888888888888888888666666666888888888888866
8888888888888888888888888888888888688888888888888888886666688888888888888888888888888888888888888888888888888888888888888866666677776666888888888888888888888888888888888888886666666688888888888888888888888888888888888888888888888888888866666666666666666666
8888888888888888888888888888888888888888888888888888888666666688888888888888888888888888888888888888888888888888888888888866666667777666688888888888888888888888888888888888666677766688888888888888888888888888888888888888888888888888888886666666666666666666
8888888888888888888888888888888888888888888888888888888866666688888888888888888888888888888888888888888888888888888888888866666667777766668888888888888888888888888888888888666777668888888888888888888888888888888888888888888888888888888888866666666666666667
8888888888888888888888688688888888888888888888888888888886666668888888888888888888888888888888888888888888888888888888888866666667777776666888888888888888888888888888888866777776688888888888888888888888888888888888888888888888888888888888886666666666666677
8888888888888888866666666688888888888888888888888888888888866666888888888888888888888888888888888888888888888888888888888866666667777777666666888888888888888888888888886666777766688888888888888888888888888888888888888888888888888888888888888666666667777777
8888888888888886666666668888888888888888888888888888888888886666688888888888888888888888888888888888888888888888888888888666666667777777776666888888888888888888888888866667777688888888888888888888888888888888888888888888888888888888888888888888666677777777
8888888888888888666666688888888888888888888888888888888888886666688888888888888888888888888888888888888888888888888888888666666667777777777766666688888888888888888866666677768888888888888888888888888888888888888888888888888888888888888888888888866667777777
8888888888888888866666688888888888888888888888888888888888888866668888888888888888888888888888888888888888888888888888886666666677777777777777766668888888888888666666666777688888888888888888888888888888888888888888888888888888888888888888888888888866777777
8888888888888888888666688888888888888888888888888888888888888866668888888888888888888888888888888888888888888888888888886666667777777777777777777666668888888866666666677766688888888888888888888888888888888888888888888888888888888888888888888888888886667777
8888888888888888888666688888888888888888888888888888888888888886666888888888888888888888888888888888888888888888888888886666677777777777777777777766666666666666666667777666888888888888888888888888888888888888888888888888888888888888888888888888888888666677
8888888888888888888666888888888888888888888888888888888888888886666668888888888888888888888888888888888888888888888888866666677777777777766777777766666666666666666777776668888888888888888888888888888888888888888888888888888888888888888888888888888888866666
8888888888888888888866888888888888888888888888888888888888888888666668888888888888888888888888888888888888888888888886666666777777777776666666666666777776666667777777766688888888888888888888888888888888888888888888888888888888888888888888888888888888886666
8888888888888888888888888888888888888888888888888888888888888888866666668888888888888888888888888888888888888888888866666667777777777766666666666666677777777777777777666688888888888888888888888888888888888888888888888888888888888888888888888888888888888666
8888888888888888888888888888888888888888888888888888888888888888886666666888888888888888888888888888888888888888886666666777777777766666666666666666667777777777777777666668888888888888888888888888888888888888888888888888888888888888888888888888888888888866
8888888888888888888888888888888888888888888888888888888888888888886666666688888888888888888888888888888888888888666666667777777766666666666666686666666667777777777776666888888888888888888888888888888888888888888888888888888888888888888888888888888888888888
8888888888888888888888888888888888888888888888888888888888888888886666666668888888888888888888888888888888888888666666677777777666666888888888888866666666777777777776666888888888888888888888888888888888888888888888888888888888888888888888888888888888888888
8888888888888888888888888888888888888888888888888888888888888888886666776666888888888888888888888888888888888888666667777777766666688888888888888886666666666777777766668888888888888888888888888888888888888888888888888888888888888888888888888888888888888888
8888888888888888888888888888888888888888888888888888888888888888886666777766688888888888888888888888888888888666666777777776666666888888888888888888888866666677777776668888888888888888888888888888888888888888888888888888888888888888888888888888888888888888
8888888888888888888888888888888888888888888888888888888888888888886666777776666888888888888888888888888888666666677777766666666668888888888888888888888888866666777776668888888888888888888888888888888888888888888888888888888888888888888888888888888888888888
8888888888888888888888888888888888888888888888888888888888888888866667777777766668888888888888888888888666666677777776666666688668888888888888888888888888886666667776668888888888888888888888888888888888888888888888888888888888888888888888888888888888888888
8888888888888888888888888888888888888888888888888888888888888888866667777777777776888888888888888888866666667777777666666668888888888888888888888888888888888666666776666888888888888888888888888888888888888888888888888888888888888888888888888888888888888888
8888888888888888888888888888888888888888888888888888888888888888666677777777777777888888888888888886666666777777776666666888888888888888888888888888888888888886666666666888888888888888888888888888888888888888888888888888888888888888888888888888888888888888
8888888888888888888888888888888888888888888888888888888888888888666666766666666668888868888666666666777777777777666666668888888888888888888888888888888888888888866666776668888888888888888888888888888888888888888888888888888888888888888888888888888888888888
8888888888888888888888888888888888888888888888888888888888888888666666666666688888888888866666666677777777776666666666688888888888888888888888888888888888888888886666777666888888888888888888888888888888888888888888888888888888888888888888888888888888888888
8888888888888888888888888888888888888888888888888888888888866686666666666668888888888888888666666666777777666666666688888888888888888888888888888888888888888888888666677766688888888888888888888888888888888888888888888888888888888888888888888888888888888866
8888888888888888888888888888888888888886668888888888888886666666666668888888888888888888888888888888666666666666666688888888888888888888888888888888888888888888888886667766688888888888888888888888888888888888888888888888888888888888888888888888888888888666
8888888888888888888888888888888888888888686688888888888666666666666688888888888888888888888888888888886666666666666888888888888888888888888888888888888888888888888888666776668888888888888888888888888888888888888888888888888888888888888888888888888888888666
8888888888888888888888888888888888888888886666668888866666666666668888888888888888888888888888888888888866666666668888888888888888888888888888888888888888888888888888666677666888888888888888888888888888888888888888888888888888888888888888888888888888886667
8888888888888888888888888888888888888888866666666686677776666666688888888888888888888888888888888888888888886666688888888888888888888888888888888888888888888888888888666677766668888888888888888888888888888888888888888888888888888888888888888888888888666777
6888888888888888888888888888888888888888666666666667777777666666888888888888888888888888888888888888888888888666688888888888888888888888888888888888888888888888888888666667777666668888888888888888888888888888888888888888888888888888888888888888888866667777
6688888888888888888888888888888888888886666666667777777766666888888888888888888888888888888888888888888888888888888888888888888888888888888888888888888888888888888888666667777766666888888888888888888888888888888888888888888888888888888888888888866666777777
6666888888888888888888888888888888888666666666677777777666668888888888888888888888888888888888888888888888888888888888888888888888888888888888888888888888888888888888866667777776666688888888888888888888888888888888888888888888888888888888888886666667777777
8666688888888888888888888888888888886666666667777777776666888888888888888888888888888888888888888888888888888888888888888888888888888888888888888888888888888888888886666667777777776668888888888888888888888888888888888888888888888888888888888866667777777777
8666668888888888888888888888888886666666666777777777766668888888888888888888888888888888888888888888888888888888888888668888888888888888888888888888888888888888888866666667777777777766668888888888888888888888888888888888888888888888888888866666777777777777
8666666888888888888888888888888866666666667777777777666688888888888888888888888888888888888888888888888888888888888886666688888888888888888888888888888888888888888866666667777777777776666888888888888888888888888888888888888888888888886666667777777777777777
8666667778888888888888888888888866666677777777777776666688888888888888888888888888888888888888888888888888888888888888666688888888888888888888888888888888888888888666666677777777777777666666688888888888888888888888888888888888888888866666677777777777777777
6666777766888888888888888888888886666667777777777766666688888888888888888888888888888888888888888888888888888888888888886668888888888888888888888888888888888888866666666777777777777777776666668888888888888888888888888888888888888866666666777777777777777777
6667776666888888888888888888888888666666677777777666666688888888888888888888888888888888888888888888888888888888888888888666688888888888888888888888888888888888666666667777777777777777777776666666888888888888888888888888888888886666666777777777777777777777
6666666888888888888888888888888888866666666777777766666688888888888888888888888888888888888888888888888888888888888888888866666888888888888888888888888888888886666666677777777777777777667777766666888888888888888888888888886666666666667777777777777777766666
6666666888888888888888888888888888888666666677777766666688888888888888888888888888888888888888888888888888888888888888888886666688888888888888888888888888888866666666677777777777666666666677777766688888888888888888888888666666666777777777777777777776666666
6666668888888888888888888888888888888886666666777766666688888888888888888888888888888888888888888888888888888888888888888886666666688888888888888888888888886666666677777777777666666666666667777766668888888888888888886666666666667777777777777777777766666666
6688888888888888888888888888888888888888666666667776666688888888888888888888888888888888888888888888888888888888888888888886666666668888888888888888888666666666666777777766666666666666666666666666668888888888666666666666666677777777777777777777776666666666
8888888888888888888888888888888888888888886666667776666668888888888888888888888888888888888888888888888888888888888888888886666666666888888888888888886666666666677777777666666666688886666888886668888888888888666666666666667777777777777777777777666666666668
8888888888888888888888888888888888888888888666666676666668888888888888888888888888888888888888888888888888888888888888888888666666666888888888888888888866666667777777776666666668888888888888888888888888888886666667777777777777777777777777777766666666666688
8888888888888888888888888888888888888888888866666666666668888888888888888888888888888888888888888888888888888888888888888888666666666888888888888888888866666666777776666666668888888888888888888888888888888888666667777777777777777777777777666666666666668888
8888888888888888888888888888888888888888888886666666666666888888888888888888888888888888888888888888888888888888888888888886666666666888888888888888888888866666666666666666888888888888888888888888888888888888666666777777777777777777777776666666666666888888
8888888888888888888888888888888888888888888888666666666666668888888888888888888888888888888888888888888888888888888888888666666666666888888888888888888888886666666666666668888888888888888888888888888888888888866666666666777777777777776666666666666888888888
8888888888888888888888888888888888888888888888886666666776666668888888888888888888888888888888888888888888888888888888866666666666666888888888888888888888888666666666666688888888888888888888888888888888888888888866666666777777777777766666666666668888888888
8888888888888888888888888888888888888888888888888666666777666666888888888888888888888888888888888888888888888888668888888888888888666888888888888888888888888866666666666688888888888888888888888888888888888888888888666666677777777777776666666666888888888888
8888888888888888888888888888888888888888888888888666666666666666688888888888888888888888888888888888888888888886668888888888888888888888888888888888888888888866666668888888888888888888888888888888888888888888888888866666666677777777777666666668888888888888
8888888888888888888888888888888888888888888888888886666666666666666888888888888888888888888888888888888888886666888888888888888888888888888888888888888888888666666688888888888888888888888888888888888888888888888888888866666666777777777766666688888888888888
8888888888888888888888888888888888888888888888888888666666667666666688888888888888888888888888888888888888866668888888888888888888888888888888888888888888888666668888888888888888888888888888888888888888888888888888888888866666667777777776666688888888888888
8888888888888888888888888888888888888888888888888888886666667766666668888888888888888888888888888888888888888888888888888888888888888888888888888888888888888666888888888888888888888888888888888888888888888888888888888888886666666777777776666688888888888888
8888888888888888888888888888888888888888888888888888886666666766666666888888888888888888888888888888888888888888888888888888888888888888888888888888888888888666888888888888888888888888888888888888888888888888888888888888888886666667777777666668888888888888
8888888888888888888888888888888888888888888888888888888886666666666666688888888888888888888888888888888888888888888888888888888888888888888888888888888888888668888888888888888888888888888888888888888888888888888888888888888888888666677777766668888888888888
8888888888888888888888888888888888888888888888888888888888666667777666666666888888888888888888886888888888888888888888888888888888888888888888888888888888886888888888888888888888888888888888888888888888888888888888888888888888888866667777766666888888888888
8888888888888888888888888888888888888888888888888888888888666666777766666666888888888888888888866888888888888888888888888888888888888888888888888888888888866888888888888888888888888888888888888888888888888888888888888888888888888888666777777666688888888888
8888888888888888888888888888888888888888888888888888888888866666677777666666666666688888888888868888888888888888888888888888888888888888888888888888888888668888888888888888888888888888888888888888888888888888888888888888888888888888866677777766666688888888
8888888888888888888888888888888888888888888888888888888888886666677777766666666666666688888888888888888888888888888888888888888888888888888888888888888886668888888888888888888886888888888888888888888888888888888888888888888888888888886667777777666666888888
8888888888888888888888888888888888888888888888888888888888888666667777777666666666666666888888888888888888888888888888888888888888888888888888888888888866668888888888888888888886688888888888888888888888888888888888888888888888888888888666677777766666688888
8888888888888888888888888888888888888888888888888888888888888666666777777766666666666666888888888888888888888888888888888888888888888888888888888888888866668888888888888888888886688888888888888888888888888888888888888888888888888888888866667777766666668888
8888888888888888888888888888888888888888888888888888888888888666666677777776677777766666888888888888888888888888888888888888888888888888888888888888888866688888888888888888888888868888888888888888888888888888888888888888888888888888888866667776666666666888
8888888888888888888888888888888888888888888888888888888888888666666677777777777777666668888888888888888888888888888888888888888888888888888888888888886666888888888888888888888888888888888888888888888888888888888888888888888888888888888866666666666666666888
8888888888888888888888888888888888888888888888888888888888888666666677777777777766666668888888888888888888888888888888888888888888888888888888888888866666888888888888888888888888888888888888888888888888888888888888888888888888888888888866666666666666666888
8888888888888888888888888888888888888888888888888888888888886666666777777777777666666688888888888888888888888888888888888888888888888888888888888888666668888888888888888888888888888888888888888888888888888888888888888888888888888888888866666666666686688888
8888888888888888888888888888888888888888888888888888888888866666667777777777776666666888888888888888888888888888888888888888888888888888888888888888666668888888888888888888888888888888888888888888888888888888888888888888888888888888888666666666688888888888
8888888888888888888888888888888888888888888888888888888888666666677777777777766666668888888888888888888888888888888888888888888888888888888888888886666688888888888888888888888888888888888888888888888888888888888888888888888888888888886666666666888888888888
8888888888888888888888888888888888888888888888888888888886666667777777777777666666668888888888888888888888888888888888888888888888888888888888886666666688888888888888888888888888888888888888888888888888888888888888888888888888888888886666666668888888888888
8888888888888888888888888888888888888888888888888888888866666677777777777777666666668888888888888888888888888888888888888888888888888888888888866666666888888888888888888888888888888888888888888888888888888888888888888888888888888886666688888888888888888888
8888888888888888888888888888888888888888888888888888886666667777777777777777666666668888888888888888888888888888888888888888888888888888888888866666668888888888888888888888888888888888888888888888888888888888888888888888888888888886666888888888888888888888
8888888888888888888888888888888888888888888888888888866666677777777777777777766666666888888888888888888888888888888888888888888888888888888886666666888888888888888888888888888888888888888888888888888888888888888888888888888888888866668888888888888888888888
8888888888888888888888888888888888888888888888888888666667777777777676777777776666666888888888888888888888888888888888888888888888888888888866666668888888888888888888888888888888888888888888888888888888888888888888888888888888888886688888888888888888888888
8888888888888888888888888888888888888888888888888886666667777777776666667777777666666688888888888888888888888888888888888888888888888888888666666688888888888888888888888888888888888888888888888888888888888888888888888888888888866888888888888888888888888888
8888888888888888888888888888888888888888888888888886666677777777766666666667777666666668888888888888888888888888888888888888888888888888666666666688888888888888888888888888888888888888888888888888888888888888888888888888888888888888888888888888888888888888
8888888888888888888888888888888888888888888888888666666777776666666666666666677666666666688888888888888888888888888888888888888888888886666666666888888888888888888888888888888888888888888888888888888888888888888888888888888888888888888888888888888888888888
8888888888888888888888888888888888888888888888886666667766666666666666666666666666666666668888888888888888888888888888888888888888888866666666666888888888888888888888888888888888888888888888888888888888888888888888888888888888888888888888888888888888888888
8888888888888888888888888888888888888888888666666666666666666666666666666666666666666666666688888888888888888888888888888888888888888666677666668888888888888888888888888888888888888888888888888888888888888888888888888888888888888888888888888888888888888888
8888888888888888888888888888888888888888888666666666666666666666666666666666666666666666666666888888888888888888888888888888888888866667777766668888888888888888888888888888888888888888888888888888888888888888888888888888868888888888888888888888888888888888
6666666688888888888888888888888888888886666666666666666666666666666666666666666666666666666666688888888888888888888888888886666666666777777766688888888888888888888888888888888888888888888888888888888888888888888888888888888888888888888888888888888888888888
7766666668888888888888888888888888886666666666666666666888888888888888888666666666666668888888888888888888888888888888886666666666667777777766688888888888888888888888888888888888888888888888888888888888888888888888888888888888888888888888888888888888888888
7766666666888888888888888888888888866666667777666666668888888888888888888886666666666888888888888888888888888888888888866666666666677777776666688888888888888888888888888888888888888888888888888888888888888888888888888888888888888888888888888888888888888888
7766666666666668888888888888866666666666777776666668888888888888888888888888666666668888888888888888888888888888888888666666666666777777776666688888888888888888888888888888888888888888888888888888888888888888866888888888888888888888888888888888888888888888
7766667777666666668888888888666666666677776666666688888888888888888888888888886666688888888888888888888888888888888666666666666667777777776666688888888888888888888888888888888888888888888888888888888888888888886668888888888888888888888888888888888888888888
8866667777766666666666666666666666667777766666888888888888888888888888888888888666668888888888888888888888888888888666666666777777777777776666668888888888888888888888888888888888888888888888888888888888888888886666888888888888888888888888888888888888888888
8886666777767776666666666666666667777777666668888888888888888888888888888888888886668888888888888888888888888888888866666667777777777777777666668888888888888888888888888888888888888888888888888888888888888888886666688888888888888888888888888888888888888888
8888666667777777766666666666666777777766666688888888888888888888888888888888888888668888888888888888888888888888888888666666777777777777777766666888888888888888888888888888888888888888888888888888888888888888886666688888888888888888888888888888888888888888
8888888666666777777766777777777777776666668888888888888888888888888888888888888888666688888888888888888888888888888888886666666677777777777776666688888888888888888888888888888888888888888888888888888888888888866666688888888888888888888888888888888888888888
8888888666666677777777777777777777766666688888888888888888888888888888888888888888886888888888888888888888888888888888888666666667777777777776666666888888888888888888888888888888888888888888888888888888888888866666688888888888888888888888888888888888888888
8888888866666677777777777777777777666666888888888888888888888888888888888888888888888666888888888888888888888888888888888866666666777777777777666666688888888888888888888888888888888888888888888888888888888888866666688888888888888888888888888888888888888888
8888888866666667777777777777777776666668888888888888888888888888888888888888888888886666688888888888888888888888888888888886666666666677777777766666668888888888888888888888888888888888888888888888888888888888666666668888888888888888888888888888888888888888
8888888866666667777777777777777666666688888888888888888888888888888888888888888888888666688888888888888888888888888888888886666666666666677777766666666888888888888888888888888888888888888888888888888888888886666777777688888888888888888888888888888888888888
8888888666666666777767777777777666666888888888888888888888888888888888888888888888888866668888888888888888888888888888888886666666666666667777777666666688888888888888888888888888888888888888888888888888888886666777777668888888888888888888888888888888888888
8888888666666666666666777777776666666888888888888888888888888888888888888888888888888886668888888888888888888888888888888866666666666666666777777776666688888888888888888888888888888888888888888888888888888886666777776666888888888888888888888888888888888888
8888666666666666666666677777776666666888888888888888888888888888888888888888888888888888688888888888888888888888888888866668888888888866666667777777666688888888888888888888888888888888888888888888888888887777666666666666666888888888888888888888888888888866
8866666688888888866666666777777666666888888888888888888888888888888888888888888888888888888666688888888888888888888888866688888888888888666666777777766668888888888888888888888888888888888888888888888888867777666666666666688888888888888888888888888888886666
8866666688888888886666666677777766666888888888888888888888888888888888888888888888888888888666668888888888888888888888886688888888888888666666677777776666888888888888888888888888888888888888888888888888667777666668888888888888888888888888888888888888666666
8666668888888888888666666667777776666888888888888888888888888888888888888888888888888888888666668888888888888888888888888888888888888888886666666777777666668888888888888888888888888888888888888888888866668888888888888888888888888888888688888888888666667777
8666888888888888888886666666777776666688888888888888888888888888888888888888888888888888888886666668888888888888888888888888888888888888888866666677777776666668888888888888888888888888888888888888886666888888888888888888888888888888866666866666666666777777
8888888888888888888888886666667776666668888888888888888888888888888888888888888888888888888888866666888888888888888888888888888888888888888888666666777777666666888888888888888888888888888888888888666888888888888888888888888888888888866666666666666677777777
8888888888888888888888888866666666666666888888888888888888888888888888888888888888888888888888886666666666688888888888888888888888888888888888666666677777766666688888888888888888888888888888888866666688888888888888888888888888888888886666666667777777777777
8888888888888888888888888886666666666666688888888888888888888888888888888888888888888888888888888666666666888888888888888888888888888888888888886666666777776666666888888888888888888888888888888666666888888888888888888888888888888888888886666667777777777777
8888888888888888888888888888666666666666668888888888888888888888888888888888888888888888888888886666666666888888888888888888888888888888888888888866666677777766666666888888888888888888888888667688888888888888888888888888888888888888888888866666677777777776
8888888888888888888888888888886666666666666888888888888888888888888888888888888888888888888888886666888668888888888888888888888888888888888888888886666666777776666666688888888888888888888876666888888888888888888888888888888888888888888888888666667777777766
8888888888888888888888888888888886666666666668888888888888888888888888888888888888888888888888866688888888888888888888888888888888888888888888888888666666677777777666666688888888888888866776666888888888888888888888888888888888888888888888888866666777776666
8888888888888888888888888888888886666667776666888888888888888888888888888888888888888888888886666668888888888888888888888888888888888888888888888888866666667777777766666668888888888886777666688888888888888888888888888888888888888888888888888866666777766666
8888888888888888888888888888888888666677777666688888888888888888888888888888888888888888886666666688888888888888888888888888888888888888888888888888866666666777777776666666666666666667777666688888888888888888888888888888888888888888888888888886666677766688
8888888888888888888888888888888888866667777666668888888888888888888888888888888888888888866668888888888888888888888888888888888888888888888888888888886666666666777777777766666777776666666668888888888888888888888888888888888888888888888888888886666666688888
8888888888888888888888888888888888866666677666666688888888888888888888888888888888888888666688888888888888888888888888888888888888888888888888888888886886666666666777777777677777776666688888888888888888888888888888888888888888888888888888888886666668888888
8888888888888888888888888888888888888666666666666668888888888888888888888888888888888886668888888888888888888888888888888888888888888888888888888888886688668888666666777777777777766666888888888888888888888888888888888888888888888888888888888886666888888888
8888888888888888888888888888888888888866666666666666888888888888888888888888888888888888888888888888888888888888888888888888888888888888888888888888888888888888866666667777777777666668888888888888888888888888888888888888888888888888888888888867666888888888
8888888888888888888888888888888888888886666666666666668888888888888888888888888888888888888888888888888888888888888888888888888888888888888888888888888888888888886666666777777776666688888888888888888888888888888888888888888888888888888888888866666888888888
8888888888888888888888888888888888888886686666666666666888888888888888888888888888888888888888888888888888888888888888888888888888888888888888888888888888888888888866666677777766666888888888888888888888888888888888888888888888888888888888886666668888888888
8888888888888888888888888888888888888888888886666666666666888888888888888888888888888888888888888888888888888888888888888888888888888888888888888888888888888888888888666666777776668888888888888888888888888888888888888888888888888888888888666666888888888888
8888888888888888888888888888888888888888888888888666666666668888888888888888888888888888888888888888888888888888888888888888888888888888888888666688888888888888888888886666667776666888888888888888888888888888888888888888888888888888888886666666888888888888
8888888888888888888888888888888888888888888888888886666666666666688888888888886668888888888888888888888888888888888888888888888888888888888888666888888888888888888888886666666777666888888888888888888888888888888888888888888888888888888888666666888888888888
8888888888888888888888888888888888888888888888888886666666666666688888888888888888888888886666888888888888888888888888888888888888888888888888888888888888888888888888888866667776666668888888888888888888888888888888888888888888888888888888866666668888888888
