8888888888888888666666668888888888888888888888888888888866666888888888888888888888888888888888888888866666666666667777777666888888888888888888888888888888888888888888888888888888888666666666888888888888888888888888888888888888888888888888888888888888888888
8888888888888886666668888888888888888888888888888888888886666666888888888888888888888888888888888866666666666666667777777766688888888888888888888888888888888888888888888888888888888888666666688888888888888888888888888888888888888888888888888888888888888888
8888888888888886666668888888888888888888888888888888888888666666888888888888888888888888888888888866666666666666667777777766688888888888888888888888888888888888888888888888888888888888666666688888888888888888888888888888888888888888888888888888888888888888
8888888888888886666668888888888888888888888888888888888888888666688888888888888888888888888888888666666666666666666666667766688888888888888888888888888888888888888888888888888888888888866666688888888888888888888888888888888888888888888888888888888888888888
8888888888888668888888888888888888888888888888888888888888888866666888888888888888888888888886666666688888888888666666667777668888888888888888888888888888888888888888888888888888888888888886666888888888888888888888888888888888888888888888888888888888886666
8888888666666668888888888888888888888888888888888888888888888888866666888888888888888888888866666666888888888888886666666667666668888888888888888888888888888888888888888888888888888888888888666666688888888888888888888888888888888888888888888888888888886666
8888886666666688888888888888888888888888888888888888888888888888886666668888888888888888866666668888888888888888888886666666776666888888888888888888888888888888888888888888888888888888888888666666688888888888888888888888888888888888888888888888888888866666
8888886666666888888888888888888888888888888888888888888888888888888886666688888888888888666666668888888888888888888888666666776666688888888888888888888888888888888888888888888888888888888888666666688888888888888888888888888888888888888888888888888866668888
6666666888888888888888888888888888888888888888888888888888888888888886666666688888886666666668888888888888888888888888886666666666666888888888888888888888888888888888888888888888888888888866666666666666666688888888888888888888888888888888888888666666668888
6666666888888888888888888888888888888888888888888888888888888888888886666666668886666666666688888888888888888888888888888886666666666888888888888888888888888888888888888888888888888888888866666666666666666688888888888888888888888888888888888888666666668888
6666668888888888888888888888888888888888888888888888888888888888888886666666666666666666666888888888888888888888888888888888666666666688888888888888888888888888888888888888888888888888888666666666666666666666888888888888888888888888888888888886666668888888
8888888888888888888888888888888888888888888888888888888888888888888886666666666666666668888888888888888888888888888888888888888886666666888888888888888888888888888888888888888888888888888666688888888888866666666666688888888888888888888666666666888888888888
8888888888888888888888888888888888888888888888888888888888888888888886666666666666666688888888888888888888888888888888888888888888666666888888888888888888888888888888888888888888888888886666688888888888886666666666666888888888888888888666666666888888888888
8888888888888888888888888888888888888888888888888888888888888888866666666666666666666688888888888888888888888888888888888888888888666666888888888888888888888888888888888888888888888888666666888888888888888666666666666666666666666666666666666666888888888888
8888888888888888888888888888888888888888888888888888888888888888866666666666666666666666888888888888888888888888888888888888888888888888888888888888888888888888888888888888888888888666666666888888888888888888866666666666666666666666666666668888888888888888
8888888888888888888888888888888888888888888888888888888888888666666666888888666666666666688888888888888888888888888888888888888888888888866666666666888888888888888888888888888888866666688888888888888888888888886666666666666666666666666666688888888888888888
8888888888888888888888888888888888888888888888888888888886666666666688888888888666666666666666688888888888888888888888888888888888888888886666666666688888888888888888888888888666666666688888888888888888888888888888866666666666666666668888888888888888888888
8888888888888888888888888888888888888888888888888888888886666666666688888888888888866666666666688888888888888888888888888888888888888888886666666666668888888888888888888888888666666668888888888888888888888888888888866666666666666666668888888888888888888888
8888888888888888888888888888888888888888888888888888888866666888888888888888888888888888888666666688888888888888888888888888888888888888888888888886666666666688888888666666666666666888888888888888888888888888888888888866666777666666688888888888888888888888
8888888888888888888888888888888888888888888888888866666666666888888888888888888888888888888866666688888888888888888888888888888888888888888888888888666666666666666666666666666666688888888888888888888888888888888888888886666767666666888888888888888888888888
8888888888888888888888888888888888888888888888888866666666668888888888888888888888888888888888666666666888888888888888888888888888888888888888888888766666666666666666666666666666888888888888888888888888888888888888888886666777666666888888888888888888888888
8888888888888888888888888888888888888888888888888866666888888888888888888888888888888888888888866666666888888888888888888888888888888888888888888888888888666666666666666666666688888888888888888888888888888888888888888888888666666666688888888888888888888888
8888888888888888888888888888888888888888888866666688888888888888888888888888888888888888888888888668886666688888888888888888888888888888888888888888888888886667677666666666666888888888888888888888888888888888888888888888888888666666668888888888888888888888
8888888888888888888888888888888888888888888866666688888888888888888888888888888888888888888888888888888666666688888888888888888888888888888888888888888888888666677766666666668888888888888888888888888888888888888888888888888888866666666888888888888888888888
8888888888888888888888888888888888888888888866666688888888888888888888888888888888888888888888888888888666666668888888888888888888888888888888888888888888888866677766666666888888888888888888888888888888888888888888888888888888886666666668888888888888888888
8888888888888888888888888888888888888888888888888888888888888888888888888888888888888888888888888888888888866666888888888888888888888888888888888888888888888888666666777666888888888888888888888888888888888888888888888888888888886666666666888888888888888888
8888888888888888888888888888888888886666668888888888888888888888888888888888888888888888888888888888888888888888666666688888888888888888888888888888888888888888866666777666888888888888888888888888888888888888888888888888888888886666666766668888888888888888
8888888888888888888888888888888888886666668888888888888888888888888888888888888888888888888888888888888888888888866666688888888888888888888888888888888888888888886666777666888888888888888888888888888888888888888888888888888888886666677776668888888888888888
8888888888888888888888888888888888886666668888888888888888888888888888888888888888888888888888888888888888888888866666888888888888888888888888888888888888888888886666777666688888888888888888888888888888888888888888888888888888886667777776666888888888888888
8888888888888888888888888888886666688888888888888888888888888888888888888888888888888888888888888888888888888888888888886666688888888888888888888888888888888888886666666777688888888888888888888888888888888888888888888888888888866666776766666666666666668888
8888888888888888888888888888866666688888888888888888888888888888888888888888888888888888888888888888888888888888888888886666666888888888888888888888888888888888888666666777688888888888888888888888888888888888888888888888888886677677776666667766666666666888
8888888888888888888888888888866666688888888888888888888888888888888888888888888888888888888888888888888888888888888888886666666666666888888888888888888888888888888666666777688888888888888888888888888888888888888888888888888666677777776666666666666666666688
8888888888888888888866666666688888888888888888888888888888888888888888888888888888888888888888888888888888888888888888888888886666666668888888888888888888888888886666666777666688888888888888888888888888888888888888888888667777776666666666888888888666666666
8888888888888888866666666666688888888888888888888888888888888888888888888888888888888888888888888888888888888888888888888888888666666666666666688888888888888888886666666777766668888888888888888888888888888888888888888666667777776666668888888888888666666777
8888888888888888866666666666688888888888888888888888888888888888888888888888888888888888888888888888888888888888888888888888888666666666666666688888888888888888886666666777766666888888888888888888888888888888888888866666777777776666688888888888888666666777
8888888888888888866666666666688888888888888888888888888888888888888888888888888888888888888888888888888888888888888888888888888666666666666666666888888888888888866666666777766666688888888888888888888888888888888866677667777777776888888888888888888866666766
6666666666666666688888888888666668888888888888888888888888888888888888888888888888888888888888888888888888888888888888888888888886666666888666666666666666666666666666777767777666666888888888888888888888888888666666677777776666668888888888888888888888888886
6666666666666666688888888888666668888888888888888888888888888888888888888888888888888888888888888888888888888888888888888888888886666666888866666666666666666666666666777767777666666688888888888888888888888888666666677777776666688888888888888888888888888888
6666666666666668888888888888888888888888888888888888888888888888888888888888888888888888888888888888888888888888888888888888888666666668888886666666666666666666666666777667777776666668888888888888888888888866666666677777666668888888888888888888888888888888
6888888888888888888888888888888888888888888888888888888888888888888888888888888888888888888888888888888888888888888888888888886666668888888888888888888888888886666666666666667777776666678888888888888886666667777777666666688888888888888888888888888888888888
6888888888888888888888888888888888888888888888888888888888888888888888888888888888888888888888888888888888888888888888888888866666888888888888888888888888888888666666666666666777777666666666788886666666666667777776666666888888888888888888888888888888888888
8888888888888888888888888888888888888866688888888888888888888888888888888888888888888888888888888888888888888888888888888886666888888888888888888888888888888888866666666666666667777777666666677766666666666667777766666668888888888888888888888888888888888888
8888888888888888888888888888888888888866666888888888888888888888888888888888888888888888888888888888888888888888888888888666688888888888888888888888888888888888888888666666666667777777777777777766667777777666777766668888888888888888888888888888888888888888
8888888888888888888888888888888888888888888866888888888888888888888888888888888888888888888888888888888888888888888888866688888888888888888888888888888888888888888888888866666666777777777777777776677777777666666666888888888888888888888888888888888888888888
8888888888888888888888888888888888888888888886666668888888888888888888888888888888888888888888888888888888888888888866666688888888888888888888888888888888888888888888888888666666777777777777777777777777777666666668888888888888888888888888888888888888888888
8888888888888888888888888888888888888888888888666666888888888888888888888888888888888888888888888888888888888888888666666688888888888888888888888888888888888888888888888888866666777777777777777777777777777666666688888888888888888888888888888888888888888888
8888888888888888888888888888888888888888888888888666668888888888888888888888888888888888888888888888888888888888888668888888888888888888888888888888888888888888888888888888886666667777777777777777777777766666666688888888888888888888888888888888888888888888
8888888888888888888888888888888888888888888888888866666666668888888888888888888888888888888888888888888888886666666688888888888888888888888888888888888888888888888888888888887666667777777777777776666666666666666666888888888888888888888888888888888888888888
8888888888888888888888888888888888888888888888888886666666666888888888888888888888888888888888888888888888866666666888888888888888888888888888888888888888888888888888888888888666667777777777777776666666666666666666688888888888888888888888888888888888888888
8888888888888888888888888888888888888888888888888888866666666888888888888888888888888888888888888888888888866688888888888888888888888888888888888888888888888888888888888888886666667777777777666666666666666666666666668888888888888888888888888888888888888888
8888888888888888888888888888888888888888888888888888888666666666666666666666688888888888888888888888888666666888888888888888888888888888888888888888888888888888888888888888886666667777777777666666666666666666666666666668888888888888888888888888888888888666
8888888888888888888888888888888888888888888888888888886666666666666666666666688888888888888888888888666666888888888888888888888888888888888888888888888888888888888888888888666666777777777766666688888888886666666666666666668888888888888888888888888888886666
8888888888888888888888888888888888888888888888888888666666666666666888888888888888888888888888888886666688888888888888888888888888888888888888888888888888888888888888888886666666777777777766666888888888888866666666666666666888888888888888888888888886666666
8888888888888888888888888888888888888888888888888866666666888888888888888888888888888888888888888888888888888888888888888888888888888888888888888888888888888888888888888866666667777777777766668888888888888888888888666666666668888888888888888888888866666888
8888888888888888888888888888888888888888888888666666888666888888888888888888888888888888888666666688888888888888888888888888888888888888888888888888888888888888888888888666666677777777766666668888888888888888888888886666666666666888888888888886666666668888
8888888888888888888888888888888888888888888888666668888888888888888888888888888888888888888888888888888888888888888888888888888888888888888888888888888888888888888888886666666777777777766666668888888888888888888888888866666666666888888888888886666666688888
6668888888888888888888888888888888888888886666688888888888888888888888888888888888888888888888888888888888888888888888888888888888888888888888888888888888888888888888866667777776666667777666668888888888888888888888888888888666666666666666666666666888888888
6666888888888888888888888888888888888888866666688888888888888888888888888888888888888888888888888888888888888888888888888888888888888888888888888888888888888888888888666667777666666677777766668888888888888888888888888888888886666666666666666666666888888888
6666888888888888888888888888888888888866668888888888888888888888888888888888888888888888888888888888888888888888888888888888888888888888888888888888888888888888888886666666776666666666777766666888888888888888888888888888888886666666666666666666666888888888
8886666666666666668888888888888888886666688888888888888888888888888888888888888888888888888888888888888888888888888888888888888888888888888888888888888888888888888666666777666666666666677777766668888888888888888888888888888888666666666666666666888888888888
8886666666666666668888888888888888888886888888888888888888888888888888888888888888888888888888888888888888888888888888888888888888888888888888888888888888888888886666777777666666666666677777666666888888888888888888888888888888888888888866666666888888888888
8888666666666666666688888888888888888888888888888888888888888888888888888888888888888888888888888888888888888888888888888888888888888888888888888888888888888888666666777777666888888886666666677766666888888888888888888888888888888888888887766666888888888888
8888888888888888866666666666888888888888888888888888888888888888888888888888888888888888888888888888888888888888888888888888888888888888888888888888888888888666666777766666668888888888888666667766666668888888888888888888888888888888888886666666668888888888
8888888888888888866666666666888888888888888888888888888888888888888888888888888888888888888888888888888888888888888888888888888888888888888888888888888888886666666777766666888888888888888866667766666666688888888888888888888888888888888888666666666888888888
8888888888888888866666666666888888888888888888888888888888888888888888888888888888888888888888888888888888888888888888888888888888888888888888888888888888886666666777766688888888888888888866666666666666668888888888888888888888888888888888866666666688888888
8888888888888888888888888886666666888888888888888888888888888888888888888888888888888888888888888888888888888888888888888888888888888888888888888888888866666667777666888888888888888888888888866666677766666888888888888888888888888888888888888886666666888888
8888888888888888888888888888666666688888888888888888888888888888888888888888888888888888888888888888888888888888888888888888888888888888888888888888888666666667777688888888888888888888888888866666677766666688888888888888888888888888888888888888666666668888
8888888888888888888888888888666666666888888888888888888888888888888888888888888888888888888888888888888888888888888888888888888888888888888888888888886666666666668888888888888888888888888888886666677777766666888888888888888888888888888888888888886666666888
8888888888888888888888888888888886666688888888888888888888888888888888888888888888888888888888888888888888888888888888888888888888888888888888888866666666668888888888888888888888888888888888888666666677766666888888888888888888888888888888888888888666666688
8888888888888888888888888888888888666668888888888888888888888888888888888888888888888888888888888888888888888888888888888888888888888888888888888666666688888888888888888888888888888888888888888888666677766666888888888888888888888888888888888888888866666666
8888888888888888888888888888888888888666688888888888888888888888888888888888888888888888888888888888888888888888888888888888888888888888888666666666666688888888888888888888888888888888888888888888666666677766688888888888888888888888888888888888888888666666
8888888888888888888888888888888888888666688888888888888888888888888888888888888888888888888888888888888888888888888888888888888888888888866666666668888888888888888888888888888888888888888888888888866666677766666888888888888888888888888888888888888888866666
8888888888888888888888888888888888888888666668888888888888888888888888888888888888888888888888888888888888888888888888888888888888888886666666666888888888888888888888888888888888888888888888888888888666666777666666888888888888888888888888888888888888866666
8888888888888888888888888888888888888888866668888888888888888888888888888888888888888888888888888888888888888888888888888888888888888886666666666888888888888888888888888888888888888888888888888888888866666677666666688888888888888888888888888888888888866666
8888888888888888888888888888888888888888866668888888888888888888888888888888888888888888888888888888888888888888888888888888888888888866666666688888888888888888888888888888888888888888888888888888888886666677666666668888888888888888888888888888888888866666
8888888888888888888888888888888888888888888866666888888888888888888888888888888888888888888888888888888888888888888888888888888888666668888888888888888888888888888888888888888888888888888888888888888888866666677766666688888888888888888888888888888888866666
8888888888888888888888888888888888888888888886666888888888888888888888888888888888888888888888888888888888888888888888888888888886666668888888888888888888888888888888888888888888888888888888888888888888886666677766666688888888888888888888888888888888866666
8888888888888888888888888888888888888888888888666668888888888888888888888888888888888888888888888888888888888888888888888888886666666688888888888888888888888888888888888888888888888888888888888888888888888666677766666668888888888888888888888888888886666666
8888888888888888888888888888888888888888888888866666888888888888888888888888888888888888888888888888888888888888888888888886666666688888888888888888888888888888888888888888888888888888888888888888888888888886666666777766888888888888888888888888888866666668
6888888888888888888888888888888888888888888888886666666888888888888888888888888888888888888888888888888888888888888888888886666666888888888888888888888888888888888888888888888888888888888888888888888888888888666666777766668888888888888888888888886666666888
6666688888888888888888888888888888888888888888888666666688888888888888888888888888888888888888888888888888888888888888666666666668888888888888888888888888888888888888888888888888888888888888888888888888888888886666677776666666688888888888888888666666668888
6666666668888888888888888888888888888888888888888666666666666666666688888888888888888888888888888888888888888888888886667666668888888888888888888888888888888888888888888888888888888888888888888888888888888888886666666677777666666888888888888886666666888888
6666666666888888888888888888888888888888888888888666666666666666666668888888888888888888888888888888888888888888888866666666768888888888888888888888888888888888888888888888888888888888888888888888888888888888888666667777777666666688888888888666666666888888
6666666666888888888888888888888888888888888888888666666666666666666668888866666666888888888888888888888888886666666666666666688888888888888888888888888888888888888888888888888888888888888888888888888888888888888886666667777666666666666666666666666688888888
8888866666666666888888888888888888888888888888666668888888888888888886666666666666666666666688888888888888866666666666666668888888888888888888888888888888888888888888888888888888888888888888888888888888888888888888866666666777776666666666666666888888888888
8888866666666666888888888888888888888888888886666668888888888888888886666666666666666666666666666666666666666666666666666688888888888888888888888888888888888888888888888888888888888888888888888888888888888888888888866666666767776666666666666666888888888888
8888886666666666888888888888888888888888888866666668888888888888888886666666666666666666666666666666666666667777766666666888888888888888888888888888888888888888888888888888888888888888888888888888888888888888888888866666666667776666666666666666888888888888
8888888888866666666666666666888888888866666666666688888888888888888888666666666666666777776666666666666666667666766668888888888888888888888888888888888888888888888888888888888888888888888888888888888888888888888888866666666666677777666666666666888888888888
8888888888888888666666666666888888888666666666688888888888888888888888666666666666777777777777766666666677666666666888888888888888888888888888888888888888888888888888888888888888888888888888888888888888888888888888866666666666677777776666666666888888888888
8888888888888888666666666666666666666666666666688888888888888888888888666666666677777777777776766666666666677666688888888888888888888888888888888888888888888888888888888888888888888888888888888888888888888888888888866666666666667777776666666666888888888888
8888888888888888888888866666666666666666666666688888888888888888888888666666666777777777666666666666666666666666688888888888888888888888888888888888888888888888888888888888888888888888888888888888888888888888888888866666666666666777776666666666688888888888
8888888888888888888888888866666666666666666666688888888888888888888886666677777777766666666688888888666666666666688888888888888888888888888888888888888888888888888888888888888888888888888888888888888888888888888888866666666666666667776666666666666888888888
8888888888888888888888888888666666666666666666666888888888888888888666666677777777666666666888888888886666666666688888888888888888888888888888888888888888888888888888888888888888888888888888888888888888888888888888866666666666666667777776666666666668888888
8888888888888888888888888888888866666667777776666666888888888866666666677776666666666668888888888888888888866666666668888888888888888888888888888888888888888888888888888888888888888888888888888888888888888888888666666686666666666666667777777666666666668888
8888888888888888888888888888888886666667777776666666666666666666666666777777666666666688888888888888888888886666666668888888888888888888888888888888888888888888888888888888888888888888888888888888888888888888886666666888888888866666667777777666666666666668
8888888888888888888888888888888888866666667666666666666666666666666666666666666666668888888888888888888888888866666666688888888888888888888888888888888888888888888888888888888888888888888888888888888888888886666666666888888888886666667777777666666666666666
8888888888888888888888888888888888888866666666777776666666666666677776666666666688888888888888888888888888888888886666666688888888888888888888888888888888888888888888888888888888888888888888888888888888888866666666666888888888886666666667777666666666776666
8888888888888888888888888888888888888866666666777777666677767666677776666666668888888888888888888888888888888888888866666688888888888888888888888888888888888888888888888888888888888888888888888888888888888666666666688888888888888666666667777776666666776666
8888888888888888888888888888888888888886666666666777777777777777666666666688888888888888888888888888888888888888888888866666688888888888888888888888888888888888888888888888888888888888888888888888888866666666888888888888888888888666666667777776666667777776
8888888888888888888888888888888888888888886666666777777777777777666666688888888888888888888888888888888888888888888888866666668888888888888888888888888888888888888888888888888888888888888888888888888666666668888888888888888888888866666667777777766667777777
8888888888888888888888888888888888888888888866666777777777777776666666888888888888888888888888888888888888888888888888888886666668888888888888888888888888888888888888888888888888888888888888888888888688888888888888888888888888888866666667766666666666666666
8888888888888888888888888888888888888888888886666777777777777666666666888888888888888888888888888888888888888888888888888886666666888888888888888888888888888888888888888888888888888888888888888866666888888888888888888888888888888866666667776666666666666666
8888888888888888888888888888888888888888888866666667777777777666666666688888888888888888888888888888888888888888888888888888866666688888888888888888888888888888888888888888888888888888888888866666666888888888888888888888888888888666666667776666666888888888
8888888888888888888888888888888888888888888666666667777777666666666666666888888888888888888888888888888888888888888888888888888888866688888888888888888888888888888888888888888888888888888886666688888888888888888888888888888888888666667777776888888888888888
8888888888888888888888888888888888888888886666666777777776666666666666666688888888888888888888888888888888888888888888888888888888866688888888888888888888888888888888888888888888888888888866666688888888888888888888888888888888888666667777768888888888888888
8888888888888888888888888888888888888888886666666777777776666666666666666666888888888888888888888888888888888888888888888888888888866668888888888888888888888888888888888888888888888888888866668888888888888888888888888888888888886667777776668888888888888888
8888888888888888888888888888888888888888866666777777766666666666666666666666666888888888888888888888888888888888888888888888888888888886666888888888888888888888888888888888888666666666666668888888888888888888888888888888888888866667777776888888888888888888
8888888888888888888888888888888888888866666667777777766666666666666666666666666666888888888888888888888888888888888888888888888888888886666668888888888888888888888888888888888666666666666688888888888888888888888888888888888888666667776666888888888888888888
8888888888888888888888888888888888666666666777777667776666666888888888888888866666688888888888888888888888888888888888888888888888888888888866666888888888888888888888888888888666666688888888888888888888888888888888888888888866666677776666888888888888888888
6668888888888888888888888888888886666666667777777666666666688888888888888888888866666666666688888888888888888888888888888888888888888888888866666666688888888888888888866666666888888888888888868888888888888888888888888888888666667777776666888888888888888888
6666888888888888888888888888888866666667777777777666666688888888888888888888888866666666666688888888888888888888888888888888888888888888888866666666668888888888888888666666668888888888888888666888888888888888888888888888886666667777766666688888888888888888
6666668888888888888888888888888866666667777777666666666888888888888888888888888888888886666688888888888888888888888888888888888888888888888888888666666888888888888666666666688888888888888888888888888888888888888888888888666666777777666666668888888888888888
6666666666666666666666888866666666667777767776666666688888888888888888888888888888888888888886666666666888888888888888888888888888888888888888888888666666666666666666688888888888888888888888888886666888888888888888888866666777777766666666666666666888888888
6666666666666666666666666666666666777777767776666668888888888888888888888888888888888888888886666666666888888888888888888888888888888888888888888888666666666666666666688888888888888888888888888886666668888888888888888666667777777766666666666666666668888888
6666666666666666666666666666666666777777766666666668888888888888888888888888888888888888888886666666666888888888888888888888888888888888888888888888666666666666666666888888888888888888888888888888666666888888888886666666667777776766666666666666666666888888
6666666666666666666666666766766666666667766666666688888888888888888888888888888888888888888888888888888666666666888888888888888888888888888888888888888866666666666888888888888888888888888888888888888886666666666666667677777776666666666666888888888888888888
8888888888888666666666666777777766666667766666688888888888888888888888888888888888888888888888888888888666666666888888888888888888888888888888888888888866666666668888888888888888888888888888888888888888666666666666677777777666666668888888888888888888666666
8888888888888886666666666777776666666666666666888888888888888888888888888888888888888888888888888888888666666666888888888888888888888888888888888888888866666666668888888888888888888888888888888888888888866666666666777777777666666888888888888888888888866666
8888888888888888888886666666666666666666666668888888888888888888888888888888888888888888888888888888888888888888866668888888888888888888888888888888666668888888868888888888888888888888888888888888888888866666666677777777766666668888888888888888888888888888
8888888888888888888888886666666666666666666668888888888888888888888888888888888888888888888888888888888888888888866666666688888888888888888888888888666668888888888888888888888888888888888888888888888888866666677777777776666666888888888888888888888888888888
8888888888888888888888888886666666666666666668888888888888888888888888888888888888888888888888888888888888888888866666666688888888888888888888888886666668888888888888888888888888888888888888888888888888666666666677777777666666888888888888888888888888888888
8888888888888888888888888888888666666666666666888888888888888888888888888888888888888888888888888888888888888888888886666668888888888888888888888666888688888888888888888888888888888888888888888888888886667777666666666666666666888888888888888888888888888888
8888888888888888888888888888888866666666667676688888888888888888888888888888888888888888888888888888888888888888888888888866666668888888888886666666888888888888888888888888888888888888888888888888886666677777766666666666666666888888888888888888888888888888
8888888888888888888888888888888866666666667776688888888888888888888888888888888888888888888888888888888888888888888888888866666668888888888886666666888888888888888888888888888888888888888888888888866666666666666666666666666666688888888888888888888888888888
8888888888888888888888888888888886666666666676666688888888888888888888888888888888888888888888888888888888888888888888888866666666888888888886666688888888888888888888888888888888888888888888886666666666668888888666666666666666668888888888888888888888888888
8888888888888888888888888888888888888866666667776668888888888888888888888888888888888888888888888888888888888888888888888888888666666666666666666888888888888888888888888888888888888888888888886666666666688888888888888888886666666688888888888888888888888888
8888888888888888888888888888888888888888666667776666688888888888888888888888888888888888888888888888888888888888888888888888888666666666666666688888888888888888888888888888888888888888888888666666668888888888888888888888888666666666888888888888888888888888
8888888888888888888888888888888888888888866667776666666888888888888888888888888888888888888888888888888888888888888888888888888666666666666666688888888888888888888888888888888888888888666666666888888888888888888888888888888886666666668888888888888888888888
8888888888888888888888888888888888888888888666667776666688888888888888888888888888888888888888888888888888888888888888888888888888666666666666888888888888888888888888888888888888888886666666668888888888888888888888888888888888866666666688888888888888888888
8888888888888888888888888888888888888888888886667776666668888888888888888888888888888888888888888888888888888888888888888888888888666666666668888888888888888888888888888888888888888866666666688888888888888888888888888888888888888666666668888888888888888888
8888888888888888888888888888888888888888888888666777666666688888888888888888888888888888888888888888888888888888888888888888888888886666666668888888888888888888888888888888888888886666666668888888888888888888888888888888888888888866666666888888888888888888
8888888888888888888888888888888888888888888888886666777666668888888888888888888888888888888888888888888888888888888888888888888888888666666668888888888888888888888888888888888888666666668888888888888888888888888888888888888888888888866666688888888888888888
8888888888888888888888888888888888888888888888888667777666666888888888888888888888888888888888888888888888888888888888888888888888888886666666888888888888888888888888888888888888666666688888888888888888888888888888888888888888888888866666668888888888888888
8888888888888888888888888888888888888888888888888866666677777688888888888888888888888888888888888888888888888888888888888888888888888886666666688888888888888888888888888888886666666666888888888888888888888888888888888888888888888888886666666668888888888888
8888888888888888888888888888888888888888888888888888666667777668888888888888888888888888888888888888888888888888888888888888888888888886666666688888888888888888888888888866666666666888888888888888888888888888888888888888888888888888888866666668888888888888
8888888888888888888888888888888888888888888888888888866667777666668888888888888888888888888888888888888888888888888888888888888888888866666666668888888888888888888888888866666666888888888888888888888888888888888888888888888888888888888886666668888888888888
8888888888888888888888888888888888888888888888888888886667777666666668888888888888888888888888888888888888888888888888888888888888888866666666666888888888888888888888866666666668888888888888888888888888888888888888888888888888888888888888866666666888888888
8888888888888888888888888888888888888888888888888888886666666677666666888888888888888888888888888888888888888888888888888888888888888866666666666666888888888888888866666666666688888888888888888888888888888888888888888888888888888888888888888886666666666888
8888888888888888888888888888888888888888888888888888866666666677666666888888888888888888888888888888888888888888888888888888888888888866666666666666688888888888888666666666666888888888888888888888888888888888888888888888888888888888888888888886666666666888
8888888888888888888888888888888888888888888888888888666666666676666666688888888888888888888888888888888888888888888888888888888888888666666666666666668888888888866666666667688888888888888888888888888888888888888888888888888888888888888888888888666666666888
8888888888888888888888888888888888888888888888888866666666888888677777777666688888888888888888888888888888888888888888888888888888866666666666666666666666666666666666666666888888888888888888888888888888888888888888888888888888888888888888888888888666666668
8888888888888888888888888888888888888888888888888666666688888888677777777666668888888888888888888888888888888888888888888888888888666666666666666666666666666666666666666668888888888888888888888888888888888888888888888888888888888888888888888888888888886666
8888888888888888888888888888888888888888888888888866668888888888866666777666668888888888888888888888888888888888888888888888888888666677777666667666666666666666666666666668888888888888888888888888888888888888888888888888888888888888888888888888888888886666
8888888888888888888888888888888888888888888888888888888888888888888886666777766688888888888888888888888888888888888888888888888666666677777666666666666666666666666666666688888888888888888888888888888888888888888888888888888888888888888888888888668888888666
8888888888888888888888888888888888888888888888888888888888888888888888666667767777688888888888888888888888888888888888888888866666677777777666666666666666666666666666666888888888888888888888888888888888888888888888888888888888888888888888888886668888888866
8888888888888888888888888888888888888888888888888888888888888888888888666666777777688888888888888888888888888888888888888888666666777777766666666666666666666666666666666888888888888888888888888888888888888888888888888888888888888888888888888888668888888888
8888888888888888888888888888888888888888888888888888888888888888888888888666667776666666666888888888888888888888888888886666666666777777766666666888888888888666666666666888888888888888888888888888888888888888888888888888888888888888888888888888888888888888
8888888888888888888888888888888888888888888888888888888888888888888888888886666666666776666666768888888888888888888888666666667777766666666668888888888888888888666666666888888888888888888888888888888888888888888888888888888888888888888888888888888888888888
8888888888888888888888888888888888888888888888888888888888888888888888888886666666666676666666768888888888888888888886666666667777766666668888888888888888888888886666666888888888888888888888888888888888888888888888888888888888888888888888868888888888888888
8888888888888888888888888888888888888888888888888888888888888888888888888888866666666666666666666666666666666666666666666677777777766666688888888888888888888888888666666668888888888888888888888888888888888888888888888888888888888888888886668888888888888888
8888888888888888888888888888888888888888888888888888888888888888888888888888888666666666666666677777777666666666666666666777777666666668888888888888888888888888888888666666688888888888888888888888888888888888888888888888888888888888888866668888888888888888
8888888888888888888888888888888888888888888888888888888888888888888888888888888866666666666666677777777666666666666666667777777666666688888888888888888888888888888888666666688888888888888888888888888888888888888888888888888888888888886666688888888888888888
8888888888888888888888888888888888888888888888888888888888888888888888888888888866666666666666666666666666667777777777777777777666666688888888888888888888888888888888888666666668888888888888888888888888888888888888888888888888888888888888888888888888888888
8888888888888888888888888888888888888888888888888888888888888888888888888888888888666666668888888888866666667677777777777777766666666888888888888888888888888888888888888886666666888888888888888888888888888888888888888888888888888888888888888888888888888888
8888888888888888888888888888888888888888888888888888888888888888888888888888888888886666668888888888886666666677777777777777766666688888888888888888888888888888888888888888666666888888888888888888888888888888888888888888888888888888888888888888888888888888
8888888888888888888888888888888888888888888888888888888888888888888888888888888888888866668888888888888666666667777777777766666666888888888888888888888888888888888888888888666666666888888888888888888888888888888888888888888666668888888888888888888888888888
8888888888888888888888888888888888888888888888888888888888888888888888888888888888888866668888888888888666666666667777777766666666888888888888888888888888888888888888888888866666666888888888888888888888888888888888888888888666668888888888888888888888888888
8888888888888888888888888888888888888888888888888888888888888888888888888888888888888886668888888888888666666666677777777766666666888888888888888888888888888888888888888888866666666688888888888888888888888888888888888888888666688888888888888888888888888888
8888888888888888888888888888888888888888888888888888888888888888888888888888888888888888666888888888888666666666666777777777666666888888888888888888888888888888888888888888888886666666688888888888888888888888888888888886668888888888888888888888888888888888
8888888888888888888888888888888888888888888888888888888888888888888888888888888888888888666688888888888666666666666666777777766666888888888888888888888888888888888888888888888888666666688888888888888888888888888888886666668888888888888888888888888888888888
8888888888888888888888888888888888888888888888888888888888888888888888888888888888888888666668888888888666666666666666677777766666688888888888888888888888888888888888888888888888866666666888888888888888888888888888866688888888888888888888888888888888888888
8888888888888888888888888888888888888888888888888888888888888888888888888888888888888888866666688888886666666666666666666677777666688888888888888888888888888888888888888888888888888888666666888888888888888888888888888888888888888888888888888888888888888888
8888888888888888888888888888888888888888888888888888888888888888888888888888888888888888866666666666666666888888888866666677777666666888888888888888888888888888888888888888888888888888666666688888888888888888888888888888888888888888888888888888888888888888
8888888888888888888888888888888888888888888888888888888888888888888888888888888888888888866666666666666888888888888888866677777666666668888888888888888888888888888888888888888888888888886666666666666688888888888888888888888888888888888888888888888888888888
6888888888888888888888888888888888888888888888888888888888888888888888888888888888888888866666666688888888888888888888888866667777766666888888888888888888888888888888888888888888888888888666666666666666888888888888888888888888888888888888888888888888888888
6666888888888888888888888888888888888888888888888888888888888888888888888888888888888888666666666688888888888888888888888886667777766666888888888888888888888888888888888888888888888888888666666666666666888888888888888888888888888888888888888888888888888888
6666688888888888888888888888888888888888888888888888888888888888888888888888888888888888666666888888888888888888888888888888867777766666688888888888888888888888888888888888888888888888888866666666688888888888888888888888888888888888888888888888888888888888
8888666688888888888888888888888888888888888888888888888888888888888888888888888888866666666688888888888888888888888888888888866666677766666888888888888888888888888888888888888888888888888886666688888888888888888888888888888888888888888888888888888888888888
8888866668888888888888888888888888888888888888888888888888888888888888888888888888866666666688888888888888888888888888888888886666677766666688888888888888888888888888888888888888888888888886666688888888888888888888888888888888888888888888888888888888888888
8888866668888888888888888888888888888888888888888888888888888888888888888888888888866666688888888888888888888888888888888888888666677766666666688888888888888888888888888888888888888888888886666688888888888888888888888888888888888888888888888888888888888888
8888888886666688888888888888888888888888888888888888888888888888888888888888888866888888888888888888888888888888888888888888888888666677777766668888888888888888888888888888888888888888888866666688888888888888888888888888888888888888888888888888888888888888
8888888886666688888888888888888888888888888888888888888888888888888888888888886666888888888888888888888888888888888888888888888888886677777766668888888888888888888888888888888888888888888666666688888888888888888888888888888888888888888888888888888888888888
8888888888666666668888888888888888888888888888888888888888888888888888888888866668888888888888888888888888888888888888888888888888888666666667768888888888888888888888888888888888888888866666666668888888888888888888888888888888888888888888888888888888888888
8888888888888866668888888888888888888888888888888888888888888888888888888886666668888888888888888888888888888888888888888888888888888886666677666666668888888888888888888888888888888866666688666668888888888888888888888888888888888888888888888888888888888888
8888888888888888886666688888888888888888888888888888888888888888888888886666668888888888888888888888888888888888888888888888888888888888886666667766666666888888888888888888888888888666688888888666688888888888888888888888888888888888888888888888888888888888
8888888888888888886666688888888888888888888888888888888888888888888888886666668888888888888888888888888888888888888888888888888888888888888666667666666666668888888888666666666666666666688888888866668888888888888888888888888888888888888888888888888888888888
8888888888888888888666688888888888888888888888888888888888888888888888866666668888888888888888888888888888888888888888888888888888888888888666666666666666666668888888666666666666666666688888888866666888888888888888888888888888888888888888888888888888888888
8888888888888888888888888888888888888888888888888888888888888888866666666888888888888888888888888888888888888888888888888888888888888888888866666666666666666666666666666666666666666666688888888886666688888888888888888888888888888888888888888888888888888888
8888888888888888888888886666866668888888888888888888888888888888866666666888888888888888888888888888888888888888888888888888888888888888888886666666666666666666666666666666666666666666666666888886666668888888888888888888888888888888888888888888888888888888
8888888888888888888888886666866668888888888888888888888888888888866666668888888888888888888888888888888888888888888888888888888888888888888886666666666666666666666666666688866666666666666666888886666666688888888888888888888888888888888888888888888888888888
8888888888888888888888888888888888888888888888888888888866666666668888888888888888888888888888888888888888888888888888888888888888888888888888866666666667776666666888888888888866666666666666688886666666668888888888888888888888888888888888888888888888888888
8888888888888888888888888888888888666666666888888888888666666666688888888888888888888888888888888888888888888888888888888888888888888888888888886666666666666688888888888888888888888888866666666666666666666668888888888888888888888888888888888888888888888888
8888888888888888888888888888888888666666666666666666666666666666888888888888888888888888888888888888888888888888888888888888888888888888888888886666666666666888888888888888888888888888888888666666666666666666888888888888888888888888888888888888888888888888
8888888888888888888888888888888888888888866666666666666666666888888888888888888888888888888888888888888888888888888888888888888888888888888888886666666666688888888888888888888888888888888888666666666777666666688888888888888888888888888888888888888888888866
8888888888888888888888888888888888888888888666666666666666666888888888888888888888888888888888888888888888888888888888888888888888888888888888886666777766888888888888888888888888888888888888866666667777766666666888888888888888888888888888888888888888888666
8888888888888888888888888888888888888888888888666666666666666888888888888888888888888888888888888888888888888888888888888888888888888888888888886666776666888888888888888888888888888888888888888866666666666666666666688888888888888888888888888888888888886666
8888888888888888888888888888888888888888888888866666666666668888888888888888888888888888888888888888888888888888888888888888888888888888888888886667776666888888888888888888888888888888888888888888866666667666666666688888888888888888886666666666666666666666
8888888888888888888888888888888888888888888888886666666666668888888888888888888888888888888888888888888888888888888888888888888888888888888888886667776666888888888888888888888888888888888888888888866666666666666666668888888888888888886666666666666666666666
8888888888888888888888888888888888888888888888888886666666666888888888888888888888888888888888888888888888888888888888888888888888888888888888666666666666888888888888888888888888888888888888888888888666666666666666666666888888888888866666666666888888888888
8888888888888888888888888888888888888888888888888888888666666688888888888888888888888888888888888888888888888888888888888888888888888888888886666666666666888888888888888888888888888888888888888888888888666666666777766666666666666666666666666668888888888888
8888888888888888888888888888888888888888888888888888888866666688888888888888888888888888888888888888888888888888888888888888888888888888888866666666666666888888888888888888888888888888888888888888888888886666666677766666666666666666666666666668888888888888
8888888888888888888888888888888888888888888888888888888888666666888888888888888888888888888888888888888888888888888888888888888888888888888666666666666666666688888888888888888888888888888888888888888888888866666677777666666666666666668888888888888888888888
8888888888888888888888888888888888888888888888888888888888888666666688888888888888888888888888888888888888888888888888888888888888888888666666666666666666666666666888888888888888888888888888888888888888888888666677777776666666666888888888888888888888888888
8888888888888888888888888888888888888888888888888888888888888666666668888888888888888888888888888888888888888888888888888888888888888886666666666666666666666666666688888888888888888888888888888888888888888888666666677777666666666888888888888888888888888888
8888888888888888888888888888888888888888888888888888888888888866666668888888888888888888888888888888888888888888888888888888888888888886666666688888888888866666666688888888888888888888888888888888888888888888666666677777776666666888888888888888888888888888
8888888888888888888888888888888888888888888888888888888888888888888866668888888888888888888888888888888888888888888888888888888888666666668888888888888888888888666666668888888888888888888888888888888888888666666666666666666666666688888888888888888888888888
8888888888888888888888888888888888888888888888888888888888888888888866666888888888888888888888888888888888888888888888888888888888666666688888888888888888888888866666666888888888888888888888888888888666666666666666666666666676666668888888888888888888888888
8888888888888888888888888888888888888888888888888888888888888888888886666888888888888888888888888888888888888888888888888888888666666666888888888888888888888888888666666666888888888888888888888888888666666668666666666666666666666666688888888888888888888888
8888888888888888888888888888888888888888888888888888888888888888888888666666688888888888888888888888888888888888888888888888886666688888888888888888888888888888888888666666688888888888888888866666666688888888888888888866666666666666666688888888888888888888
8888888888888888888888888888888888888888888888888888888888888888888888666666668888888888888888888888888888888888888888888866666666888888888888888888888888888888888888666666666666666666666666666666666688888888888888888886666666666666666668888888888888888888
8888888888888888888888888888888888888888888888888888888888888888888888866666668888888888888888888888888888888888888888888666666688888888888888888888888888888888888888888866666666666666666666666668888888888888888888888888886666666666666766668888888888888888
8888888888888888888888888888888888888888888888888888888888888888888888866666666888888888888888888888888888888888888888886666666888888888888888888888888888888888888888888888666666666666666888888888888888888888888888888888888666666667776766666668888888888888
8888888888888888888888888888888888888888888888888888888888888888888888866666666888888888888888888888888888888888886666666666888888888888888888888888888888888888888888888888666666666666688888888888888888888888888888888888888888866666666666666666688888888888
8888888888888888888888888888888888888888888888888888888888888888888888866666666688888888888888888888888888888888666666666688888888888888888888888888888888888888888888888888886666666668888888888888888888888888888888888888888888886666666666666666666888888888
8888888888888888888888888888888888888888888888888888888888888888888886666666666666666666688888888888888888866666666668888888888888888888888888888888888888888888888888888888888666666888888888888888888888888888888888888888888888888866666666666667766666666668
8888888888888888888888888888888888888888888888888888888888888888888866666666666666666666688888888888888888666666666668888888888888888888888888888888888888888888888888888888888666666888888888888888888888888888888888888888888888888888866666666666766666666666
8888888888888888888888888888888888888888888888888888888888888888886666666666666666666666666888888888888866666666666688888888888888888888888888888888888888888888888888888888888886666888888888888888888888888888888888888888888888888888886666666666666666666666
8888888888888888888888888888888888888888888888888888888888888666666666666666666666666666666666666666666666666668888888888888888888888888888888888888888888888888888888888888888888666688888888888888888888888888888888888888888888888888888666666666666666666666
8888888888888888888888888888888888888888888888888888888888888666666666888886666666666666666666666666666666666668888888888888888888888888888888888888888888888888888888888888888888666688888888888888888888888888888888888888888888888888888886666666667666666666
8888888888888888888888888888888888888888888888888888888888666888888888888888888666666666666666666666666688888888888888888888888888888888888888888888888888888888888888888888888888666666688888888888888888888888888888888888888888888888888888666666666666666666
8888888888888888888888888888888888888888888888888888888886668888888888888888888888666666666666666666668888888888888888888888888888888888888888888888888888888888888888888888888888888666688888888888888888888888888888888888888888888888888888886666666666666767
8888888888888888888888888888888888888888888888888888866666888888888888888888888888886666666666666666688888888888888888888888888888888888888888888888888888888888888888888888888888888866666888888888888888888888888888888888888888888888888888888666666666666777
8888888888888888888888888888888888888888888888888888666666888888888888888888888888886666666666666668888888888888888888888888888888888888888888888888888888888888888888888888888888888866666688888888888888888888888888888888888888888888888888888886666666666777
8888888888888888888888888888888888888888888888888888888888888888888888888888888888886666666666666688888888888888888888888888888888888888888888888888888888888888888888888888888888888888866666888888888888888888888888888888888888888888888888888886666666666777
8888888888888888888888888888888888888888888888866668888888888888888888888888888888866666666666688888888888888888888888888888888888888888888888888888888888888888888888888888888888888888888666888888888888888888888888888888888888888888888888888886666666677777
8888888888888888888888888888888888888888888888666688888888888888888888888888888886666666666666688888888888888888888888888888888888888888888888888888888888888888888888888888888888888888888866888888888888888888888888888888888888888888888888888888666666677777
8888888888888888888888888888888888888888886668888888888888888888888888888888888866666666666666888888888888888888888888888888888888888888888888888888888888888888888888888888888888888888888888888888888888888888888888888888888888888888888888888888666666666777
8888888888888888888888888888888888888888866668888888888888888888888888888888888866666666668888888888888888888888888888888888888888888888888888888888888888888888888888888888888888888888888888666688888888888888888888888888888888888888888888888888866666666777
8888888888888888888888888888888888888866688888888888888888888888888888888888888666666666688888888888888888888888888888888888888888888888888888888888888888888888888888888888888888888888888888666668888888888888888888888888888888888888888888888888886666666777
8888888888888888888888888888888888888888888888888888888888888888888888888888888666677666688888888888888888888888888888888888888888888888888888888888888888888888888888888888888888888888888888886668888888888888888888888888888888888888888888888888888666666776
8888888888888888888888888888888888888888888888888888888888888888888888888888866666677666888888888888888888888888888888888888888888888888888888888888888888888888888888888888888888888888888888888888888888888888888888888888888888888888888888888888888666666666
6666668888888888888888888888888888888888888888888888888888888888888888888886666666666668888888888888888888888888888888888888888888888888888888888888888888888888888888888888888888888888888888888886666888888888888888888888888888888888888888888888888666666766
6666668888888888888666666666888888888888888888888888888888888888888888888866666777666668888888888888888888888888888888888888888888888888888888888888888888888888888888888888888888888888888888888886666688888888888888888888888888888888888888888888888666666666
6666668888888888888866688888888888888888888888888888888888888888888888866666666666666666888888888888888888888888888888888888888888888888888888888888888888888888888888888888888888888888888888888888886668888888888888888888888888888888888888888888886666666666
8888888666666666688888888888888888888888888888888888888888888888888888676666666666666666666688888888888888888888888888888888888888888888888888888888888888888888888888888888888888888888888888888888888666668888888888888888888888888888888888888888866666666666
8888888666666666688888888888888888888888888888888888888888888888888888666666666666666666666688888888888888888888888888888888888888888888888888888888888888888888888888888888888888888888888888888888888666666888888888888888888888888888888888888888866666666668
8888888666666666688888888888888888888888888888888888888888888888888888666666666668886666666668888888888888888888888888888888888888888888888888888888888888888888888888888888888888888888888888888888888886666888888888888888888888888888888888888888666666666688
8888888888888886666666666888888888888888888888888888888888888886666666888888888888888888666666666688888888888888888888888888888888888888888888888888888888888888888888888888888888888888888888888888888888666666688888888888888888888888888888888886666666668888
8888888888888886666666666666666666666688888888888888888888888886666666888888888888888888888866666666666888888888888888888888888888888888888888888888888888888888888888888888888888888888888888888888888888866666688888888888888888888888888888888886666666688888
8888888888888888666666666666666666666668888888888888888888888866666666888888888888888888888886666666666888888888888888888888888888888888888888888888888888888888888888888888888888888888888888888888888888888666688888888888888888888888888888888866666666688888
8888888888888888888888888888888888888866666666666666666666666666888888888888888888888888888888888888888666688888888888888888888888888888888888888888888888888888888888888888888888888888888888888888888888888886666666888888888888888888888888866666666666888888
8888888888888888888888888888888888888866666666666666666666666666888888888888888888888888888888888888888666666666888888888888888888888888888888888888888888888888888888888888888888888888888888888888888888888888666666688888888888888888888888866666666666888888
8888888888888888888888888888888888888866666666666666666666666666888888888888888888888888888888888888888666666666688888888888888888888888888888888888888888888888888888888888888888888888888888888888888888888888866666666888888888888888888888666666666666888888
8888888888888888888888888888888888888888888666667777666666888888888888888888888888888888888888888888888888866666688888888888888888888888888888888888888888888888888888888888888888888888888888888888888888888888866666666668888888888888886666666666776666888888
8888888888888888888888888888888888888888888886667777766668888888888888888888888888888888888888888888888888888888866668888888888888888888888888888888888888888888888888888888888888888888888888888888888888888888866666666668888888888888886666666666766666888888
8888888888888888888888888888888888888888888886667777776688888888888888888888888888888888888888888888888888888888866666666688888888888888888888888888888888888888888888888888888888888888888888888888888888888888666666666666666666666666666666777776666666888888
8888888888888888888888888888888888888888888886666666666888888888888888888888888888888888888888888888888888888888866666666688888888888888888888888888888888888888888888888888888888888888888888888888888888888666666666666666666666666666666666777776666666888888
8888888888888888888888888888888888888888888886666666668888888888888888888888888888888888888888888888888888888888888886666688888888888888888888888888888888888888888888888888888888888888888888888888888888888666666688888888886666666666666666777776666666688888
8888888888888888888888888888888888888888886666666688888888888888888888888888888888888888888888888888888888888888888888888866666888888888888888888888888888888888888888888888888888888888888888888888888888666866888888888888888888886666666666666666666666666668
8888888888888888888888888888888888888888866666668888888888888888888888888888888888888888888888888888888888888888888888888866666666688888888888888888888888888888888888888888888888888888888888888888888886666888888888888888888888886666666666666666666666666666
8888888888888888888888888888888888888888866666668888888888888888888888888888888888888888888888888888888888888888888888888866666666688888888888888888888888888888888888888888888888888888888888888888888886666888888888888888888888888666666666666666666666666666
8888888888888888888888888888888888888888666688888888888888888888888888888888888888888888888888888888888888888888888888888888888886668888888888888888888888888888888888888888888888888888888888888888888886688888888888888888888888888866666666888888888866666666
8888888888888888888888888888888888888866666888888888888888888888888888888888888888888888888888888888888888888888888888888888888888866668888888888888888888888888888888888888888888888888888888888886666688888888888888888888888888888866666668888888888888886666
8888888888888888888888888888888888888866666888888888888888888888888888888888888888888888888888888888888888888888888888888888888888866668888888888888888888888888888888888888888888888888888888888886666688888888888888888888888888888866666668888888888888888666
8888888888888888888888888888888888888866668888888888888888888888888888888888888888888888888888888888888888888888888888888888888888866668888888888888888888888888888888888888888888888888888888866668888888888888888888888888888888888666688888888888888888888886
8888888888888888888888888888886666666668888888888888888888888888888888888888888888888888888888888888888888888888888888888888888888888866666688888888888888888888888888888888888888888888886666666668888888888888888888888888888888886668888888888888888888888888
8888888888888888888888888888886666666688888888888888888888888888888888888888888888888888888888888888888888888888888888888888888888888866666688888888888888888888888888888888888888888888886666666668888888888888888888888888888888886668888888888888888888888888
8888888888888888888888888888886666666688888888888888888888888888888888888888888888888888888888888888888888888888888888888888888888888886666688888888888888888888888888888888888888888888866666688888888888888888888888888888888888886668888888888888888888888888
8888888888888888888888888666666666666888888888888888888888888888888888888888888888888888888888888888888888888888888888888888888888888888888666668888888888888888888888888888888888666666688888888888888888888888888888888888888888688888888888888888888888888888
8888888888888888888888886666666776688888888888888888888888888888888888888888888888888888888888888888888888888888888888888888888888888888888666668888888888888888888888888888888886666666688888888888888888888888888888888888888666688888888888888888888888888888
8888888888888888888888866666666666688888888888888888888888888888888888888888888888888888888888888888888888888888888888888888888888888888888866666888888888888888888888888888888886666666688888888888888888888888888888888888888666688888888888888888888888888888
8888888888888888888866666666888886666888888888888888888888888888888888888888888888888888888888888888888888888888888888888888888888888888888888666666888888888888888888888888666666888888888888888888888888888888888888888888888668888888888888888888888888888888
8888888888888888888666666666888886666888888888888888888888888888888888888888888888888888888888888888888888888888888888888888888888888888888888866666688888888888888888888886666666888888888888888888888888888888888888888888888888888888888888888888888888888888
8888888888888886666666666888888888666666888888888888888888888888888888888888888888888888888888888888888888888888888888888888888888888888888888886666666668888888888888666666688888888888888888888888888888888888888888888888888888888888888888888888888888888888
8888888888888666666668888888888888866666688888888888888888888888888888888888888888888888888888888888888888888888888888888888888888888888888888888886666666688888886666666666888888888888888888888888888888888888888888888888888888888888888888888888888888888888
8888888888888666666668888888888888886666688888888888888888888888888888888888888888888888888888888888888888888888888888888888888888888888888888888886666666668888886666666666888888888888888888888888888888888888888888888888888888888888888888888888888888888888
