8888888888888888888888888888888888888888888888888888888888888888888888888888888888888888888666667766688888888888888888888888886666668888888888888866666666668888888888888888888888888888888888888888888888888866667777666688888888888888888888888888888888888888
8888888888888888888888888888888888888888888888888888888888888888888888888888888888888888888666667766688888888888888888888888886666688888888888888866666666668888888888888888888888888888888888888888888888888866667777666688888888888888888888888888888888888888
8888888888888888888888888888888888888888888888888888888888888888888888888888888888888888888886666766668888888888888888888888888888888888888888888888886666666888888888888888888888888888888888888888888888888666777766668888888888888888888888888888888888888888
8888888888888888888888888888888888888888888888888888888888888888888888888888888888888888888886666677766888888888888888888866668888888888888888888888888886666668888888888888888888888888888888888888888888886777776666688888888888888888888888888888888888888888
8888888888888888888888888888888888888888888888888888888888888888888888888888888888888888888888886666666666888888888888888866668888888888888888888888888888666666888888888888888888888888888888888888888886666776666688888888888888888888888888888888888888888888
8888888888888888888888888888888888888888888888888888888888888888888888888888888888888888888888888666677776666888888888866666688888888888888888888888888888866666768888888888888888888888888888888888888666777776666888888888888888888888888888888888888888888888
8888888888888888888888888888888888888888888888888888888888888888888888888888888888888888888888888866666777666688888886666666688888888888888888888888888888866666666888888888888888888888888888888888886666777776668888888888888888888888888888888888888888888888
8888888888888888888888888888888888888888888888888888888888888888888888888888888888888888888888888886666667777766666667666666888888888888888888888888888888866666667778888888888888888888888888888888866777776666688888888888888888888888888888888888888888888888
8888888888888888888888888888888888888888888888888888888888888888888888888888888888888888888888888888886666777766666666666888888888888888888888888888888888866666666666666668888888888888888888888666667777776666888888888888888888888888888888888888888888888888
8888888888888888888888888888888888888888888888888888888888888888888888888888888888888888888888888888888666667777776666666888888888888888888888888888888888866666666666666668888888888888888888866677777777666668888888888888888888888888888888888888888888888888
8888888888888888888888888888888888888888888888888888888888888888888888888888888888888888888888888888888886667777777666666888888888888888888888888888888886666666666666666666666668888886666666666677777777666668888888888888888888888888888888888888888888888888
8888888888888888888888888888888888888888888888888888888888888888888888888888888888888888888888888888888888666667777666666888888888888888888888888888888886666688888886666666666666666666666666666777777777666668888888888888888888888888888888888888888888888888
8888888888888888888888888888888888888888888888888888888888888888888888888888888888888888888888888888888888886666777666666888888888888888888888888888888888888888888888886666666677776666677777777766667777666668888888888888888888888888888888888888888888888888
8888888888888888888888888888888888888888888888888888888888888888888888888888888888888888888888888888888888886666677666666888888888888888888888888888888888888888888888888888666677777777777766666666666677666668888888888888888888888888888888888888888888888888
6668888888888888888888888888888888888888888888888888888888888888888888888888888888888888888888888888888888888866666776666688888888888888888888888888888888888888888888888888886666667777766666666666666666666668888888888888888888888888888888888888888888888888
6666688888888888888888888888888888888888888888888888888888888888888888888888888888888888888888888888888888888886666776666668888888888888888888888888888888888888888888888888888666666776666668888888866666666666888888888888888888888888888888888888888888888888
6666668888888888888888888888888888888888888888888888888888888888888888888888888888888888888888888888888888888886666777666666688888888888888888888888888888888888888888888888888886666666666688888888888666666666688888888888888888888888888888888888888888888888
6666666688888888888888888888888888888888888888666688888888888888888888888888888888888888888888888888888888888888666677776666668888888888888888888888888888888888888888888888888886666666668888888888888888886666666888888888888888888888888888888888888888888888
6666666668888888888888888888888888888888888866666668888888888888888888888888888888888888888888888888888888888888666667776666666668888888888888888888888888888888888888888888888888666666668888888888888888888666666688888888888888888888888888888888888888888888
6776666666668888888888888888888888888888888666666666668888888888888888888888888888888888888888888888888888888888866666777766666666668888888888888888888888888888888888888888888888866668888888888888888888888888666668888888888888888888888888888888888888888888
6776666666668888888888888888888888888888886666666666666888888888888888888888888888888888888888888888888888888888866666677776666666666888888888888888888888888888888888888888888888886668888888888888888888888888886668888888888888888888888888888888888888888888
7777766666666888888888888888888888888888866666777776666888888888888888888888888888888888888888888888888888888888866667777777766666666888888888888888888888888888888888888888888888888688888888888888888888888888888866888888888888888888888888888888888888888888
7777776666666666668888888888888888888866666666777766666688888888888888888888888888888888888888888888888888888888666667777777766666668888888888888888888888888888888888888888888888888888888888888888888888888888888886688688888888888888888888888888888888888888
7777777776666666666666888888888888888888888888866666666666688888888888888888888888888888888888888888888888888886666777777776666666888888888888888888888888888888888888888888888888888888888888888888888888888888888888866666888888888888888888888888888888888888
7777777777666666666666666668888888888888888888888886666666666688888888888888888888888888888888888888888888888866666777777776666688888888888888888888888888888888888888888888888888888888888888888888888888888888888888866766666888888888888888888888888888888888
7777777777777776666666666668888888888888888888888886666666666688888888888888888888888888888888888888888888888666667777777766666688888888888888888888888888888888888888888888888888888888888888888888888888888888888888866666666888888888888888888888888888888888
7777777777777777777666666888888888888888888888888888886666666666688888888888888888888888888888888888888888886666777777777666666888888888888888888888888888888888888888888888888888888888888888888888888888888888888888886667776666688888888888888888888888888888
7777777777777777666666888888888888888888888888888888888888666666668888888888888888888888888888888888888888666667777777777666666688888888888888888888888888888888888888888888888888888888888888888888888888888888888888888666776666668888888888888888888888888888
7777777777777777666668888888888888888888888888888888888888888666666888888888888888888888888888888888888666667777777777777666666688888888888888888888888888888888888888888888888888888888888888888888888888888888888888888666667777666666888888888888888888888888
7777777777777766666668888888888888888888888888888888888888888888868888888888888888888888888888888888866666677777777777777766666688888888888888888888888888888888888888888888888888888888888888888888888888888888888888888666667777666666688888888888888888888888
7777777777777766666688888888888888888888888888888888888888888888888888666888888888888888888888888888666666677766666666777776666668888888888888888888888888888888888888888888888888888888888888888888888888888888888888888666666777766666668888888888888888888888
7777777777777766666688888888888888888888888888888888888888888888888888866668888888888888888888888886666666666666666666667777666668888888888888888888888888888888888888888888888888888888888888888888888888888888888888888666666666677777666666868888888888888888
7777777777777766666668888888888888888888888888888888888888888888888888886666688888888888888888888866666666666666666666667777666666888888888888888888888888888888888888888888888888888888888888888888888888888888888888888666666666667777666666668888888888888688
7777666666666666666668888888888888888888888888888888888888888888888888888888666666666666666666666666666666666666666666666666777666668888888888888888888888888888888888888888888888888888888888888888888888888888888888866666668866666666667776666666666666666666
7776666666666666666666688888888888888888888888888888888888888888888888888888666666666666666666676666666668888888888866666666677766666888888888888888888888888888888888888888888888888888888888888888888888888888888866666668888888886666667777776666666666666666
6666666666666666666666668888888888888888888888888888888888888888888888888888886666666666677777776666666888888888888886666666666777666688888888888888888888888888888888888888888888888888888888888888888888888888888866688888888888888866666667777777666666666666
6666666666666666688666668888888888888888888888888888888888888888888888888888886666666777777776666688888888888888888888888666666777666688888888888888888888888888888888888888888888888888888888888888888888888888888666688888888888888888666667777777666677766666
6666668888888888888866666688888888888888888888888888888888888888888888888888888666666777777766666688888888888888888888888886666666676668888888888888888888888888888888888888888888888888888888888888888888888888888888888888888888888888886666777777777777666666
6668888888888888888888666668888888888888888888888888888888888888888888888888888886666777776668888888888888888888888888888888888866677666888888888888888888888888888888888888888888888888888888888888888888888888888888888888888888888888888866667777777766666666
6668888888888888888888888886668888888888888888888888888888888888888888888888888888666777766888888888888888888888888888888888888886667666688888888888888888888888888888888888888888888888888888888888888888888888888888888888888888888888888886666677777766666666
8888888888888888888888888886666688888888888888888888888888888888888888888888888888666776668888888888888888888888888888888888888888666666668888888888888888888888888888888888888888888888888888888888888888888888888888888888888888888888888886666667766688888888
8888888888888888888888888888666668888888888888888888888888888888888888888888888888866776688888888888888888888888888888888888888888866666666888888888888888888888888888888888888888888888888888888888888888888888888888888888888888888888888888666667766688888888
8888888888888888888888888888888868888888888888888888888888888888888888888888888888666666888888888888888888888888888888888888888888886666666666888888888888888888888888888888888888888888888888888888888888888888888888888888888888888888888888866666666888888888
8888888888888888888888888888888866666868888888888888888888888888888888888888888886666666888888888888888888888888888888888888888888888666776666888888888888888888888888888888888888888888888888888886666888888888888888888888888888888888888888866666668888888888
8888888888888888888888888888888886666666688888888888888888888888888888888888888886666668888888888888888888888888888888888888888888888666666666688888888888888888888888888888888888888888888888886666666888888888888888888888888888888888888888866666688888888888
8888888888888888888888888888888888666677666888888888888888888888888888888888888666666668888888888888888888888888888888888888888888888866667766666888888888888888888888888888888888888888888888888886688888888888888888888888888888888888888888666666888888888888
8888888888888888888888888888888888866677666688888888888888888888888888888888886666666888888888888888888888888888888888888888888888888886666766666688888888888888888888888888888888888888888888888888888888888888888888888888888888888888888888866668888888888888
8888888888888888888888888888888888886667776688888888888888888888888888888888866666688888888888888888888888888888888888888888888888888888666677666668888888888888888888888888888888888888888888888888888888888888888888888888888888888888888888886668888888888888
8888888888888888888888888888888888888666677666888888888888888888888888888888666666888888888888888888888888888888888888888888888888888888866667766666888888888888888888888888888888888888866668888888888888888888888888888888888888888888888888886888888888888888
8888888888888888888888888888888888888666667776688888888888888888888888888886766668888888888888888888888888888888888888888888888888888888866666777666666888888888888888888888888888888866666688888888888888888888888888888888888888888888888888866888888888888888
8888888888888888888888888888888888888866667776666888888888888888888888888866766668888888888888888888888888888888888888888888888888888888886666677766666688888888888888888888888888888866666888888888888888888888888888888888888888888888888888866888888888888888
8888888888888888888888888888888888888866666666666668888888888888888888886666666668888888888888888888888888888888888888888888888888888888888666666776666688888888888888888888888888888866668888888888888888888888888888888888888888888888888888668888888888888888
8888888888888888888888888888888888888866666666776666888888888888888866666677666888888888888888888888888888888888888888888888888888888888888866666777666668888888888888888888888888666688888888888888888888888888888888888888888888888888888886688888888888888888
8888888888888888888888888888888888888666666666666666666688888888888666666777666888888888888888888888888888888888888888888888888888888888888886666667777666688888888888888888888886666688888888888888888888888888888888888888888888888888888886668888888888888888
8888888888888888888888888888888888888666666666666667777666668888886666677777666888888888888888888888888888888888888888888888888888888888888886666667777766666688888888888888886666666888888888888888888888888888888888888888888888888888888886668888888888888888
8888888888888888888888888888888888888888888888866667776666666666666666677776668888888888888888888888888888888888888888888888888888888888888886666667777766666666888888888888866666668888888888888888888888888888888888888888888888888888888886666888888888888888
8888888888888888888888888888888888888888888888888666666677766666666777777766688888888888888888888888888888888888888888888888888888888888888886666666777777777666666666666666666666888888888888888888888888888888888888888888888888888888888886666688888888888888
8888888888888888888888888888888888888888888888888886666677766666667777777666688888888888888888888888888888888888888888888888888888888888888888666666667777777666666666666666666668888888888888888888888888888888888888888888888888888888888886676668888888888888
8888888888888888888888888888888888888888888888888888866666777777777777776666688888888888888888888888888888888888888888888888888888888888888888866666667777777777766666666677766688888888888888888888888888888888888888888888888888888888888866777666888888888888
8888888888888888888888888888888888888888888888888888888666677777777777766666688888888888888888888888888888888888888888888888888888888888888888886666666677777777776677776666666688888888888888888888888888888888888888888888888888888888886666777776888888888888
8888888888888888888888888888888888888888888888888888888666666667777777776666688888888888888888888888888888888888888888888888888888888888888888888666666666777777777777776666666688888888888888888888888888888888888888888888888888888888866666666666888888888888
8888888888888888888888888888888888888888888888888888888866666666777777776666688888888888888888888888888888888888888888888888888888888888888888888866666666777777777777776666666688888888888888888888888888888888888888888888888888888888666666666666888888888666
8888888888888888888888888888888888888888888888888888888888666666677777777666668888888888888888888888888888888888888888888888888888888888888888888886666666677777777777776666666688888888888888888888888888888888888888888888888888888888666666666688888888888666
6688888888888888888888888888888888888888888888888888888888886666667777777766666888888888888888888888888888888888888888888888888888888888888888888888666666666777777777777766666668888888888888888888888888888888888888888888888888886676666666888888888888888866
6666888888888888888888888888888888888888888888888888888888888666666667777777666668888888888888888888888888888888888888888888888888888888888888888888866666666677777777777777666666888888888888888888888888888888888888888888888888667776666888888888888888888888
6666888888888888888888888888888888888888888888888888888888888866666667777777666666888888888888888888888888888888888888888888888888888888888888888888886666666777777777777777776666666888888888888888888888888888888888888888886666676666668888888888888888888888
8666888888888888888888888888888888888888888888888888888888888888866666777777666666688888888888888888888888888888888888888888888888888888888888888888886666666777777777777777777666666888888888888888888888888888888888888866666777776666888888888888888888888888
8888888888888888888888888888888888888888888888888888888888888888886666677777766666668888888888888888888888888888888888888888888888888888888888888888886666666777777777777777777777666666888888888888888888888888888888886666666766666888888888888888888888888888
8888888888888888888888888888888888888888888888888888888888888888888666666777776666666688888888888888888888888888888888888888888888888888888888888888886666677777777777666666666777776666688888888888888888888888888666666666667766668888888888888888888888888888
8888888888888888888888888888888888888888888888888888888888888888888666666777777766666668888888888888888888888888888888888888888888888888888888888888866666777777776666666666666666666666668888888888888888888888886666666666666666688888888888888888888888888888
8888886688888888888888888888888888888888888888888888888888888888888886666777777766666666888888888888888888888888888888888888888888888888888888888888866666777776666666666666666666666668888888888888888888888888866666677777766668888888888888888888888888888888
8888866668888888888888888888888888888888888888888888888888888888888886666667777777776666888888888888888888888888888888888888888888888888888888888888666676777776666666666688888888888888888888888888888888888866666666777776666688888888888888888888888888888888
8888866668888888888888888888888888888888888888888888888888888888888888666666777777776666888888888888888888888888888888888888888888888888888888888886666677776666666666668888888888888888888888888888888888888667767777777776666688888888888888888888888888888888
8888866668888888888888888888888888888888888888888888888888888888888888666666777777776666688888888888888888888888888888888888888888888888888888888866667777766666666666888888888888888888888888888888888888888677777777777766668888888888888888888888888888888888
8888866668888888888888888888888888888888888888888888888888888888888888666666777777777676668888888888888888888888888888888888888888888888888888888666667777766666688888888888888888888888888888888888888888888677777777776666668888888888888888888888888888888888
8888866668888888888888888888888888888888888888888888888888888888888888666666777766666666668888888888888888888888888888888888888888888888888888866666777766666688888888888888888888888888888888888888888888888886667777766666888888888888888888888888888888888888
8888886668888888888888888888888888888888888888888888888888888888888888666666777766666666688888888888888888888888888888888888888888888888888886666667777666668888888888888888888888888888888888888888888888888888666777766666888888888888888888888888888888888888
8888886668888888888888888888888888888888888888888888888888888888888888666667776666668888888888888888888888888888888888888888888888888888888886666777766666888888888888888888888888888888888888888888888888888888866667766666888888888888888888888888888888888888
8888886668888888888888888888888888888888888888888888888888888888888888666677776666888888888888888888888888888888888888888888888888888888888666666777666668888888888888888888888888888888888888888888888888888888866667766666888888888888888888888888888888888888
8888866666888888888888888888888888888888888888888888888888888888888888666777666668888888888888888888888888888888888888888888888888888888866666677776666688888888888888888888888888888888888888888888888888888888888666667666888888888888888888888888888888888888
8888866666688888888888888888888888888888888888888888888888888888888886666777666888888888888888888888886888888888888888888888888888888888666666677776666688888888888888888888888888888888888888888888888888888888888866667666888888888888888888888888888888888888
8888866666668888888888888888888888888888888888888888888888888888888886666666668888888888888888888888886666888888888888888888888888888888666677777766666888888888888888888888888888888888888888888888888888888888888886666666888888888888888888888888888888888888
8888666777766668888888888888888888888888888888888888888888888888888666677666688888888888888888888888888666688888888888888888888888888866667777776666668888888888888888888888888888888888888888888888888888888888888888866666888888888888888888888888888888888888
8886667777776666888888888888888888888888888888888888888888888888886666777666888888888888888888888888888866668888888888888888888888886666677777766666688888888888888888888888888888888888888888888888888888888888888888866666688888888888888888888888888888888888
8866677666666666668668888888888888888888888888888888888888888888866667766666888888888888888888888888888888666688888888888888888888666667777777766666888888888888888888888888888888888888888888888888888888888888888888866666668888888888888888888888888888888888
6666666666666666866666888888888888888888888888888888888888888886666777666668888888888888888888888888888888888888888888888888888886666677777777766666888888888888888888888888888888888888888888888888888888888888888888888666668888888888888888888888888888888888
6666666666666688886666668888888888888888888888888888888888888866667776666688888888888888888888888888888888888886688888888888888866666677777777766666888888888888888888888888888888888888888888888888888888888888888888888666666888888888888888888888888888888888
6666666688888888888666666688888888888888888888888888888888888666677776688888888888888888888888888888888888888886666888888888886666666666666677777666888888888888888888888888888888888888888888888888888888888888888888888666666888888888888888888888888888888888
6668868888888888888888666666888888888888888888888888888888886666677776688888888888888888888888888888888888888888666866666666666666666666666677777666688888888888888888888888888888888888888888888888888888888888888888888666666688888888888888888888888888888888
6688888888888888888888886666666666668888888888888888888866666677777666888888888888888888888888888888888888888888888866666667766666666666666666777776666888888888888888888888888888888888888888888888888888888888888888886666677666888888888888888888888888888888
6688888888888888888888886666666666666888888888888888888666666777776666888888888888888888888888888888888888888888888866666677766666666666666666666776666688888888888888888888888888888888888888888888888888888888888888866666677666688888888888888888888888888888
6888888888888888888888886666677776666666688888888888866667777777776666888888888888888888888888888888888888888888888866666677766666666888888666666667766688888888888888888888888888888888888888888888888888888888888888866666667776668888888888888888888888888888
8888888888888888888888886666667777766666668888888886667777777777776666888888888888888888888888888888888888888888888866666666668888888888888886666667776668888888888888888888888888888888888888888888888888888888888888666666666777666688888888888888888888888888
8888888888888888888888886666667777766666668888888886666667777777776666888888888888888888888888888888888888888888888886666668888888888888888888886666667766688888888888888888888888888888888888888888888888888888888886666666666677766668888888888888888888888888
8888888888888888888888886666666666666666888888888888666666666666777666688888888888888888888888888888888888888888888886666668888888888888888888888888866766668888888888888888888888888888888888888888888888888888888888666666666666666666888888888888888888888888
8888888888888888888888886666666666666666688888888886666666666666677766668888888888888888888888888888888888888888888886666688888888888888888888888888866777668888888888888888888888888888888888888888888888888888888888888666888666666666888888888888888888888888
8888888888888888888888886666666668888888888888888888888888886666667776668888888888888888888888888888888888888888888886666888888888888888888888888888886666666888888888888888888888888888888888888888888888888888888888888888888888866666688888888888888888888888
8888888888888888888888888888888888888888888888888888888888888666667777666888888888888888888888888888888888888888888886666688888888888888888888888888888666666688888888888888888888888888888888888888888888888888888888888888888888888666768888888888888888888888
6888888888888888888888888888888888888888888888888888888888888866666666776668888888888888888888888888888888888888888666666888888888888888888888888888888886666668888888888888888888888888888888888888888888888888888888888888888888888888886668888888888888888888
6668888888888888888888888888888888888888888888888888888888888888666667777666688888888888888888888888888888888888886666668888888888888888888888888888888886666668888888888888888888888888888888888888888888888888888888888888888888888888867776688888888888888888
6666688888888888888888888888888888888888888888888888888888888888886666677666668888888888888888888888888888888888866666688888888888888888888888888888888888666666688888888888888888888888888888888888888888888888888888888888888888888888886666666666888888888888
6666666688888888888888888888888888888888888888888888888888888888888666677776668888888888888888888888888888888888868888888888888888888888888888888888888888886666668888888888888888888888888888888888888888888888888888888888888888888888888886777776666888888888
6677777668888888888888888888888888888888888888888888888888888888888886666676666888888888888888888888888888888888888888888888888888888888888888888888888888888867766688888888888888888888888888888888888888888888888888888888888888888888888886666667666668888868
7777777768888888888888888888888888888888888888888888888888888888888888666667766688888888888888888888888888888888888888888888888888888888888888888888888888888886766688888888888888888888888888888888888888888888888888888888888888888888888888866667777776666666
7777777666888888888888888888888888888888888888888888888888888888888888888666776668888888888888888888888888888888888888888888888888888888888888888888888888888886666666888888888888888888888888888888888888888888888888888888888888888888888888886666667776666666
7777766666888888888888888888888888888888888888888888888888888888888888888886677778888888888888888888888888886668888888888888888888888888888888888888888888888888866666888888888888888888888888888888888888888888888888888888888888888888888888888888666667777777
7776666666888888888888888888888888888888888888888888888888888888888888888866667776688888888888888888888888866688888888888888888888888888888888888888888888888888886676688888888888888888888888888888888888888888888888888888888888888888888888888888866667777777
7666666668888888888888888888888888888888888888888888888888888888888888888888666666666668888888888888888866666688888888888888888888888888888888888888888888888888888677666888888888888888888888888888888888888888888888888888888888888888888888888888888666667777
7666666888888888888888888888888888888888888888888888888888888888888888888888886666776666668888888888888666766888888888888888888888888888888888888888888888888888888667776666888888888888888888888888888888888888888888888888888888888888888888888888888886666777
7666666888888888888888888888888888888888888888888888888888888888888888888888888666677766666688888886666666668888888888888888888888888888888888888888888888888888888866676666688888888888888888888888888888888888888888888888888888888888888888888888888888666666
6666668888888888888888888888888888888888888888888888888888888888888888888888888866667777666666666666677776668888888888888888888888888888888888888888888888888888888866667776668888888888888888888888888888888888888888888888888888888888888888888888888888886666
6666888888888888888888888888888888888888888888888888888888888888888888888888888886667777666666666666677766688888888888888888888888888888888888888888888888888888888866667777666688888888888888888888888888888888888888888888888888888888888888888888888888888666
6668888888888888888888888888888888888888888888888888888888888888888888888888888888866667777766666677777666888888888888888888888888888888888888888888888888888888888866666777776666688888888888888888888888888888888888888888888888888888888888888888888888888888
6668888888888888888888888888888888888888888888888888888888888888888888888888888888866667777766666777777668888888888888888888888888888888888888888888888888888888888866666677777666688888888888888888888888888888888888888888888888888888888888888888888888888888
6688888888888888888888888888888888888888888888888888888888888888888888888888888888886666777777777777666688888888888888888888888888888888888888888888888888888888888866666667776666688888888888888888888888888888888888888888888888888888888888888888888888888888
6688888888888888888888888888888888888888888888888888888888888888888888888888888888886666677777777777666888888888888888888888888888888888888888888888888888888888888866666666666666888888888888888888888888888888888888888888888888888888888888888888888888888888
6666888888888888888888888888888888888888888888888888888888888888888888888888888888886666667777777777666888888888888888888888888888888888888888888888888888888888888666666666666688888888888888888888888888888888888888888888888888888888888888888888888888888888
7666688888888888888888888888888888888888888888888888888888888888888888888888888888886666667777777766666888888888888888888888888888888888888888888888888888888888886666666666888888888888888888888888888888888888888888888888888888888888888888888888888888888888
7666688888888888888888888888888888888888888888888888888888888888888888888888888888886666667777777666666888888888888888888888888888888888888888888888888888888888886666666666888888888888888888888888888888888888888888888888888888888888888888888888888888888888
7666688888888888888888888888888888888888888888888888888888888888888888888888888888886666677777777766666688888888888888888888888888888888888888888888888888888888866668666668888888888888888888888888888888888888888888888888888888888888888888888888888888888877
7766666888888888888888888888888888888888888888888888888888888888888888888888888888866667777777777776666668888888888888888888888888888888888888888888888888888888888888888888888888888888888888886666668888888888888888888888888888888888888888888888888888888677
7776666688888888888888888888888888888888888888888888888888888888888888888888888888666667777777777776666666888888888888888888888888888888888888888888888888888888888888888888888888888888888888886666666688888888888888888888888888888888888888888888888866667777
7776666688888888888888888888888888888888888888888888888888888888888888888888888886666677777777777777766666688888888888888888888888888888888888888888888888888888888888888888888888888888888888866666777666688888888888888888888888888888888888888888886667777666
7776666668888888888888888888888888888888888888888888888888888888888888888888888866666777777766677777766666688888888888888888888888888888888888888888888888888888888888888888888888888888888888888866666666668888888888888888888888888888888888888888866667766666
7777766666888888888888888888888888888888888888888888888888888888888888888888888667777766666666667777777666688888888888888888888888888888888888888888888888888888888888888888888888888888888888888886666677666668888888888888888888888888888888866886677776666666
7777766666668888888888888888888888888888888888888888888888888888888888888888888666777666666666666777777666668888888888888888888888888888888888888888888888888888888888888888888888888888888888888886666677666666888888888888888888888888888888666666677776668888
6667777666666888888888888888888888888888888888888888888888888888888888888888888666666666666666666666677776666888888888888888888888888888888888888888886688888888888888888888888888888888888888888888866666776666668888888888888888888888888866666776666666888888
6666777766666688888888888888888888888888888888888888888888888888888888888888888666666666666666666666677777666688888888888888888888888888888888888888866688888888888888888888888888888888888888888888886666677666666688888888888888888888866666667776666888888888
6666666777666668888888888888888888888888888888888888888888888888888888888888888866668888888886666666666677776666888888888888888888888888888888888888866688888888888888888888888888888888888888888888888866666777666666668888888888888888666667776666688888888888
6666666777776668888888888888888888888888888888888888888888888888888888888866888888888888888888866666666667777666668888888888888888888888888888888886668888888888888888888888888888888888888888888888888866666777666666666668888888888666667777776666888888888888
8886666667777666688888888888888888888888888888888888888888888888888888888886888888888888888888888886666666777766666888888888888888888888888888888666888888888888888888888888888888888888888888888888888886666677777766666666666666666666666666666888888888888888
8888866666666777668888888888888888888888888888888888888888888888866776888888888888888888888888888888866666667777666666688888888888888888888888886668888888888888888888888888888888888888888888888888888888866667777776666666666666666777776666668888888888888888
8888886666666777766888888888888888888888888888888888888888888866666666888888888888888888888888888888888866667777666666688888888888888888888888866668888888888888888888888888888888888888888888888888888888866666777777766666666677767777766668888888888888888888
8888888886666666666668888888888888888888888888888888888888888666666668888888888888888888888888888888888886666667776666666888888888888888888886666668888888888888888888888888888888888888888888888888888888886666667777777777777777777666666688888888888888888888
8888888888666666666776888888888888888888888888888888888888666677666868888888888888888888888888888888888888866667777666666666888888888888888866666668888888888888888888888888888888888888888888888888888888886666667777777777777777777666666688888888888888888888
8888888888888888888666666888888888888888888888888888888666666666688888888888888888888888888888888888888888886666667777766666668888888888666666666668888888888888888888888888888888888888888888888888888888886666666777777777777776666666688888888888888888888888
8888888888888888888866666668888888888888888888888886666666777666688888888888888888888888888888888888888888888666666777776666668888888886777766666668888888888888888888888888888888888888888888888888888888886666666777777777777766666666888888888888888888888888
8888888888888888888886666666666688888888888888866666666666666666888888888888888888888888888888888888888888888866666777777666666666866666777776666668888888888888888888888888888888888888888888888888888888886666667777777777777766666668888888888888888888888888
8888888888888888888888886666666666688888888666666666677777666668888888888888888888888888888888888888888888888886666667777777766776677777666677776666888888888888888888888888888888888888888888888888888888666666677777777777776666666688888888888888888888888888
8888888888888888888888888888666776666666666666666667777766666688888888888888888888888888888888888888888888888888866666777777777777666666666666666666666688888888888888888888888888888888888888888888888866666667777777777766666666668888888888888888888888888888
8888888888888888888888888888886777776666666666667777776666688888888888888888888888888888888888888888888888888888886666677777777776666666666666666666666668888888888888888888888888888888888888888888888666666667777777777766666666668888888888888888888888888888
8888888888888888888888888888886666776666666667777777776666888888888888888888888888888888888888888888888888888888888666677777776666666688888866666666666668888888888888888888888888888888888888888888886666666777777777777766666666688888888888888888888888888888
8888888888888888888888888888888666677777777777777777666688888888888888888888888888888888888888888888888888888888888866667777766668888888888888888888886888888888888888888888888888888888888888888888666666667777777777777766666666888888888888888888888888888888
8888888888888888888888888888888866667777777777777766666888888888888888888888888888888888888888888888888888888888888866667766666888888888888888888888888888888888888888888888888888888888888888888866666677777777777776666666666666888888888888888888888888888888
8888888888888888888888888888888866667777777777777766666888888888888888888888888888888888888888888888888888888888888866667766666888888888888888888888888888888888888888888888888888888888888888886666666677777777777776666666666668888888888888888888888888888888
8888888888888888888888888888888886666677777777766666668888888888888888888888888888888888888888888888888888888888888866766666668888888888888888888888888888888888668888888888888888888888888888666666677777777777776666666666666888888888888888888888888888888888
8888888888888888888888888888888886666677777777766666888888888888888888888888888888888888888888888888888888888888888867776666688888888888888888888888888888888888666688888888888888888888888666666666677777777676666666666666888888888888888888888888888888888888
8888888888888888888888888888888886666677777777666668888888888888888888888888888888888888888888888888888888888888888867766666888888888888888888888888888888888888666666668888888888888888886666666777777777777666666666666668888888888888888888888888888888888888
8888888888888888888888888888888866666677777777666668888888888888888888888888888888888888888888888888888888888888888866766668888888888888888888888888888888888888688886666686888888888666666666666777777777777666666666666688888888888888888888888888888888888888
8888888888888888888888888888888666666777777776666668888888888888888888888888888888888888888888888888888888888888886666666888888888888888888888888888888888888888888888666666666666666666666666777777777777666666666668888888888888888888888888888888888888888888
8888888888888888888888888888866666666777777776666668888888888888888888888888888888888888888888888888888888888888866666666888888888888888888888888888888888888888888888866677766666666666677777777777777777666666668888888888888888888888888888888888888888888888
8888888888888888888888888888666666667777777766666688888888888888888888888888888888888888888888888888888888888888886666668888888888888888888888888888888888888888888888866666776666666677777777777777777766666666688888888888888888888888888888888888888888888888
8888888888888888888888888866666667777777777666666668888888888888888888888888888888888888888888888888888888888888666666888888888888888888888888888888888888888888888888886666667666666777777777777777776666666688888888888888888888888888888888888888888888888888
8888888888888888888888888666666677777777777766666668888888888888888888888888888888888888888888888888888888888886666668888888888888888888888888888888888888888888888888888666666777777777777777777777666666666688888888888888888888888888888888888888888888888888
8888888888888888888886666666667777777777777776666668888888888888888888888888888888888888888888888888888888888866666668888888888888888888888888888888888888888888888888888666666667777777777777777777776666666688888888888888888888888888888888888888888888888888
8888888888888888888866666666667777777777777776666668888888888888888888888888888888888888888888888888888888888666666668888888888888888888888888888888888888888888888888888666666667777777766667777777776666666688888888888888888888888888888888888888888888888888
8888888888888888888866666666666666666677777777766666888888888888888888888888888888888888888888888888888888886666666668888888888888888888888888888888888888888888888888888666666677777666666666666677777766666668888888888888888888888888888888888888888888888888
8888888888888888888888888886666666666677777777766666668888888888888888888888888888888888888888888888888888886666666666888888888888888888888888888888888888888888888888888666667777666666666666666667777776666668888888888888888888888888888888888888888888888888
8888888888888888888888888888888866666666667777777666666668888888888888888888888888888888888888888888888888886666666666888888888888888888888888888888888888888888888888888866667776666666666666666666777777666666888888888888888888888888888888888888888888888888
8888888888888888888888888888888888866666666777777766666666888888888888888888888888888888888888888888888888886666676666888888888888888888888888888888888888888888888888888866776666688888888866666666666677766666668888888888888888888888888888888888888888888888
8888888888888888888888888888888888888866666667777777666666688888888888888888888888888888888888888888888888866667666666888888888888888888888888888888888888888888888888888866766666888888888888886666666667776666666888888888888888888888888888888888888888888888
8888888888888888888888888888888888888888866666667777777666666888888888888888888888888888888888888888888888866676666666688888888888888888888888888888888888888888888888888866668888888888888888888888866666667776666668888888888888888888888888888888888888888888
8888888888888888888888888888888888888888886666667777777666666888888888888888888888888888888888888888888888866676666666666688888888888888888888888888888888888888888888888776668888888888888888888888886666667776666666888888888888888888888888888888888888888888
8888888888888888888888888888888888888888888666666666666776666668888888888888888888888888888888888888888888666666666888888888888888888888888888888888888888888888888888888868888888888888888888888888888866666667666666688888888888888888888888888888888888888888
8888888888888888888888888888888888888888888866666666666777766666666888888888888888888888888888888888888886666666668888888888888888888888888888888888888888888888888888888888888888888888888888888888888886666667777666666888888888888888888888888888888888888888
8888888888888888888888888888888888888888888888666666666666666666666668888888888888888888888888888888888666776666688888888888888888888888888888888888888888888888888887888888888888888888888888888888888888886666667777766688888888888888888888888888888888888888
8888888888888888888888888888888888888888888888666666666666666676666668888888888888888888888888888888888677776666688888888888888888888888888888888888888888888888888677888888888888888888888888888888888888888666667777766668888888888888888888888888888888888888
8888888888888888888888888888888888888888888888666666666666666666666666888888888888888888888888888886666676666688888888888888888888888888888888888888888888888888866666888888888888888888888888888888888888888866666666777766668888888888888888888888888888888888
8888888888888888888888888888888888888888888886666666688888888666666666666666688888888888888888866666677766666888888888888888888888888888888888888888888888888886666668888888888888888888888888888888888888888888666666777777666666666688888888888888888888888888
8888888888888888888888888888888888888888888886666688888888888888886666666666668888888888888888666666776668888888888888888888888888888888888888888888888888888886666688888888888888888888888888888888888888888888888666677777776666666666888888888888888888888888
8888888888888888888888888888888888888888888888888888888888888888886666666666666666666666666666666677766688888888888888888888888888888888888888888888888888888866768888888888888888888888888888888888888888888888888866666677777666666666688888888888888888888888
8888888888888888888888888888888888888888888888888888888888888888888866666666666666666666666666666677766888888888888888888888888888888888888888888888888888888667768888888888888888888888888888888888888888888888888886666667777666666666688888888888888888888888
8888888888888888888888888888888888888888888888888888888888888888888888866666666666666666666666777766666888888888888888888888888888888888888888888888888888666666668888888888888888888888888888888888888888888888888888866666666677777666666668888888888888888888
8888888888888888888888888888888888888888888888888888888888888888888888888666667777766666666666777766668888888888888888888888888888888888888888888888888686666666668888888888888888888888888888888888888888888888888888888866666677777766666666666888888888888888
8888888888888888888888888888888888888888888888888888888888888888888888888866666666666666666667777666668888888888888888888888888888888888888888888888886666666666668888888888888888888888888888888888888888888888888888888886666677777777666666666688888888888888
8888888888888888888888888888888888888888888888888888888888888888888888888888666666666777777777776666688888888888888888888888888888888888888888888888886666677766688888888888888888888888888888888888888888888888888888888886666666677777777766666666668888888888
8888888888888888888888888888888888888888888888888888888888888888888888888888866666666677777777666666888888888888888888888888888888888888888888888888886666677666888888888888888888888888888888888888888888888888888888888888886666666777777777766666666688888888
8888888888888888888888888888888888888888888888888888888888888888888888888888888866666666777777666666888888888888888888888888888888888888888888888888866666766688888888888888888888888888888888888888888888888888888888888888888666666777777777777777777766668668
8888888888888888888888888888888888888888888888888888888888888888888888888888888888866666777777666666888888888888888888888888888888888888888888888888866666766688888888888888888888888888888888888888888888888888888888888888888666666677777777777777777666666668
8888888888888888888888888888888888888888888888888888888888888888888888888888888888866666677777666666888888888888888888888888888888888888888888888888866666766688888888888888888888888888888888888888888888888888888888888888888886666666777777777777666666666888
8888888888888888888888888668888888888888888888888888888888888888888888888888888888886666666677666666888888888888888888888888888888888888888888888888666666666688888888888888888888888888888888888888888888888888888888888888888888666666777777766666666668888888
8888888888888888888888888668888888888888888888888888888888888888888888888888888888886666666677666666888888888888888888888888888888888888888888888886666666666688888888888888888888888888888888888888888888888888888888888888888888666666777777766666666688888888
8888888888888888888888886668888888888888888888888888888888888888888888888888888888886666666666776666888888888888888888888888888888888888888888888866667766666688888888888888888888888888888888888888888888888888888888888888888888666666777766666666668888888888
8888888888888888888886666668888888888888888888888888888888888888888888888888888888886666666666676666668888888888888888888888888888888888888888886666667766666688888888888888888888888888888888888888888888888888888888888888888888666666777766666666888888888888
6688888888888888886666666888888888888888888888888888888888888888888888888888888888886666666666667777666888888888888888888888888888888888888886666667777777666668888888888888888888888888888888888888888888888888888888888888888888666677776666666688888888888888
6668888888888888886666668888888888888888888888888888888888888888888888888888888888888866666666667777666688888888888888888888888888888888888886666667777777666666888888888888888888888888888888888888888888888888888888888888888888666777766666668888888888888888
6666888888888866666666668888888888888888888888888888888888888888888888888888888888888888888666666677776666688888888888888888888888888888886666667777777777777666668888888888888888888888888888888888888888888888888888888888888886666777666666888888888888888888
8888888888888866677666688888888888888888888888888888888888888888888888888888888888888888888888866667777666666688888888888888888888888888666666677777776667777666668888888888888888888888888888888888888888888888888888888888888886667666668888888888888888888888
8888888888888866777666688888888888888888888888888888888888888888888888888888888888888888888888886666677666666668888888888888888888888886666677777777666666666666668888888888888888888888888888888888888888888888888888888888888866667666668888888888888888888888
8888888888888886666666688888888888888888888888888888888888888888888888888888888888888888888888886666667776666666668888888888888888888666666677777776666666666666668888888888888888888888888888888888888888888888888888888888888666776666888888888888888888888888
8888888888888888886666668888888888888888888888888888888888888888888888888888888888888888888888888666666777766666666888888888888888666666667777776666666666666888888888888888888888888888888888888888888888888888888888888888888666776668888888888888888888888888
8888888888888888888866668888888888888888888888888888888888888888888888888888888888888888888888888866666667777666666666668888888866666666677777666666666688888888888888888868888688888888888888888888888888888888888888888888866666666888888888888888888888888888
8888888888888888888888866888888888888888888888888888888888888888888888888888888888888888888888888886666667777777766776666666666666666777777776666666668888888888888888886666666668888888888888888888888888888888888888888886666776668888888888888888888888888888
8888888888888888888888866666888888888888888888888888888888888888888888888888888888888888888888888886666666777777777776666666666666666777777766666666888888888888888888886666666668888888888888888888888888888888888888888886666666668888888888888888888888888888
8888888888888888888888886666668888888888888888888888888888888888888888888888888888888888888888888888666666677777777777777777777777777777776666666688888888888888888888888866666668888888888888888888888888888888888888888866676666888888888888888888888888888888
8888888888888888888888888666666888888888888888888888888888888888888888888888888888888888888888888888666666677777777777777777777777777776666666688888888888888888888888888886666666888888888888888888888888888888888888866667776668888888888888888888888888888888
8888888888888888888888888866666688888888888888888888888888888888888888888888888888888888888888888886666666677777777777777777777777777666666668888888888888888888888888888888666666688888888888888888888888888888888888866667666668888888888888888888888888888888
8888888888888888888888888888666668888888888888888888888888888888888888888888888888888888888888888886666666777777777777766666677777777666666668888888888888888888888888888888866666688888888888888888888888888888888888666666666888888888888888888888888888888888
8888888888888888888888888888866666688888888888888888888888888888888888888888888888888888888888888886666667777777777776666666666667777766666688888888888888888888888888888888888866688888888888888888888888888888888866677766668888888888888888888888888888888888
8888888888888888888888888888888666668888888888888888888888888888888888888888888888888888888888888866666777777766666666666666666666666766666688888888888888888888888888888888888866688888888888888888888888888888886666677766688888888888888888888888888888888888
8888888888888888888888888888888666666888888888888888888888888888888888888888888888888888888888888666666777777666666668888888866666666666666688888888888888888888888888888888888886666888888888888888888888888888866666666666888888888888888888888888888888888888
8888888888888888888888888888888866676668888888888888888888888888888888888888888888888888888888886666666777766666666688888888888866666666666688888888888888888888888888888888888888666688888888888888888888888888666667766668888888888888888888888888888888888888
8888888888888888888888888888888886666666668888888888888888888888888888888888888888888888888888866667777666666666888888888888888888866666666668888888888888888888888888888888888888666666888888888888888888888886666777766668888888888888888888888888888888888888
8888888888888888888888888888888888667777666688888888888888888888888888888888888888888888888888666667777666666668888888888888888888866666666666668888888888888888888888888888888888666666688888888888888888888866766777766668888888888888888888888888888888888888
8888888888888888888888888888888888666677766666688888888888888888888888888888888888888888888866667777766666688888888888888888888888888888888666668888888888888888888888888888888888666666666668888888888888866666777776666668888888888888888888888888888888888888
8888888888888888888888888888888888888677777666666666888888888888888888888888888888888888666666677776666668888888888888888888888888888888888886666688888888888888888888888888888888866666666666666666666666667777777776666668888888888888888888888888888888888888
8888888888888888888888888888888888888666777777666666666666888888888888888888888888886666666666777776666888888888888888888888888888888888888888666668888888888888888888888888888888866666666666666666666666677777777777766668888888888888888888888888888888888888
8888888888888888888888888888888888888666777777766766666666666888888888888888888888666666666777776666668888888888888888888888888888888888888888866666688888888888888888888888888888666666677766666666677777777777777777766666888888888888888888888888888888888888
8888888888888888888888888888888888888666667777777777766666666888888888866666888866666667777777776666888888888888888888888888888888888888888888866666688888888888888888888888888886666666777766666666677777777777777777777766668888888888888888888888888888888888
8888888888888888888888888888888888886666777777777776666666668888888888888888888666666777777777766668888888888888888888888888888888888888888888886666668888888888888888888888886666666666777777777777777777777666666666677766666888888888888888888888888888888888
8888888888888888888888888888888888886666777777777766668888888888888888888888888666666777777777666688888888888888888888888888888888888888888888888888866666888888888888888866666666666777777777777777776666666666666666667766666668888888888888888888888888888888
8888888888888888888888888888888888886666777777666666688888888888888888888888886666666666777777666688888888888888888888888888888888888888888888888888866666666888888888886666666666666777777777777776666666666666666666666666666666668888888888888888888888888888
8888888888888888888888888888888888866667777766666668888888888888888888888888888888886666666777666688888888888888888888888888888888888888888888888888866666666668888888886666666677777777777776666666666666666666666666666666666666668888888888888888888888888888
8888888888888888888888888888888886666677766666666688888888888888888888888888888888888866666777666688888888888888888888888888888888888888888888888888888666666666666666666666666777777777777766666666666688888888888888888866666666668888888888888888888888888888
8888888888888888888888888888888866667777666666668888888888888888888888888888888888888888666666776688888888888888888888888888888888888888888888888888888866666666666666666667777777777777666666666688888888888888888888888888888888888888888888888888888888888888
8888888888888888888888888888888666667766666666888888888888888888888888888888888888888888866666776668888888888888888888888888888888888888888888888888888866666666666666667777777777777777666666668888888888888888888888888888888888888886666668888888888888888888
8888888888888888888888888888886666677766666688888888888888888888888888888888888888888888888666676666688888888888888888888888888888888888888888888888888888666667777666677777777777666666666688888888888888888888888888888888888888888866886666688888888888888888
8888888888888888888888888888666667777766666688888888888888888888888888888888888888888888888886666666668888888888888888888888888888888888888888888888888888666667777777777777777766666666688888888888888888888888888888888888888888888888888886666666688888888888
8888888888888888888888888666666677776666666688888888888888888888888888888888888888888888888888666766668888888888888888888888888888888888888888888888888888666666777777777777777666666666688888888888888888888888888888888888888888888888888886666676668888888888
8888888888888888888888886666666677766666666688888888888888888888888888888888888888888888888888866667666888888888888888888888888888888888888888888888888888666666667777777777776666666688888888888888888888888888888888888888888888888888888888866666666668888888
8888888888888888888866666666677776666666666668888888888888888888888888888888888888888888888888886667766688888888888888888888888888888888888888888888888888666666667777777777766666666888888888888888888888888888888888888888888888888888888888888866677776666666
8888888888888888888666666666677766666666666666888888888888888888888888888888888888888888888888886666666666888888888888888888888888888888888888888888888888666666677777777777666666668888888888888888888888888888888888888888888888888888888888888886666777666666
8888888888888866666666666777766666666666668888888888888888888888888888888888888888888888888888888666677766688888888888888888888888888888888888888888888886666667777777777766666666888888888888888888888888888888888888888888888888888888888888888888666667777777
8888888888888666666666666777666666668888888888888888888888888888888888888888888888888888888888888666666666668888888888888888888888888888888888888888888886666667777777777766666668888888888888888888888888888888888888888888888888888888888888888888866667777777
8888888888886666666666777766666666888888888888888866688888888888888888888888888888888888888888888666666777766688888888888888888888888888888888888888888866666777777777777666666668888888888888888888888888888888888888888888888888888888888888888888886666667777
8888888888866666677776776666668888888888888888888886668888888888888888888888888888888888888888888866666666666668888888888888888888888888888888888888888666666777777776666666666668888888888888888888888888888888888888888888888888888888888888888888888666666666
8888886666666666677777766666688888888888888888888888668868888888888888888888888888888888888888888666666666666666688888888888888888888888888888888888886666777777777766666666666668888888888888888888888888888888888888888888888888888888888888888888888666666666
8888866666666666777777666668888888888888888888888888888868888888888888888888888888888888888888888666666666666666688888888888888888888888888888888888866666777777677666666666666668888888888888888888888888888888888888888888888888888888888888888888888666666688
8888866666667777777666666888888888888888888888888888888866688888888888888888888888888888888888888666668888886666668888888888888888888888888888888886666677777776666666666666666668888888888888888888888888888888888888888888888888888888888888888888888666666888
6666666666677777777666668888888888888888888888888888888888888888888888888888888888888888888888866688888888888888688866888888888888888888888888888866666677777766666666666666666668888888888888888888888888888888888888888888888888888888888888888888888666668888
6666666776677777766666668888888888888888888888888888888888888888888888888888888888888888888888666688888888888888886666666888888888888888888888888666666777777666666666666666666688888888888888888888888888888888888888888888888888888888888888888888888666688888
6666677777777777766666688888888888888888888888888888888888888888888888888888888888888888888888888888888888888888888866666666688888888888888888886666777777776666666666666666888888888888888888888888888888888888888888888888888888888888888888888888886666888888
6666677777777776666666888888888888888888888888888888888888888888888888888888888888888888888888888888888888888888888886666666688888888888888888666667777766666666688888888888888888888888888888888888888888888888888888888888888888888888888888888888888888888888
7777777777777766666688888888888888888888888888888888888888888888888888888888888888888888888888888888888888888888888888886666666688888888666666666677777666666688888888888888888888888888888888888888888888888888888888888888888888888888888888888888888888888888
7777777777776666666688888888888888888888888888888888888888888888888888888888888888888888888888888888888888888888888888888866676688666666666666677777776666688888888888888888888888888888888888888888888888888888888888888888888888888888888888888888888888888888
7777777777766666666888888888888888888888888888888888888888888888888888888888888886668888888888888888888888888888888888888888666666666666666666677777666666888888888888888888888888888888888888888888888888888888888888888888888888888888888888888888888888888888
7777777776666666668888888888888888888888888888888888888888888888888888888888668666668888888888888888888888888888888888888888666666666666666677777777666668888888888888888888888888888888886668888888888888888888888888888888888888888888888888888888888888888888
7777777776666666668888888888888888888888888888888888888888888888888888888888666666688888888888888888888888888888888888888888888866666677777777777776666668888888888888888888888888888888888868888888888888888888888888888888888888888888888888888888888888888888
7777777666666666668888888888888888888888888888888888888888888888888888888888666666888888888888888888888888888888888888888888888886666777777777777776666688888888888888888888888888888888888888888888888888888888888888888888888888888888888888888888888888888888
7777777766666666668888888888888888888888888888888888888888888888888888888888666668888888888888888888888888888888888888888888888888666666777777777666666688888888888888888888888888888888888888888888888888888888888888888888888888888888888888888888888888888888
7777777776666666668888888888888888888888888888888888888888888888888888888888666888888888888888888888888888888888888888888888888888866666677777777666666888888888888888888888888888888888888888888888888888888888888888888888888888888888888888888888888888888888
7777777777766666668888888888888888888888888888888888888888888888888888888886668888888888888888888888888888888888888888888888888888886666666777777666666888888888888888888888888888888888888888888888666888888888888888888888888888888888888888888888888888888888
6777777777776666666888888888888888888888888888888888888888888888888888888886688888888888888888888888888888888888888888888888888888888866666677777666666888888888888888888888888888888888888888888888666688888888888888888888888888888888888888888888888888888888
6667777777777766666668888888888888888888888888888888888888888888888888888886668888888888888888888888888888888888888888888888888888888888666666777776666888888888888888888888888888888888888888888888866666688888888888888888888888888888888888888888888888888888
6667777777777766666668888888888888888888888888888888888888888888888888888886688888888888888888888888888888888888888888888888888888888888666666777776666888888888888888888888888888888888888888888888866666688888888888888888888888888888888888888888888888888888
6667777777777777766666888888888888888888888888888888888888888888888888888888888888888888888888888888888888888888888888888888888888888888886666677776666888888888888888888888888888888888888888888888888666668888888888888888888888888888888888888888888888888888
6666677777777777766666688888888888888888888888888888888888888888888888888888888888888888888888888888888888888888888888888888888888888888886666677776666888888888888888888888888888888888888888888888888666668888888888888888888888888888888888888888888888888888
6666677777777777777666668888888888888888888888888888888888888888888888888888888888888888888888888888888888888888888888888888888888888888886666666777766668888888888888888888888888888888888888888888888888866666888888888888888888888888888888888888888888888888
6666677777777777777666668888888888888888888888888888888888888888888888888888888888888888888888888888888888888888888888888888888888888888886666666777766666888888888888888888888888888888888888888888888888866666688888888888888888888888888888888888888888888888
6666777777777777777766668888888888888888888888888888888888888888888888888888888888888888888888888888888888888888888888888888888888888888886666666777766666888888888888888888888888888888888888888888888888886666666666666888888888888888888888888888888888888888
6667777766666666677777776888668888888888888888888888888888888888888888888888888888888888888888888888888888888888888888888888888888888888886666666777777666688888888888888888888888888888888888888888888888888867776666666666888888888888888888888888888888888888
6777777666666666666666677666666888888888888888888888888888888888888888888888888888888888888888888888888888888888888888888888888888888888886666677777777766666888888888888888888888888888888888888888888888888866666666666666888888888888888888888888888888888888
6776666666666666666666667777666666688888888888888888888888888888888888888888888888888888888888888888888888888888888888888888888888888888866666677777777777666688888888888888888888888888888888888888888888888886666777766668888888888888888888888888888888888888
6776666666666666688888866777666666688888888888888888888888888888888888888888888888888888888888888888888888888888888888888888888888888888866666677777777777666668888888888888888888888888888888888888888888888886666777766688888888888888888888888888888888888888
7666666666888888888888886666666666666888888888888888888888888888888888888888888888888888888888888888888888888888888888888888888888888888666667777776666677777666668888888888888888888888888888888888888888888886667766666688888888888888888888888888888888888888
7666666688888888888888888886666666666666888888888888888888888888888888888888888888888888888888888888888888888888888888888888888888888886666667777666666666777776666888888888888888888888888888888888888888888866777766666688888888888888888888888888888888888888
