8888888888888888888888888888888888888888888888888888888866666666688888888888888888888888888888888888888888888888888888888888888888888888668888888888888888888888888888888888888677776666888888888888888888888888888888888888888888888888888888888888888886666666
8888888888888888888888888888888888888888888888888888888866666666666888888888888888888888888888888888888888888888888888888888888888888888868888888888888888888888888888888888888777776666888888888888888888888888888888888888888888888888888888888888888886666666
8888888888888888888888888888888888888888888888888888888888866666666888888888888888888888888888888888888888888888888888888888888888888888868888888888888888888888888888888888866777766668888888888888888888888888888888888888888888888888888888888888888888866666
8888888888888888888888888888888888888888888888888888888888886667666888888888888888888888888888888888888888888888888888888888888888888888888888888888888888888888888888888888677777666668888888888888888888888888888888888888888888888888888888888888888888888667
8888888888888888888888888888888888888888888888888888888888886666666688888888888888888888888888888888888888888888888888888888888888888888888888888888888888888888888888888666677766666688888888888888888888888888888888888888888888888888888888888888888888888866
8888888888888888888888888888888888888888888888888888888888888666666668888888888888888888888888888888888888888888888888888888888888888888888888888888888888888888888888886667777666688888888888888888888888888888888888888888888888888888888888888888888888888866
8888888888888888888888888888888888888888888888888888888888888886667666888888888888888888888888888888888888888888888888888888888888888888888888888888888888888888888888866667777666688888888888888888888888888888888888888888888888888888888888888888888888888866
7688888888888888888888888888888888888888888888888888888888888886667666688888888888888888888888888888888888888888888888888888888888888888888888886668888888888888888886667777776666688888888888888888888888888888888888888888888888888888888888888888888888888866
7776888888888888888888888888888888888888888888888888888888888886666666666888888888888888888888888888888888888888888888888888888888888888888888888666688888888888888866667777776666688888888888888888888888888888888888888888888888888888888888888888888888888866
6866888888888888888888888888888888888888888888888888888888888888666666666688888888888888888888888888888888888888888888888888888888888888888888888886688888888888866666777666666666888888888888888888888888888888888888888888888888888888888888888888888888888866
8886666888888888888888888888888888888888888888888888888888888886666777766668888888888888888888888888888888888888888888888888888888888888888888888886666888888866666677777666666666888888888888888888888888888888888888888888888888888888888888888888888888888666
8886666668688888888888888888888888888888888888888888888888888886666777776666888888888888888888888888888888888888888888888888888888888888888888888888666666666666666666666666666666888888888888888888888888888888888888888888888888888888888888888888888888888666
8888866666668888888888888888888888888888888888888888888888888866666777777776668888888888888888888888888888888888888888888888888888888888888888888888866666666677777666666688888888888888888888888888888888888888888888888888888888888888888888888888888888866666
8888888888668888888888888888888888888888888888888888888888888666666777777776688888888888888888888888888888888888888888888888888888888888888888888888866666677777766666668888888888888888666888888888888888888888888888888888888888888888888888888888888888866666
6688888888888888888888888888888888888888888888888888888888886666777776666666888888888888888888888888888888888888888888888888888888888888888888888888666667777776666666688888888888888888866888888888888888888888888888888888888888888888888888888888888888666667
6668888888888888888888888888888888888888888888888888888888886666777776666668888888888888888888888888888888888888888888888888888888888888888888888886666667777766666888888888888888888888888888888888888888888888888888888888888888888888888888888888888666666667
8888888888888888888888888888888888888888888888888888888888866677766666666688888888888888888888888888888888888888888888888888888888888888888888888866666666666666688888888888888888888888888888888888888888888888888888888888888888888888888888888888888666677766
8888888888888888888888888888888888888888888888888888888886666777766666666688888888888888888888888888888888888888888888888888888888888888888888888666677766666666888888888888888888888888888888888888888888888888888888888888888888888888888888888888888677777766
8888888888888888888888888888888888888888888888888888888866666666666688888888888888888888888888888888888888888888888888888888888888888888888888866666677766668888888888888888888888888888888888888888888888888888888888888888888888888888888888888888666666666666
8888888888888888888888888888888888888888888888888888666666777666666888888888888888888888888888888888888888888888888888888888888888888888888866666677766666888888888888888888888888888888888888888888888888888888888888888888888888888888888888888888886666666666
8888888888888888888888888888888888888888888888866666666667776666688888888888888888888888888888888888888888888888888888888888888888888888886666667766666668888888888888888888888888888888888888888888888888888888888888888888888888888888888888888888888888888888
8888888888888888888888888888888888888888888666666666667777666668888888888888888888888888888888888888888888888888888888888888888888888888666666776666668888888888888888888888888888888888888888888888888888888888888888888888888888888888888888888888888888888888
8888888888888888888888888888888888888888866666666666677777666888888888888888888888888888888888888888888888888866688888888888888888888886666777666666668888888888888888888888888888888888888888888888888888888888888888888888888888888888888888888888888888888888
8888888888888888888888888888888888888888888866666666777666668888888888888888888888888888888888888888888888888888888888888888888888866666666666666668888888888888888888888888888888888888888888888888888888888888888888888888888888888888888888888888888888888888
8888888888888888888888888888888888888888888888666667777666668888888888888888888888888888888888888888888888888888888888666666666666667777777668888666888888888888888888888888888888888888888888888888888888888688888888888888888888888888888886668888888888888888
8888888888888888888888888888888888888888888888666666776668888888888888888888888888888888888888888888888888888888888888666666666666677766666668888888888888888888888888888888888888888888888888888888888888888668888888888888888888888888888866668888888888888888
8888888888888888888888888888888888888888888888866666666688888888888888888888888888888888888888888888888888888888888886666666677777777766666888888888888888888888888888888888888888888888888888888888888888888666688888888888888888888888888868888888888888888888
8888888888888888888888888888888888888888888888866666666688888888888888888888888888888888888888888888888888888888888888888666666777776666668888888888888888888888888888888888888888888888888888888888888888888866688888888888888888888888888888888888888888888888
8888888888888888888888888888888888888888888888886666666888888888888888888888888888888888888888888888888888888888888888888866666677776666888888888888888888888888888888888888888888888888888888888888888888888888888888888888888888888888888888888888888888888888
8888888888888888888888888888888888888888888888886666666888888888888888888888888888888888888888888888888888888888888888888888866666666688888888888888888888888888888888888888888888888888888888888888888888888888888888888888888888888888888888888888888888888888
8888888888888888888888888888888888888888888888886776666888888888888888888888888888888888888888888888888888888888888888888888886666666888888888888888888888888888888888888888888888888888888888888888888888888888888888868888888888888888888888888888888888888888
8888888888888888888888888888888888888888888888866777666888888888888888888888888888888888888888888888888888888888888888888888888666668888888888888888888888888888888888888888888888888888888888888888888888888888888886666888888888888888888888888888888888888888
8888888888888888888888888888888888888888888888866776666888888888888888888888888888888888888888888888888888888888888888888888888666688888888888888888888888888888888888888888888888888888888888888888888888888888888886666668888888886668888888888888888888888888
8888888888888888888888888888888888888888888886667776666688888888888888888888888888888888888888888888888888888888888888888888888888888888888888888888888888888888888888888888888888888888888888888888888888888888888888667766666666666668888888888888888888888888
8888888888888888888888888888888888888888888866667777666688888888888888888888888888888888888888888888888888888888888888888888888888888888888888888888888888888888888888888888888888888888888888888888888888888888888888666776666666666666888888888888888888888888
8888888888888888888888888888888888888888888667777777766668888888888888888888888888888888888888888888888888888888888888888888888666888888888888888888888888888888888888888888888888888888888888888888888888888888888888666777766666666666888888888888888888888888
8888888888888888888888888888888888888888666677777777766666888888888888888888888888888888888888888888888888888888888888888888888666888888888888888888888888888888888888888888888888888888888888888888888888888888888888666667776666666666888888888888888888888888
8888888888888888888888888888888888888866666666666666777666668888888888888888888888888888888888888888888888888888888888888888888666888888888888888888888888888888888888888888888888888888888888888888888888888888888886666667777766666666666888888888888888888888
6668888888888888888888888888888886666666666666666666666766666666888888888888888888888888888888888888888888888888888888888888888666688888888888888888888888888888888888888888888888888888888888888888888888888888888886666667777777777776666688888888888888888888
6668888888888888888888888888888866666666666666666666666666666666688888888888888888888888888888888888888888888888888888888888866666688888888888888888888888888888888888888888888888888888888888888888888888888888888866666667777777777777666668888888888888888888
6668888888888888888888888888666666666666688888888888666666666666666888888888888888888888888888888888888888888888888888888888666666688888888888888888888888888888888888888888888888888888888888888888888888888888888666666777777777777777777668888888888888888888
6666888888888888888888888888666666888888888888888888886666666667666668888888888888888888888888888888888888888888888888888886666666688888888888888888888888888888888888888888888888888888888888888888888888888888886666667777777777777777777688888888888888888888
6666666668888888888888888866666668888888888888888888888888866666777666686888888888888888888888888888888888888888888888888886666666668888888888888888888888888888888888888888888888888888888888888888888888888888666677777777777777776666666688888888888888888888
6666777666666688888666668866888888888888888888888888888888886666777766666688888888888888888888888888888888888888888888888866667766668888888888888888888888888888888888888888888888888888888888888888888888888888666677777777777777776666666888888888888888888888
8866667676666666666666666868888888888888888888888888888888888666666777766666688888888888888888888888888888888888888888888666667766666688888888888888888888888888888888888888888888888888888888888888888888888886666677777777776666666666668888888888888888888888
8888666666676666666688888888888888888888888888888888888888888886666677776666668888888888888888888888888888888888888888866667777777666668888888888888888888888888888888888888888888888888888888888888888888888886666777777777666666666668888888888888888888888888
8888886666676666668888888888888888888888888888888888888888888888666667776666666666888888888888888888888888888888888666666677666666666666888888888888888888888888888888888888888888888888888888888888888888888888666766677776666666668888888888888888888888888888
8888888886666688888888888888888888888888888888888888888888888888886666777777776666666888888888888888888888888888888666667777666666666666888888888888888888888888888888888888888888888888888888888888888888888888666666677766666668888888888888888888888888888888
8888888888888888888888888888888888888888888888888888888888888888888666667777776666666666888888888888888888888888666666777766666666666688888888888888888888888888888888888888888888888888888888888888888888888888866666677766666668888888888888888888888888888888
8888888888888888888888888888888888888888888888888888888888888888888886666667777777666666666888888888888888888866666666666666888888888888888888888888888888888888888888888888888888888888888888888888888888888888886666677666668888888888888888888888888888888888
8888888888888888888888888888888888888888888888888888888888888888888886666667777777666666666688888888888666666666666666666888888888888888888888888888888888888888888888888888888888888888888888888888888888888888888666677666688888888888888888888888888888888888
8888888888888888888888888888888888888888888888888888888888888888888888866666667777777766666668888888866666666666666666668888888888888888888888888888888888888888888888888888888888888888888888888888888888888888888666766666888888888888888888888888888888888888
8888888888888888888888888888888888888888888888888888888888888888888888888666666777777776666666666666666666667777666666688888888888888888888888888888888888888888888888888888888888888888888888888888888888888888888667766668888888888888888888888888888888888888
8888888888888888888888888888888888888888888888888888888888888888888888888866666677777777766666666666667777767776666668888888888888888888888888888888888888888888888888888888888888888888888888888888888888888888888666766888888888888888888888888888888888888888
8888888888888888888888888888888888888888888888888888888888888888888888888866666677777777776666666667777777766666666888888888888888888888888888888888888868888888888888888888888888888888888888888888888888888888888666666888888888888888888888888888888888888888
8888868888888888888888888888888888888888888888888888888888888888888888888886666666777777777776666677777777666666668888888888888888888888888888888888886668688888888888888888888888888888888888888888888888888888886766668888888888888888888888888888888888888888
6666666888888888888888888888888888888888888888888888888888888888888888888888866666667777777777777777777666666666688888888888888888888888888888888888888866666888888888888888888888888888888888888888888888888888886766668888888888888888888888888888888888888888
6666666888888888888888888888888888888888888888888888888888888888888888888888886666667777777777777777776666666688888888888888888888888888888888888888888886666866888888888888888888888888888888888888888888888888886766688888888888888888888888888888888888888888
7766666688888888888888888888888888888888888888888888888888888888888888888888888666666777777777777777666666666888888888888888888888888888888888888888888888666666666888888888888888888888888888888888888888888888666666688888888888888888888888888888888888888888
7776666688888888888888888888888888888888888888888888888888888888888888888888888866666677777777777766666666688888888888888888888888888888888888888888888888888886668888888888888888888888888888888888888888888888676666688888888888888888888888888888888888888888
7777766668888888888888888888888888888888888888888888888888888888888888888888888866666677777777777766666666888888888888888888888888888888888888888888888888888886666666888888888888888888888888888888888888888866676888888888888888888888888888888888888888888888
6667777766888888888888888888888888888888888888888888888888888888888888888888888866666677777777776666666668888888888888888888888888888888888888888888888888888888886666688888888888888888888888888888888888888666676888888888888888888888888888888888888888888888
6666777766888888888888888888888888888888888888888888888888888888888888888888888866666777777777776666666688888888888888888888888888888888888888888888888888888888886666688888888888888888888888888888888888888666666888888888888888888888888888888888888888888888
6666666677668888888888888888888888888888888888888888888888888888888888888888888866677777777777766666666688888888888888888888888888888888888888888888888888888888888666668888888888888888888888888888888888886676688888888888888888888888888888888888888888888888
8866666666666666888888888888888888888888888888888888888888888888888888888888888666777777777777776666666888888888888888888888888888888888888888888888888888888888888888888888888888888888888888888888888888666666888888888888888888888888888888888888888888888888
8888866666666666668888888888888888888888888888888888888888888888888888888888886666777777777777776666666888888888888888888888888888888888888888888888888888888888888888888888888888888888888888888888888867766668888888888888888888888888888888888888888888888888
8888888888866666668888888888888888888888888888888888888888888888888888888888866666777776666677777666666888888888888888888888888888888888888888888888888888888888888888888888888888888888888888888888866667776688888888888888888888888888888888888888888888888888
8888888888886666666888888888888888888888888888888888888888888888888888888888666677776666666667767766666888888888888888888888888888888888888888888888888888888888888888888888888888888888888888888886666666666688888888888888888888888888888888888888888888888888
8888888888888666666688888888888888888888888888888888888888888888888888888886666777766666666666667766666888888888888888888888888888888888888888888888888888888888888888888888888888888868888888866666667766666888888888888888888888888888888888888888888888888888
8888888888888886666666688888888888888888888888888888888888888888888888888866666666666666666666666666666688888888888888888888888888888888888888888888888888888888888888888888888888888866666666666666677766668888888888888888888888888888888888888888888888888888
8888888888888888886666668888888888888888888888888888888888888888888888888866667766666666666666666666666688888888888888888888888888888888888888888888888888888888888888888888888888888866666666666666777766888888888888888888888888888888888888888888888888888888
8888888888888888888666666888888888888888888888888888888888888888888888888666766666666888888888666666666668888888888888888888888888888888888888888888888888888888888888888888888888888888886666667777776666888888888888888888888888888888888888888888888888888888
8888888888888888888866666688888888888888888888888888888888888888888888886667776666888888888888886666666766888888888888888888888888888888888888888888888888888888888888888888888888888888888866667777766666888888888888888888888888888888888888888888888888888888
8888888888888888888886666668888888888888888888888888888888888888888888866777766666888888888888886666666666688888888888888888888888888888888888888888888888888888888888888888888888888888888866667777766666888888888888888888888888888888888888888888888888888888
8888888888888888888888886666688888888888888888888888888888888888888886667776666888888888888888888886666666666888888888888888888888888888888888888888888888888888888888888888888888888888888888866777776666888888888888888888888888888888888888888888888888888888
8888888888888888888888888866666888888888888888888888888888888888888866677666688888888888888888888888866666666688888888888888888888888888888888888888888888888888888888888888888888888888888888888667776668888888888888888888888888888888888888888888888888888888
8888888888888888888888888886666688888888888888888888888888888888888866666688888888888888888888888888888666666668888888888888888888888888888888888888888888888888888888888888888888888888888888888866776668888888888888888888888888888888888888888888888888888888
8888888888888888888888888888666668888888888888888888888888888888888667768888888888888888888888888888888886666666888888888888888888888888888888888888888888888888888888888888888888888888888888888886666668888888888888888888888888888888888888888888888888888888
8888888888888888888888888888886666688888888888888888888888888888886666688888888888888888888888888888888888666666668888888888888888888888888888888888888888888888888888888888888888888888888888888886666668888888888888888888888888888888888888888888888888888888
8888888888888888888888888888888886668888888888888888888888888866667766888888888888888888888888888888888888886666666888888888888888888888888888888888888888888888888888888888888888888888888888888886666668888888888888888888888888888888888888888888888888888888
8888888888888888888888888888888886666688888888888888888888888866688888888888888888888888888888888888888888888666666688888888888888888888888888888888888888888888888888888888888888888888888888888886666666888888888888888888888888888888888888888888888888888888
8888888888888888888888888888888886666668688888888888888888886667688888888888888888888888888888888888888888888886666666688888888888888888888888888888888888888888888888888888888888888888888888888886666666666888888888888888888888888888888888888888888888888888
8888888888888888888888888888888888866666666688888888888886666666688888888888888888888888888888888888888888888886666776668888888888888888888888888888888888888888888888888888888888888888888888888886666666666688888888888888888888888888888888888888888888888888
8888888888888888888888888888888888888666666666888888888866666666888888888888888888888888888888888888888888888888666676666668888888888888888888888888888888888888888888888888888888888888888888888866666666666688888888888888888888888888888888888888888888888888
8888888888888888888888888888888888888666666666666666666667666668888888888888888888888888888888888888888888888888886666766666666668888888888888888888888888888888888888888888888888888888888888886666667776666668888888888888888888888888888888888888888888888888
8888888888888888888888888888888888888888666676666666666666666688888888888888888888888888888888888888888888888888888866766666666666888888888888888888888888888888888888888888888888888888888888886666667776666668888888888888888888888888888888888888888888888888
8888888888888888888888888888888888888888866677766667777666668888888888888888888888888888888888888888888888888888888866667766666666666888888888888888888888888888888888888888888888888888888888866666667776666668888888888888888888888888888888888888888888888888
8888888888888888888888888888888888888888866667776666777666888888888888888888888888888888888888888888888888888888888866667766666666666888888888888888888888888888888888888888888888888888888866666666777776666668888888888888888888888888888888888888888888888888
8888888888888888888888888888888888888888866666677777666668888888888888888888888888888888888888888888888888888888888866667777666666668888888888888888888888888888888888888888888888888888888666666666777776666666888888888888888888888888888888888888888888888888
8888888888888888888888888888888888888888866666677777666668888888888888888888888888888888888888888888888888888888888666667777777666688888888888888888888888888888888888888888888888888888866666667777777777766666688888888888888888888888888888888888888888888888
8888888888888888888888888888888888888888866666677777666668888888888888888888888888888888888888888888888888888888888666777777666666888888888888888888888888888888888888888888888888888888666666667777777777766666668888888888888888888888888888888888888888888888
8888888888888888888888888888888888888888866666666666666668888888888888888888888888888888888888888888888888888888886666776666666668888888888888888888888888868888888888888888888888888866666777777777777777777766666688888888888888888888888888888888888888888888
8888888888888888888888888888888888888888866666666666666668888888888888888888888888888888888888888888888888888888666677776666666888888888888888888888888888666868888888888888888888888886666777777777777777777766666668888888888888888888888888888888888888888888
8888888888888888888888888888888888888888866666666666666668888888888888888888888888888888888888888888888888888888666776666666888888888888888888888888888888866666666668888888888888888888866666666666777777777777666666668888888888888888888888888888888888888888
8888888888888888888888888888888888888888868666666666666666888888888888888888888888888888888888888888888888888866677666666888888888888888888888888888888888886666777766666688888888888888888666666666667777777777766666666688888888888888888888888888888888888888
8888888888888888888888888888888888888888888888666666668666688888888888888888888888888888888888888888888888888666777666668888888888888888888888888888888888888666777766666688888888888888888866666666666666777777777666666666668888888888888888888888888888888888
8888888888888888888888888888888888888888888888888888888866688888888888888888888888888888888888888888888888886677666668888888888888888888888888888888888888888666666666666688888888888888888888888866666666777777777766666666668888888888888888888888888888888888
8888888888888888888888888888888888888888888888888888888888668888888888888888888888888888888888888888888888866677666688888888888888888888888888888888888888888866666666688888888888888888888888888886666666666666677777766666666688888888888888888888888888888886
8888888888888888888888888888888888888888888888888888888888888886888888888888888888888888888888888888888886676666666888888888888888888888888888888888888888888886666668888888888888888888888888888888888866666666666777777776666666688888888888888888888888886666
8888888888888888888888888888888888888888888888888888888888888886688888888888888888888888888888888888888867776668888888888888888888888888888888888888888888888886666688888888888888888888888888888888888886666666666677777776666666666668888888888888888888666677
8888888888888888888888888888888888888888888888888888888888888888888888888888888888888888888888888888886667766668888888888888888888888888888888888888888888888888666688888888888888888888888888888888888888866666666667777776666666666666888888888888888666666777
8888888888888888888888888888888888888888888888888888888888888888888866668888888888888888888888888866666777666888888888888888888888888888888888888888888888888888666688888888888888888888888888888888888888888666666666777777777766666666666688888888886777777766
6668888888888888888888888888888888888888888888888888888888888888888888868888888888888888888888886666666776666888888888888888888888888888888888888888888888888888666888888888888888888888888888888888888888888888666666667777777777777766666666666666667777777666
6668888888888888888888888888888888888888888888888888888888888888888888888888888888888888888888666666677766668888888888888888888888888888888888888888888888888888668888888888888888888888888888888888888888888888886666666677777777777766666666666666777766666666
6668888888888888888888888888888888888888888888888888888888888888888888888886668888888888888886666666777666688888888888888888888888888888888888888888888888888886668888888888888888888888888888888888888888888888888866666667777777777777777777777776666666666666
7666666688888888888888888888888888888888888888888888888888888888888888888888666666666666666666666677766668888888888888888888888888888888888888888888888888888886668888888888888888888888888888888888888888888888888886666666677777777777777777777766666666666666
7766666668888888888888888888888888888888888888888888888888888888888888888888866666666666666666667777766688888888888888888888888888888888888888888888888888888886888888888888888888888888888888888888888888888888888888666666667777777777777776666666668886666666
7776666666888888888888888888888888888888888888888888888888888888888888888888886666666666666666677777666688888888888888888888888888888888888888888888888888888888888888888888888888888888888888888888888888888888888888886666666677777777777766666668888888888888
7777766666688888888888888888888888888888888888888888888888888888888888888888888866666666767777777766666888888888888888888888888888888888888888888888888888888888888888888888888888888888888888888888888888888888888888886666666677777776666666668888888888888888
6667777666688888888888888888888888888888888888888888888888888888888888888888888888666666667777777766668888888888888888888888888888888888888888888888888888888888888888888888888888888888888888888888888888888888888888888666666677777766666666888888888888888888
6666777666688888888888888888888888888888888888888888888888888888888888888888888888866666677777776666688888888888888888888888888888888888888888888888888888888888888888888888888888888888888888888888888888888888888888888866666677776666666688888888888888888888
6666777766668888888888888888888888888888888888888888888888888888888888888888888888886666666777776666888888888888888888888888888888888888888888888888888888888888888888888888888888888888888888888888888888888888888888888866666677776666668888888888888888888888
8666777776668888888888888888888888888888888888888888888888888888888888888888888888886666666777766666888888888888888888888888888888888888888888888888888888888888888888888888888888888888888888888888888888888888888888888866677777666666888888888888888888888888
8886777776668888888888888888888888888888888888888888888888888888888888888888888888886666666777666666888888888888888888888888888888888888888888888888888888888888888888888888888888888888888888888888888888888888888888888866677776666668888888888888888888888888
8886667776666888888888888888888888888888888888888888888888888888888888888888888888886666667777666666888888888888888888888888888888888888888888888888888888888888888888888888888888888888888888888888888888888888888888888666677766666668888888888888888888888888
8886667776666688888888888888888888888888888888888888888888888888888888888888888888886666677777666666888888888888888888888888888888888888888888888888888888888888888888888888888888888888888888888888888888888888888888886666677766666688888888888888888888888888
8886667777666688888888888888888888888888888888888888888888888888888888888888888888866666777777666666888888888888888888888888888888888888888888888888888888888888888888888888888888888888888888888888888888888888888888886666666666666688888888888888888888888888
8886667777766668888888888888888888888888888888888888888888888888888888888888888888666667777777766666888888888888888888888888888888888888888888888888888888888888888888888888888888888888888888888888888888888888888888666667777776666688888888888888888888888888
8666667777766666888888888888888888888888888888888888888888888888888888888888888886666777667777766666888888888888888888888888888888888888888888888888888888888888888888888888888888888888888888888888888888888888888888666667777776666668888888888888888888888888
6666777777766666668888888888888888888888888888888888888888888888888888888888888866666666666667776666668888888888888888888888888888888888888888888888888888888888888888888888888888888888888888888888888888888888888886666777766666666666888888888888888888888888
6677777777777666666888888888888888888888888888888888888888888888888888888888888666666666666666777766666888888888888888888888888888888888888888888888888888888888888888888888888888888888888888888888888888888888888666666777666666666666688888888888888888888888
6677777777777766666688888888888888888888888888888888888888888888888888866666666666666688888866666666666688888888888888888888888888888888888888888888888888888888888888888888888888888888888888888888888888888888886666667766666666666666666688888888888888888888
7766666667777777666666688888888888888888888888888888888888888888888888866666666666888888888888666777666668888888888888888888888888888888888888888888888888888888888888888888888888888888888888888888888888888888866667777766666666666666666888888888888888888888
6666666666777777666666688888888888888888888888888888888888888888888888666666666888888888888888886666666668888888888888888888888888888888888888888888888888888888888888888888888888888888888888888888888888888888666667776666688888888888888888888888888888888888
6666666666666777777666666688888888888888888888888888888888888888886666666666888888888888888888888666676666688888888888888888888888888888888888888888888888888888888888888888888888888888888888888888888888888866667777766686688888888888888888886668888888888888
8888886666666677777766666666888888888888888888888888888888888888866666666666888888888888888888888866676666688888888888888888888888888888888888888888888888888888888888888888888888888888888888888888888888888666666777668888888888888888888888888866688888888888
8888888888866666667777776666668888888888888888888888888888888666666666666688888888888888888888888888666766668888888888888888888888888888888888888888888888868888888888888888888888888888888888888888888888888666776666688888888888888888888888888888666666688888
8888888888886666667777777666666666666888888888888888888888866666667776666688888888888888888888888888666776666888888888888888888888888888888888888888888888668888888888888888888888888888888888888888888888866667776666888888888888888888888888888888866666688888
8888888888888866666666777777776666666688888888888888888886667777777666666688888888888888888888888888666667766668888888888888888888888888888888888888888888666888888888888888888888888888888888888888888886667777666668888888888888888888888888888888886666688888
8888888888888886666666777777777776666668888888888888666667777777777666666688888888888888888888888888666667766666888888888888888888888888888888888888888886666888888888888888888888888888888888888888888886667777666668888888888888888888888888888888886666666888
8888888888888888666666667777777777777766666666666666666667777777777666666688888888888888888888888888666667766666688888888888888888888888888888888888888866666888888888888888888888888888888888888888888666777766668888888888888888888888888888888888888866666888
8888888888888888888666666677777777777777777766666666688888666666666666666688888888888888888888888888666667776666666688888888888888888888888888888888886666666688888888888888888888888888888888888888866667776666668888888888888888888888888888888888888886667768
8888888888888888888888666667777777777777777666688888888888886666666666666688888888888888888888888886666667776666666668888888888888888888888888888888866666766688888888888888888888888888888888888888666667776666888888888888888888888888888888888888888888666666
8888888888888888888888886666777777777766666666888888888888888888666666666668888888888888888888888866666777777766666666888888888888888888888888888888866677777668888888888888888888888888888888888886667776666688888888888888888888888888888888888888888888866666
8888888888888888888888886666677777777766666668888888888888888888886666666666668888888888888888888866666777777766666666668888888888888888888888888866677777777668888888888888888888888888888888886666777776666688888888888888888888888888888888888888888888886666
8888888888888888888888888866667777766666688888888888888888888888888886688888888886688888888888888866666666677777777666666668888888888888888888666666666666666888888888888888888888888888888888666777776666668888888888888888888888888888888888888888888888888866
8888888888888888888888888866667777666666888888888888888888888888888888888888888888688888888888888866666666677777777666666666666888888888888866666666666668888888888888888888888888888888888666667777776666668888888888888888888888888888888888888888888888888866
8888888888888888888888888886667776666668888888888888888888888888888888888888888888888888888888888866666666667777777777666666666666888888866666666666666668888888888888888666888888888886666666666777766666668888888888888888888888888888888888888888888888888886
8888888888888888888888888886667776666888888888888888888888888888888888888888888888888888888888888888866666666677777777766666666666666666677766666666666688888888888888888666888888888866666777766666667666668888888888888888888888888888888888888888888888888888
8888888888888888888888888886666766688888888888888888888888888888888888888888888888888888888888888888888666666677777777777776666666666666666666666688888888888888888888888888888888888888666676666666666666668888888888888888888888888888888888888888888888888888
8888888888888888888888888886666666888888888888888888888888888888888888888888888888888888888888888888888866666666667777777777666666677766666666688888888888888888888888888888888888888888866666666666666666666888888888888888888888888888888888888888888888888888
8888888888888888888888888888666668888888888888888888888888888888888888888888888888888888888888888888888886666666667777777777766777777766666888888888888888888888888888888888888888888888888888666666888886668888888888888888888888888888888888888888888888888888
8888888888888888888888888888666688888888888888888888888888888888888888888888888888888888888888888888888888888666666667777777777777776666668888888888888888888888888888888888888888888888888888888888888888888888888888888888888888888888888888888888888888888888
8888888888888888888888888888866888888888888888888888888888888888888888888888888888888888888888888888888888888866666667777777777777666666668888888888888888888888888888888888888888888888888888888888888888888888888888888888888888888888888888888888888888888888
8888888888888888888888888886666888888888888888888888888888888888888888888888888888888888888888888888888888888886666666777777777777666666668888888888888888888888888888888888888888888888888888888888888888888888888888888888888888888888888888888888888888888888
8888888888888888888888888866668888888888888888888888888888888888888888888888888888888888888888888888888888888888666666677777777776666688888888888888888888888888888888888888888888888868888888888888888888888888888888888888888888888888888888888888888888888886
8888888888888888888888888666668888888888888888888888888888888888888888888888888888888888888888888888888888888888866666677777777666666688888888888888888888888888888888888888888888888668888888888888888888888888888888888888888888888888888888888888888888888866
8888888888888888888888886666668888888888888888888888888888888888888888888888888888888888888888888888888888888888886666666677777666666688888888888888888888888888888888888888888888888888888888888888888888888888888888888888888888888888888888888888888888886667
8888888888888888888888866666688888888888888888888888888888888888888888888888888888888888888888888888888888888888888666666677777776666688888888888888888888888888888888888888888888888888888888888888888888888888888888888888888888888888888888888888888888866677
8888888888888888888888666666888888888888888888888888888888888888888888888888888888888888888888888888888888888888888866666677777777666688888888888888888888888888888888888888888888888888888888888888888888888888888888888888888888888888888888888888888866666766
8888888888888888888886668888888888888888888888888888888888888888888888888888888888888888888888888888888888888888888866666677777777766888888888888888888888888888888888888888888888888888888888888888888888888888888888888888888888888888888888888888888666666668
8888888888888888888866888888888888888888888888888888888888888888888888888888888888888888888888888888888888888888888866666677777777766688888888888888888888888888888888888888888888888888888888888888888888888888888888888888888888888888888888888888886666666668
8888888888888888886666888888888888888888888888888888888888888888888888888888888888888888888888888888888888888888888866667777766666666666888888888888888888888888888888888888888888888888888888888888888888888888888888888888888888888888888888888888866666888888
8888888888888888866888888888888888888888888888888888888888888888888888888888888888888888888888888888888888888888888866667777766666666666668888888888888888888888888888888888888888888888888888888888888888888888888888888888888888888888888888888886666668888888
8888888888866666666888888888888888888888888888888888888888888888888888888888888888888888888888888888888888888888888866677766666666666666666668888888888888888888888888888866668888888888888888888888888888888888888888888888888888888888888888886666668888888888
8888888886666666666888888888888888888888888888888888888888888888888888888888888888888888888888888888888888888888888666677766666666666666666666888888888888888888888888888666688888888888888888888888888888888888888888888888888888888888888888886666688888888888
8888888866666666666888888888888888888888888888888888888888888888888888888888888888888888888888888888888888888888886666776666666666668888866666666888888888888888888888886666888888888888888888888888888888888888888888888888888888888888888888666666888888888888
8866668888666666666888888888888888888888888888888888888888888888888888888888888888888888888888888888888888888888866667776666666688888888888886666668888888888888888888886668888888888888888888888888888888888888888888888888888888888866666666666668888888888888
8886888888888888866868888888888888888888888888888888888888888888888888888888888888888888888888888888888888888888666666766666688888888888888888666666888888888888888888888888888888888888888888888888888888888888888888888888888888886666666666666888888888888888
8888888888888888866668888888888888888888888888888888888888888888888888888888888888888888888888888888888888888888666776666666888888888888888888888666688888888888888888888888888888888888888888888888888888888888888888888888888888666666667766688888888888888888
8888888888888888886668888888888888888888888888888888888888888888888888888888888888888888888888888888888888888886666776666888888888888888888888888666688888888888886888888888888888888888888888888888888888888888888888888888888888666666677766688888888888888888
8888888888888888888666688888888888888888888888888888888888888888888888888888888888888888888888888888888888888666676666668888888888888888888888888888888888888886666668888888888888888888888888888888888888888888888888888888888886666677776688888888888888888888
8888888888888888888866688888888888888888888888888888888888888888888888888888888888888888888888888888888888886666676666668888888888888888888888888886668888888666666668888888888888888888888888888888888888888888888888888888888666666677776888888888888888888888
8888888888888888888888888888888888888888888888888888888888888888888888888888888888888888888888888888888888866666666666688888888888888888888888888888888888866666666668888888888888888888888888888888888888888888888888888888886666666766668888888888888888888888
8888888888888888888888888688888888888888888888888888888888888888888888888888888888888888888888888888888866666677766666888888888888888888888888888888888888866777766666888888888888888888888888888888888888888888888888888866666666777666668888888888888888888888
8888888888888888888888886688888888888888888888888888888888888888888888888888888888888888888888888888886666667777666668888888888888888888888888888888888888886667777766688888888888888888888888888888888888888888888888886666666777776666888888888888888888888888
8888888888888888888888886888888888888888888888888888888888888888888888888888888888888888888888888888666666677777766688888888888888888888888888888888888888888666777776668888888888888888888888888888888888888888888886666666666777666668888888888888888888888888
8888888888888888888888888888888888888888888888888888888888888888888888888888888888888888888866666666666667777766666888888888888888888888888888888888888888888666677776666888888888888888888888888888888888888888888866666666777777666688888888888888888888888888
8888888888888888888888888888888888888888888888888888888888888888888888888888888888888888888666666666666777776666666888888888888888888888888888888888888888888888666667766666666688888888888888888888888888888866666666666777777766666888888888888888888888888888
8888888888888888888888888888888888888888888888888888888888888888888888888888888888888888886666666666666777766666688888888888888888888888888888888888888888888888866666666666666888888888886666888888888888866666666666667777777766666888888888888888888888888888
8888888888888888888888888888888888888888888888888888888888888888888888888888888888888888866666666677777776666666888888888888888888888888888888888888888888888888866666666688888888888888886666666668888866666666666777777777766666688888888888888888888888888888
8888888888888888888888888888888888888888888888888888888888888888888888888888888888888888666666666677777776666668888888888888888888888888888888888888888888888888866666668888888888888888888666666666666666666666666777777777766666888888888888888888888888888888
8888888888888888888888888888888888888888668888888888888888888888888888888888888888886666666666677777777776666688888888888888888888888888888888888888888888888888866666688888888888888888888888888666666666666666667777777776666666888888888888888888888888888888
8888888888888888888888888888888888888886666888888888888888888888888888888888888886666666666666777777777776666688888888888888888888888888888888888888888888888888666666688888888888888888888888888666666666666666677777777776666666888888888888888888888888888888
8888888888888888888888888888888888888866666688888888888888888888888888888888888666666666666677777777777766666888888888888888888888888888888888888888888888888886666688888888888888888888888888888866666666777777777777777666666666888888888888888888888888888888
8888888888888888888888888888888888888866666688888888888888888888888888666666666666666666677777777777776666666888888888888888888888888888888888888888888888888866666688888888888888888888888888888886666666777777777777777666666666888888888888888888888888888888
8888888888888888888888888688888888888888688888888888888888888888866666666666666666666777777777777777666666688888888888888888888888888888888888888888888888888886688888888888888888888888888888888888866666667777777777777776666666888888888888888888888888888888
8888888888888888886666666688888888888888888888888888888888888888666666666666666666667777777777777777666666888888888888888888888888888888888888888888888888888888888888888888888888888888888888888888888666666777777777777777666666688888888888888888888888888888
8888888888888888666666666688888888888888888888888888888886668886666666666666677777777777777777777766666668888888888888888888888888888888888888888888888888888888888888888888888888888888888888888888888666666677777777777777766666668888888888888888888888888888
8888888888888866666666688888888888888888888888888888888886668888666667777777777777777777777777777766666688888888888888888888888888888888888888888888888888888888888888888888888888888888888888888888888866666666777777777777776666666888888888888888888888888888
6666688888666666666688888888888888888888888888888888888888888888666666667777777777777777777777776666666688888888888888888888888888888888888888888888888888888888888888888888888888888888888888888888888866666677777777777777777766666668888888888888888888888888
6666666666666666866888888888888888888888888888888888888888888888666666667777777777777777777777776666666688888888888888888888888888888888888888888888888888888888888888888888888888888888888888888888888866666677777777777777777766666666688888888888888888888888
6666777766666688888888888888888888888888888888888888888888888888866666666666777777777777777777776666666688888888888888888888888888888888888888888888888888668888888888888888888888888888888888888888888866667777777777777777777777776666666888888888888888888666
7777666666668888888888888888888888888888888888888888888888888888886666666666667777777777777777777666666668888888888888888888888888888888888888888888888888666888888888888888888888888888888888888888888666667777777766777777777777776666666668888888888888886666
7777666666688888888888888888888888888888888888888888888888888888888666666666666777777777777777777766666668888888888888888888888888888888888888888888888886666888888888888888888888888888888888888888886667777777776666667777766666666666666666666668888888866666
7777666666888888888888888888888888888888888888888888888888888888888866666666666777777777777777777777666666888888888888888888888888888888888888888888888886666888888888888888888888888888888888888888866667777677666666666777766666666666666666666688888888866666
6666666888888888888888888888888888888888888888888888888888888888888888666666666777777777776677777777766666668888888888888888888888888888888888888888888866886888888888888888888888888888888888888888666666666666666666666666666666666666666668888888888888866666
6666668888888888888888888888888888888888888888888888888888888888888888866666667777777777666667777777777666666888888888888888888888888888888888888888888888888888888888888888888888888888888888888886666666666666666666666666666666666666688888888888888888866666
6688888888888888888888888888888888888888888888888888888888888888888888866666667777666666666666666677777666666668888888888888888888888888888888888888888888888888888888888888888888888888888888888886666666666666666666666666666666666688888888888888888888886666
6688888888888888888888888888888888888888888888888888888888888888888888866666777777666666666666666677777666666666888888888888888888888888888888888888888888888888888888888888888888888888888888888666666688888888888888666666666666668888888888888888888888888868
6688888888888888888888888888888888888888888888888888888888888888888888866667777766666666666666666666667777666666888888888888888888888888888888888888888888888888888888888888888888888888888888867776688888888888888888888666666668888888888888888888888888888888
8888888888888888888888888888888888888888888888888888888888888888888888666666666666666666666666666666666667777666668888888888888888888888888888888888888888888888888888888888888888888888886666666668888888888888888888888886666688888888888888888888888888888888
8888888888888888888888888888888888888888888888888888888888888888888888666776666666666666666666666666666667777766666668888888888888888888888888888888888888888888888888666888888888888888886666666888888888888888888888888886666688888888888888888888888888888888
8888888888888888888888888888888888888888888888888888888888888888888886666676666666668888888888886666666666677766666666688888888888888888888888888888888888888888888888888888888888888888666666666688888888888888888888888888666688888888888888888888888888888888
8888888888888888888888888888888888888888888888888888888888888888888867776666666666688888888888888866666666666677777666668888888888888888888888888888888888888888888888888888888888888886677666888888888888888888888888888888666668888888888888888888888888888888
8888888888888888888888888888888888888888888888888888888888888888866666666666688888888888888888888888888666666666777666666888888888888888888888888888888888888888888888888888888666666666776666888888888888888888888888888888866668888888888888888888888888888888
8888888888888888888888888888888888888888888888888888888888888888666666688888888888888888888888888888888866666666677766666688888888888888888888888888888888888888888888888888886666666667776668888888888888888888888888888888886666888888888888888888888888888888
8888888888888888888888888888888888888888888888888888888888888888666666688888888888888888888888888888888888888886666666666688888888888888888888888888888888888888888888888888886666666676666688888888888888888888888888888888888666888888888888888888888888888888
8888888888888888888888888888888888888888888888888888888888888886666688888888888888888888888888888888888888888888886666677776888888888888888888888888888888888888888888888888886666666776688888888888888888888888888888888888888666688888888888888888888888888888
8888888888888888888888888888888888888888888888888888888888888886666688888888888888888888888888888888888888888888888866667777688688888888888888888888888888888888888888888888866666667766888888888888888888888888888888888888888866688888888888888888888888888888
8888888888888888888888888888888888888888888888888888888888888886666688888888888888888888888888888888888888888888888886666666666666666688888888888888888888888888888888888888866666776668888888888888888888888888888888888888888886688888888888888888888888888888
8888888888888888888888888888888888888888888888888888888888888888888888888888888888888888888888888888888888888888888888888866777766666668888888888888888888888888888888888888866666776668888888888888888888888888888888888888888888688888888888888888888888888888
8888888888888888888888888888888888888888888888888888888888668888888888888888888888888888888888888888888888888888888888888888666677666666688888888888888888888888888888888886666776666668888888888888888888888888888888888888888888866668888888888888888888888888
8888888888888888888888888888888888888888888888888888888866768888888888888888888888888888888888888888888888888888888888888888866667766666668888888888888888888888888888888666666777666688888888888888888888888888888888888888888888866668888888888888888888888888
8888888888888888888888888888888888888888888888888888886666668888888888888888888888888888888888888888888888888888888888888888888667777766666888888888888888888888888888886666677666668888888888888888888888888888888888888888888888666668888888888888888888888888
8888888888888888888888888888888888888888888888888888666666668888888888888888888888888888888888888888888888888888888888888888888866677776666666688888888888888888888866666667777666688888888888888888888888888888888888888888888888666666668888888888888888888888
8888888888888888888888888888888888888888888888888888666666888888888888888888888888888888888888888888888888888888888888888888888886666677666666666888888888888888888666666677766666888888888888888888888888888888888888888888888888686866666888888888888888888888
8888888888888888888888888888888888888888888888888886666666888888888888888888888888888888888888888888888888888888888888888888888888666677666666666666888888888866666666666677766666888888888888888888888888888888888888888888888888888886666688888888888888888888
8888888888888888888888888888888888888888888888886666666688888888888888888888888888888888888888888888888888888888888888888888888888666677777766666666688888888866666666667777766668888888888888888888888888888888888888888888888888888888666666888888888888888888
8888888888888888888888888888888888888888888888666666666888888888888888888888888888888888888888888888888888888888888888888888888888666667777776666666666666666666666677777777666668888888888888888888888888888888888888888888888888888888888866668888888888888888
8888888888888888888888888888888888888888888866666776688888888888888888888888888888888888888888888888888888888888888888888888888888866666677777777666666666666666666777777776666668888888888888888888888888888888888888888888888888888888888888668888888888888888
8888888888888888888888888888888888888888888666666666688888888888888888888888888888888888888888888888888888888888888888888888888888866666667777777777766666666666667777777766666668888888888888888888888888888888888888888888888888888888888888888888888888888888
6688888888888888888888888888888888888888888666776666888888888888888888888888888888888888888888888888888888888888888888888888888888866666666777777777777777666777777777777666666668888888888888888888888888888888888888888888888888888888888888888888888888888888
7768888888888888888888888888888888888888886667776688888888888888888888888888888888888888888888888888888888888888888888888888888888866666666777777777777777777777777777777666666668888888888888888888888888888888888888888888888888888888888888888888888888888888
6666888888888888888888888888888888888866666777666688888888888888888888888888888888888888888888888888888888888888888888888888888888666666767777777777777777777777777777777666666668888888888888888888888888888888888888888888888888888888888888888888888888888888
6668888888888888888888888888888888888866666776666688888888888888888888888888888888888888888888888888888888888888888888888888888888666666777777777777777777777777777777777776666666688888888888888888888888888888888888888888888888888888888888888888888888888888
8888888888888888888888888888888888888666676666688888888888888888888888888888888888888888888888888888888888888888888888888888888866666667777777777666666777777777777777777777666666668888888888888888888888888888888888888888888888888888888888888888888888888888
8888888888888888888888888888888888666666776666688888888888888888888888888888888888888888888888888888888888888888888888888888886666666777777666666666666666667777777777777777766666666688888888888888888888888666688888888888888888888888888888888888888888888668
8888888888888888888888888888888886666666776666888888888888888888888888888888888888888888888888888888888888888888888888888888666666677777777666666666666666666667777777777777777666666668888888888888888888888666688888888888888888888888888888888888888888886666
8888888888888888888888888888666666666676666668888888888888888888888888888888888888888888888888888888888888888888888888888886666666677776666666666666666666666666666777777777777776666666688888888888888888888888888888888888888888888888888888888888888888888888
8888888888888888886666666666666666667776666688888888888888888888888888888888888888888888888888888888888888888888888888888666666777777666666666666666666666666666666666666666777777666666666888866666668888888888888888888888888888888888888888888888888888888888
8888888888888888886666666666666777777766666688888888888888888888888888888888888888888888888888888888888888888888888888886666666777666666666666668888888888866666666666666666666677777766666666666666666668888888888888888888888888888888888888888888888888888888
8888888888888888886667776666666777777666666688888888888888888888888888888888888888888888888888888888888888888888888888866677777766666666668888888888888888888866666666666666666666777777766666666666666668888888888888888888888888888888888888888888888888888888
8888888888888888886666777777777777777666666688888888888888888888888888888888888888888888888888888888888888888888888866666677776666666668888888888888888888888888888886666666666666677777766666666666666668888888888888888888888888888888888888888888888888888888
8888888888888888888666667777777777777666666688888888888888888888888888888888888888888888888888888888888888888888886666667777666666666688888888888888888888888888888888888866666666666666667777777766666666888888888888888888888888888888888888888888888888888888
8888888888888888888886666677777777777666666688888888888888888888888888888888888888888888888888888888888888888888866667776666666688888888888888888888888888888888888888888888888666666666667777777776666666888888888888888888888888888888888888888888888888888888
8888888888888888888888666667777777777766666688888888888888888888888888888888888888888888888888888888888888888888666677776666868888888888888888888888888888888888888888888888888886666666666666667777766666668888888888888888888888888888888888888888888888888888
8888888888888888888888866667777777777766666688888888888888888888888888888888888888888888888888888888888888888886666666666668888888888888888888888888888888888888888888888888888888886666666666666677766666666888888888888888888888888888888888888888888888888888
8888888888888888888888866666677777777777666666888888888888888888888888888888888888888888888888888888888888888677776666666888888888888888888888888888888888888888888888888888888888888666666666666666666777666688888888888888888888888888888888888888888888888888
8888888888888888888888866666667777777777666666688888888888888888888888888888888888888888888888888888888888886777776666688888888888888888888888888888888888888888888888888888888888888866666666666666666777777668888888888888888888888888888888888888888888888886
8888888888888888888888866666677777777777776666688888888888888888888888888888888888888888888888888888888888666666666666888888888888888888888888888888888888888888888888888888888888888866666666666666666666667666668888888888888888888888888888888888888888888866
8888888888888888888888666666777777777777777666668888888888888888888888888888888888888888888888888888888877766666888888888888888888888888888888888888888888888888888888888888888888888866666666688886666666666777766668888888888888888888888888888888888888888666
8888888888888888888886666667777777777777777777766668888888888888888888888888888888888888888888888886666677768888888888888888888888888888888888888888888888888888888888888888888888888866666688888888888888886677766666688888888888888888888888888888888888866666
8888888888888888888666666677777777666667777777776666668888888888888888888888888888888888888888886666677776688888888888888888888888888888888888888888888888888888888888888888888888888866668888888888888888888666666666666668888888888888888888888888888686666677
8888888888888888886666667777777776666666666777777776666688888888888888888888888888888888888888666666677768888888888888888888888888888888888888888888888888888888888888888888888888888866668888888888888888888866677777666666688888888888888888888888866666666677
8888888888888888666666677777766666666666666666666666666666888888888888888888888888888888888886666666776688888888888888888888888888888888888888888888888888888888888888888888888888888666888888888888888888888888866667666666666668888888888888888888666666677766
8888888888888866666666777777766666666666666666666666666666688888888888888888888888888888888866666677766888888888888888888888888888888888888888888888888888888888888888888888888888888666888888888888888888888888886667777666666666688888888888888666666666777766
8888888888888666666667777777666666666688888888888886666666666688888888888888888888888888888866666666668888888888888888888888888888888888888888888888888888888888888888888888888888888866888888888888888888888888888666666666666666666868888888886666666666777666
8888888888886666677777766666666666666888888888888888888866666666888888888888888888888888866666677766668888888888888888888888888888888888888888888888888888888888888888888888888888888888888888888888888888888888888866666777777666666666666666666666666777776666
8888888888866666677777666666666668888888888888888888888866666666688888888888888888888866666667777666688888888888888888888888888688888888888888888888888888888888888888888888888888888888888888888888888888888888888886666667777776666666666666666667777777666668
8888888888677777766666666666666888888888888888888888888888886666666666888888888888886666666777776666688888888888888888888888888666888888888888888888888888888888888888888888888888888888888888888888888888888888888888866666677777776666666666666677777766666688
8888888866677776666666666666688888888888888888888888888888886666666666666666666666666666677777766666688888888888888888888888886666888888888888888888888888888888888888888888888888888888888888888888888888888888888888866666677777776666666667777777777766668888
8888666666777766666666666668888888888888888888888888888888888888666666666666666666666666677777666666688888888888888888888888866666688888888888888888888888888888888888888888888888888888888888888888888888888888888888886666666777777777777777777777776666688888
8888777778888866666666666688888888888888888888888888888888888888886866777766666666666677777766666666688888888888888888888888866666666688888888888888888888888888888888888888888888888888888888888888888888888888888888888866666667777777777777777777666666688888
8886777788888888888866666688888888888888888888888888888888888888888866777766666666777777777766666666688888888888888888888888888886668888888888888888888888888888888888888888888888888888888888888888888888888888888888888866666667777777777777777777666666888888
7666666688888888888888666688888888888888888888888888888888888888888886666666666777777777777666666668888888888888888888888888888888866688888888888888888888888888888888888888888888888888888888888888888888888888888888888886666666677777777777777766666666888888
7776666688888888888888866688888888888888888888888888888888888888888886666667777777777777766666666688888888888888888888888888888888886688888888888888888888888888888888888888888888888888888888888888888888888888888888888886666666677777777777777666666666888888
6668888888888888888888886668888888888888888888888888888888888888888888866666777777777776666666668888888888888888888888888888888888888888888888888888888888888888888888888888888888888888888888888888888888888888888888888886666667777777777777777776666666888888
6668888888888888888888886666888888888888888888888888888888888888888888886666677777777776666666668888888888888888888888888888888888888888888666888888888888888888888888888888888888888888888888888888888888888888888888888886666667777777777777777777666666888888
6888888888888888888888886666688888888888888888888888888888888888888888886666666777777776666666888888888888888888888888888888888888888888888868888888888888888888888888888888888888888888888888888888888888888888888888888866666777777777766667777777776666688888
8888888888888888888888888886888888888888888888888888888888888888888888888666666777777666666668888888888888888888888888888888888888888888888888888888888888888888888888888888888888888888888888888888888888888888888888888666666777777777666667777777777666688888
8888888888888888888888888888888888888888888888888888888888888888888888888666666777776666668888888888888888888888888888888888888888888888888888888888888888888888888888888888888888888888888888888888888888888888888888886666677777777766666666666677777776666688
8888888888888888888888888888888888888888888888888888888888888888888888888666667777666666668888888888888888888888888888888888888888888888888888888888888888888888888888888888888888888888888888888888888888888888888888866666777766666666666666666666677777666668
8888888888888888888888888888888888888888888888888888888888888888888888888666667777666666688888888888888888888888888888888888888888888888888888888888888888888888888888888888888888888888888888888888888888888888888888666666777666666668888866666666677777766668
8888888888888888888888888888888888888888888888888888888888888888888888888666667766666668888888888888888888888888888888888888888888888888888888888888888888888888888888888888888888888888888888888888888888888888888886667776666666688888888888666666666667776666
8888888888888888888888888888888888888888888888888888888888888888888888886666677766666688888888888888888888888888888888888888888888888888888888888888888888666888888888888888888888888888888888888888888888888888888866667776666688888888888888888886666666777666
