6666688888888888888888888888886666666666666888888688888888888888888888888888888888888888888888888888888888888888888888888888888888888866666766666666666666666777766688888888888888888888888888888888888888888867777776666688888888888888888888888888888888888888
6666888888888888888888888888888866667776666666666668888888888888888888888888888888888888888888888888888888888888888888888888888888886666667776666666666666666777776668888888888888888888888888888888888888888677777776666688888888888888888888888888888888888888
6668888888888888888888888888888886666666666666666668888888888888888888888888888888888888888888888888888888888888888888888888888888886666666666666666888666666666666666668888888888888888888888888888888888888677777777766668888888888888888888888888888888888888
6668888888888888888888888888888888886666666777666666888888888888888888888888888888888888888888888888888888888888888888888888888888866677776666666888888888666666666777666668888888888888888888888888888888888666666777776668888888888888888888888888888888888888
8888888888888888888888888888888888888866666676666666888888888888888888888888888888888888888888888888888888888888888888888888888888866677766666668888888888888886666777666666888888888888888888888888888888888666666677776666888888888888888888888888888888888888
8888888888888888888888888888888888888888886666677766888888888888888888888888888888888888888888888888888888888888888888888888888866677766666668888888888888888888886666777776666666888888888888888888888888888886666666667777768888888888888888888888888888888888
8888888888888888888888888888888888888888888886666666666888888888888888888888888888888888888888888888888888888888888888888888888866677666688888888888888888888888888886666776666666666666888888888888666888888888886666666666666668888888888888888888888888888888
8888888888888888888888888888888888888888888888866666666688888888888888888888888888888888888888888888888888888888888888888888866666666666888888888888888888888888888888666777776666666666666688888888888888888888888888866666667766888888888888888888888888888888
8888888888888888888888888888888888888888888888866666666666888888888888888888888888888888888888888888888888888888888888888888866666666666888888888888888888888888888888866777777666666666666888888888888888888888888888866666666777666888888888888888888888888888
8888888888888888888888888888888888888888888888888886666666666688888888888888888888888888888888888888888888888888888888888866666666666888888888888888888888888888888888866666777777666666688888888888888888888888888888888888886666666666888888888888888888888888
8888888888888888888888888888888888888888888888888888666666666666688888888888888888888888888888888888888888888888886666666666668888888888888888888888888888888888888888866666777776666666688888888888888888888888888888888888888866666777666668888888888888888888
8888888888888888888888888888888888888888888888888888866666666666668888888888888888888888888888888888888888888888666666666666688888888888888888888888888888888888888888866666677666666688888888888888888888888888888888888888888888666666666668888888888888888888
8888888888888888888888888888888888888888888888888888888666666777666688888888888888888888888888888888888888888886666777766666688888888888888888888888888888888888888888866666666666666888888888888888888888888888888888888888888888666666677776888888888888888888
8888888888888888888888888888888888888888888888888888888888666677776666888888888888888888888888888888886666666666677777766668888888888888888888888888888888888888888888666666666666888888888888888888888888888888888888888888888888888666667776668888888888888888
8888888888888888888888888888888888888888888888888888888888886666777666666666888888888888888888888866666666666777666666666688888888888888888888888888888888888888888886666666668888888888888888888888888888888888888888888888888888888888666667766666666888888888
8888888888888888888888888888888888888888888888888888888888888666777777666666688888888888888888866666666666667777766666888888888888888888888888888888888888888888888866666666688888888888888888888888888888888888888888888888888888888888888667777766666666888888
8888888888888888888888888888888888888888888888888888888888888666667777776666668888888888888888666666666777777766666668888888888888888888888888888888888888888888888666666666888888888888888888888888888888888888888888888888888888888888888886666776666666888888
8888888888888888888888888888888888888888888888888888888888888666666777777777777666666666666666666666677777776666666888888888888888888888888888888888888888888888886666666666888888888888888888888888888888888888888888888888888888888888888888866777766666666666
8888888888888888888888888888888888888888888888888888888888888666666777777777777666666666666666666666777777766666668888888888888888888888888888888888888888888888666666666666688888888888888888888888888888888888888888888888888888888888888888886666676766666666
8888888888888888888888888888888888888888888888888888888888888666667777777777777666666666666666667777777777666666668888888888888888888888888888888888888888888886666666666666688888888888888888888888888888888888888888888888888888888888888888888666677777766666
8888888888888888888888888888888888888888888888888888888888888666667776666666666666666677777777777777777776666668888888888888888888888888888888888888888888888666666666666666668888888888888888888888888888888888888888888888888888888888888888888866666777776666
8888888888888888888888888888888888888888888888888888888888886666677776666666666666666677777777777777777666666688888888888888888888888888888888888888888888666666666777766666668888888888888888888888888888888888888888888888888888888888888888888866666677777777
8888888888888888888888888888888888888888888888888888888888886666666666666666666666666666667777777777777666666888888888888888888888888888888888888888888866666666666777766666668888888888888888888888888888888888888888888888888888888888888888888886666667777777
8888888888888888888888888888888888888888888888888888888888666666666666888888888888886666666777777777777666688888888888888888888888888888888888888888888866666666667777776666668888888888888888888888888888888888888888888888888888888888888888888888666667777777
8888888888888888888888888888888888888888888888888888888886666666668888888888888888888886666667777777766666888888888888888888888888888888888888888888888866666667777777776666668888888888888888888888888888888888888888888888888888888888888888888888666677777666
8888888888888888888888888888888888888888888888888888888866666666888888888888888888888888666666777777766668888888888888888888888888888888888888888888888866666667777777776666688888888888888888888888888888888888888888888888888888888888888888888888666677766666
8888888866888888888888888888888888888888888888888888888667666666888888888888888888888888888666667777766668888888888888888888888888888888888888888888888666666777777777666666888888888888888888888888888888888888888888888888888888888888888888888888666777666666
8888888866688888888888888888888888888888888888888888866666668888888888888888888888888888888666667777766666888888888888888888888888888888888888888888888666666777777777666666888888888888888888888888888888888888888888888888888888888888888888888886666776666666
8888888888888888888888888888888888888888888888888886666666668888888888888888888888888888888886666667777666688888888888888888888888888888888888888888866666777777777766666668888888888888888888888888888888888888888888888888888888888888888888888866677666668888
8888888888888888888888888888888888888888888888888866666666688888888888888888888888888888888888666667777666688888888888888888888888888888888888888888666666777777777766666688888888888888888888888888888888888888888888888888888888888888888888888666777666668888
8888888888888888888888888888888888888888888888888666666668888888888888888888888888888888888888666666777666668888888888888888888888888888888888888886666677777777776666666688888888888888888888888888888888888888888888888888888888888888888888886667766668888888
8888888888888888886668888888888888888888888888866666666888888888888888888888888888888888888888866666677666666888888888888888888888888888888888888666666777777777776666666688888888888888888888888888888888888888888888888888888888888888888888866677666888888888
8888888888888888886668888888888888888888888888666666688888888888888888888888888888888888888888866666666776666688888888888888888888888888888888886666777777777777777766666668888888888888888888888888888888888888888888888888888888888888888886667766688888888888
8888888888888888886666666668888888888888888886666666688888888888888888888888888888888888888888886666666777666668888888888888888888888888888886666667777777766777777766666668888888888888888888888888888888888888888888888888888888888888886666677766888888888888
8888888888888888888666666668888888888888888666666688888888888888888888888888888888888888888888888666666777666666888888888888888888888888888886666667777777666777777777666666888888888888888888888888888888888888888888888888888888888888866666777666888888888888
8888888888888888888886666666688888888888886666668888888888888888888888888888888888888888888888888886666666777766668888888888888888888888888666666666666666666666667777766666888888888888888888888888888888888888888888888888888888888866666677766668888888888888
8888888888888888888888666666666888888888666666688888888888888888888888888888888888888888888888888888886666777766666688888888888888888888866666666666666666666666667777776666688888888888888888888888888888888888888888888888888888888666667777666888888888888888
8888888888888888888888866666666666666666666666888888888888888888888888888888888888888888888888888888888666667776666668888888888888888886666666666666888888666666666666776666668888888888888888888888888888888888888888888888888888886666667776668888888888888888
8888888888888888888888886666666666666666676666888888888888888888888888888888888888888888888888888888888886667777666666888888888888888886666666688888888888866666666666777666666888888888888888888888888888888888888888888888888886666666777776688888888888888888
8888888888888888888888886666666666666666766666888888888888888888888888888888888888888888888888888888888886667777777666666688888888888866666666888888888888888888866666667777666668888888888888888888888888888888888888888888888886666777776666888888888888888888
8888888888888888888888886666666666667777666666888888888888888888888888888888888888888888888888888888888886666677777777666666688888888886668888888888888888888888866666667777776666688888888888888888888888888888888888888888888666666777776666888888888888888888
8888888888888888888888886666666776667777666666888888888888888888888888888888888888888888888888888888888886666677777777776666888888888888888888888888888888888888888666666667776666666888888888888888888888888888888888888886666667777777776666888888888888888888
8888888888888888888888886666666777777777666666888888888888888888888888888888888888888888888888888888888886667777777777766688888888888888888888888888888888888888888888666666677776666666888888888888888888888888888888888866666677777777666666888888888888888888
8888888888888888888888886666666777777777766666688888888888888888888888888888888888888888888888888888888886667777777666666688888888888888888888888888888888888888888888888666677777666666666888888888888888888888888888866666666677777776666668888888888888888888
8888888888888888888888886666666777777766666666668888888888888888888888888888888888888888888888888888888886667776666666866888888888888888888888888888888888888888888888888866666677776666666666888888888888888888888888888666666666666666666668888888888888888888
8888888888888888888888866666677777776666666666666888888888888888888888888888888888888888888888888888888886777766666668888888888888888888888888888888888888888888888888888886666667777776666666688888888888888888888888888888666666666666668888888888888888888888
8888888888888888888888666666777777776666666666888888888888888888888888888888888888888888888888888888888866777766666688888888888888888888888888888888888888888888888888888888866666777777766666668888888888888888888888888888886666666666668888888888888888888888
8888888888888888888886666677777776666666666888888888888888888888888888888888888888888888888888888888886666766666668888888888888888888888888888888888888888888888888888888888886666677777777777777888888888888888888888888888888666666666888888888888888888888888
8888888888888888888866666677777666666666688888888888888888888888888888888888888888888888888888888888666666666666688888888888888888888888888888888888888888888888888888888888888666667777777777666888888888888888888888888888888666666668888888888888888888888888
8888888888888888886666677777766666666666688888888888888888888888888888888888888888888888888888888886666777666666888888888888888888888888888888888888888888888888888888888888888866667777777666668888888888888888888888888888888666666888888888888888888888888888
8888888888888886666666777776666666666888888888888888888888888888888888888888888888888888888888886666667776666888888888888888888888888888888888888888888888888888888888888888888886667777777666668888888888888888888888888888888666666888888888888888888888888888
8888888888666666666777777766666668888888888888888888888888888888888888888888888888888888888866666667777666688888888888888888888888888888888888888888888888888888888888888888888886666677777666888888888888888888888888888888888666668888888888888888888888888888
8888888888666666666777776666666688888888888888888888888888888888888888888888888888888888888666666677776666688888888888888888888888888888888888888888888888888888888888888888888888666677766668888888888888888888888888888888888666888888888888888888888888888888
8888888886666666777777776666668888888888888888888888888888888888888888888888888888888888886666666677766666888888888888888888888888888888888888888888888888888888888888888888888888666677766668888888888888888888888888888888888888888888888888888888888888888888
8888888666666677777777766668888888888888888888888888888888888888888888888888888888888888886666677777666668888888888888888888888888888888888888888888888888888888888888888888888888666677666668888888888888888888888888888888888888888888888888888888888888888888
8888866666666777777776666688888888888888888888888888888888888888888888888888888888888888886666667776666888888888888888888888888888888888888888888888888888888888888888888888888888666677666668888888888888888888888888888888868888888888888888888888888888888888
8866666666777777777666666688888888888888888888888888888888888888888888888888888888888888886666667766666888888888888888888888888888888888888888888888888888888888888888888888888888666677766668888888888888888888888888888886668888888888888888888888888888888888
6666666667777777777666668888888888888888888888888888888888888888888888888888888888888888886666667766666888888888888888888888888888888888888888888888888888888888888888888888888888666777766668888888888888888888888888888866668888888888888888888888888888888888
6666667777777777766666668888888888888888888888888888888888888888888888888888888888888888886666667766666888888888888888888888888888888888888888888888888888888888888888888888888888777777777666888888888888888888888888888666688888888888888888888888888888888888
6666677777777777666666688888888888888888888888888888888888888888888888888888888888888888886666667776666888888888888888888888888888888888888888888888888888888888888888888888888886777777777666668888888888888888888888866666888888888888888888888888888888888888
7777777777777777666668888888888888888888888888888888888888888888888888888888888888888888886666667776666888888888888888888888888888888888888888888888888888888888888888888888888887766666666666666888888888888888888888666668888888888888888888888888888888888888
6777777777777777666668888888888888888888888888888888888888888888888888888888888888888888866666777777668888888888888888888888888888888888888888888888888888888888888888888888886666666666666666666688888888888888888666666668888888888888888888888888888888888888
6666666666777777666668888888888888888888888888888888888888888888888888888888888888888888866666777777666888888888888888888888888888888888888888888888888888888888888888888888666688886666666666666666688888888888666666666668888888888888888888888888888888888888
8888666666777776666668888888888888888888888888888888888888888888888888888888888888888888866666777777666688888888888888888888888888888888888888888888888888888888888888888666668888888888888666666666666888888886666666666688888888888888888888888888888888888888
8888866666666777766668888888888888888888888888888888888888888888888888888888888888888888666677766666666668888888888888888888888888888888888888888888888888888888888888888666688888888888888866666666666888888866666776666688888888888888888888888888888888888888
8888888886666677766668888888888888888888888888888888888888888888888888888888888888888888666677666666666666888888888888888888888888888888888888888888888888888888888888888888888888888888888888888888888866666666777776666688888888888888888888888888888888888888
8888888888666667777666888888888888888888888888888888888888888888888888888888888888888867777666666666666666688888888888888888888888888888888888888888888888888888888888888888888888888888888888888888888877777777777766666688888888888888888888888888888888888888
8888888888886666677666688888888888888888888888888888888888888888888888888888888888888667776666666666666666668888888888888888888888888888888888888888888888888888888888888888888888888888888888888888888866677777777766666688888888888888888888888888888888888888
8888888888888666677666668888888888888888888888888888888888888888888888888888888888886677666666666666666666688666688888888888888888888888888888888888888888888888888888888888888888888888888888888888888866666777777776666688888888888888888888888888888888888888
8888888888888866677766668888888888888888888888888888888888888888888888888888888888866666666888888888888888888866666888888888888888888888888888888888888888888888888888888888888888888888888888888888888888866677777776666668888888888888888888888888888888888888
8888888888888866666776666888888888888888888888888888888888888888888888888888888866666666888888888888888888888888666668888888888888888888888888888888888888888888888888888888888888888888888888888888888888886666777777766666688888888888888888888888888888888888
8888888888888866666776666888888888888888888888888888888888888888888888888888886666666888888888888888888888888888666688888888888888888888888888888888888888888888888888888888888888888888888888888888888888888866666777766666668888888888888888888888888888888888
8888888888888866666776666688888888888888888888888888888888888888888888888888866666668888888888888888888888888888886666888888888888888888888888888888888888888888888888888888888888888888888888888888888888888886666667776666668888888888888888888888888888888888
8888888888888666666776666668888888888888888888888888888888888888888888888886666668888888888888888888888888888888888666666888888888888888888888888888888888888888888888888888888888888888888888888888888888888888866666777766666888888888888888888888888888888888
8888888888888666666776666666888888888888888888888888888888888888888888888666666668888888888888888888888888888888888886666688888888888888888888888888888888888888888888888888888888888888888888888888888888888888886666677766666668888888888888888888888888888888
8888888888886666677776666666888888888888888888888888888888888888888888866666666688888888888888888888888888888888888888666666888888888888888888888888888888888888888888888888888888888888888888888888888888888888888666666777776666888888888888888888888888888888
6668888888666666777776666666688888888888888888888888888888888888888888666666666888888888888888888888888888888888888888666666688888888888888888888888888888888888888888888888888888888888888888888888888888888888888666666777776666668888888888888888888888888888
6666666666666677777777776666666688888888888888888888888888888888888866677666668888888888888888888888888888888888888888866667766668888888888888888888888888888888888888888888888888888888888888888888888888888888888666666667777766668888888888888888888888888888
6666667777766667777777776666666688888888888888888888888888888888888666667666688888888888888888888888888888888888888888888667776666666668888866888888888888888888888888888888888888888888888888888888888888888888888666666666777766666688888888888888888888888888
8866666777777777777777777666666666888888888888888888888888888888888666666666688888888888888888888888888888888888888888888866677666666666666666688888888888888888888888888888888888888888888888888888888888888888888666666666677777666666888888888888888888888888
8866666667777777777777777776666666668888888888888888888888886666688888888888888888888888888888888888888888888888888888888886666777766666666666888888888888888888888888888888888888888888888888888888888888888888886666666666666677777666668888888888888888888888
8888866666777777777777777777666666668888888888888888888888666666688888888888888888888888888888888888888888888888888888888886666667777666666666888888888888888888888888888888888888888888888888888888888888888888886666666666666666677777666688888888888888888888
8888866666666777777777777777766666666666888888888888888886666666688888888888888888888888888888888888888888888888888888888886666666777777766666888888888888888888888888888888888888888888888888888888888888888888886666666668886666667777666668688888888888888888
8888886666666777777777777777766666666666888888888888888866666666888888888888888888888888888888888888888888888888888888888886666667777777766666888888888888888888888888888888888888888888888888888888888888888888886668888888888888667777776666688888888888888888
8888888666666666677777777777777777766666666666666666666666666888888888888888888888888888888888888888888888888888888888888886666667777777766666888888888888888888888888888888888888888888888888888888888888888888888888888888888888866666667777666666888888888888
8888888866666666667777777777777777776666666666666666666666668888888888888888888888888888888888888888888888888888888888888886666667777777766666888888888888888888888888888888888888888888888888888888888888888888888888888888888888886666667777766666888888888888
8888888886666666677777777777777777777777666666666666766666668888888888888888888888888888888888888888888888888888888888888866667777776666666666688888888888888888888888888888888888888888888888888888888888888888888888888888888888888666666667777666688888888888
8888888886666666777777777777777777777777666777777777766666668888888888888888888888888888888888888888888888888888888888888866677776666666666666688888888888888888888888888888888888888888888888888888888888888888888888888888888888888886666666666777766888888888
8888888866666667777777776666666666666666666777777777766666668888888888888888888888888888888888888888888888888888888888888666676666666666666688888888888888888888888888888888888888888888888888888888888888888888888888888888888888888886666666666677766666666666
8888888666666677777776666666666666666666666666667777776666668888888888888888888888888888888888888888888888888888888888666667766668888888888888888888888888888888888888888888888888888888888888888888888888888888888888888888888888888888666666666666667777666666
8888886666667777777776666666666666666866666888666776776666668888888888888888888888888888888888888888888888888888888888666666666688888888888888888888888888888888888888888888888888888888888888888888888888888888888888888888888888888888888888888888667777766666
8888866666667777766666666666666688888888888888886666666666668888888888888888888888888888888888888888888888888888888886667766688888888888888888888888888888888888888888888888888888888888888888888888888888888888888888888888888888888888888888888888888666777777
8888866666677777766666666688888888888888888888888888666666666888888888888888888888888888888888888888888888888888888866667766688888888888888888888888888888888888888888888888888888888888888888888888888888888888888888888888888888888888888888888888888886677777
8886666666777776666666666688888888888888888888888888886666666666888888888888888888888888888888888888888888888888886666666688888888888888888888888888888888888866668888666666666688888888888888888888888888888888888888888888888888888888888888888888888888866666
8866666666777776666666888888888888888888888888888888888888866666688888888888888888888888888888888888888888888888886777666688888888888888888888888888888888888866666666666666666688888888888888888888888888888888888888888888888888888888888888888888888888888666
8666667777776666666688888888888888888888888888888888888888888666666668888888888888888888888888888888888888888886677776668888888888888888888888888888888888888886666777777766666888888888888888888888888888888888888888888888888888888888888888888888888888888868
6666667777666666688888888888888888888888888888888888888888888888666666888888888888888888888888888888888888888666677766888888888888888888888888888888888888888888666677777776668888888888888888888888888888888888888888888888888888888888888888888888888888888888
6666777776666668888888888888888888888888888888888888888888888888866666666668888888888888888888888888888888666666666666888888888888888888888888888888888888888888866666777666668888888888888888888888888888888888888888888888888888888888888888888888888888888888
6777777776666668888888888888888888888888888888888888888888888888886666677666688888888888888888888888886666666677666668888888888888888888888888888888888888888888886666776666688888888888888888888888888888888888888888888888888888888888888888888888888888888888
7777776666666688888888888888888888888888888888888888888888888888888866666666666888888888888888888888866666666766666688888888888888888888888888888888888888888888886666666666888888888888888888888888888888888888888888888888888888888888888888888888888888888888
7777776666666888888888888888888888888888888888888888888888888888888888666666666688888888888888888886666666777766666888888888888888888888888888888888888888888888886666666668888888888888888888888888888888888888888888888888888888888888888888888888888888888888
7777776666668888888888888888888888888888888888888888888888888888888888866666666666888888888888888666666666777766668888888888888888888888888888888888888888888888886666666668888888888888888888888888888888888888888888888888888888888888888888888888888888888888
6666776666668888888888888888888888888888888888888888888888888888888888866666667776666686666666666666666777776666688888888888888888888888888888888888888888888888866666666668888888888888888888888888888888888888888888888888888888888888888888888888888888888888
6666677666668888888888888888888888888888888888888888888888888888888888888888666666666666666666666666666777666666888888888888888888888888888888888888888888888888666666666668888888888888888888888888888888888888888888888888888888888888888888888888888888888888
6666666666666888888888888888888888888888888888888888888888888888888888888888666666677766666666666677777766666668888888888888888888888888888888888888888888888886666666666668888888888888888888888888888888888888888888888888888888888888888888888888888888888888
6666666666666888888888888888888888888888888888888888888888888888888888888888886666677776666666666777777766666688888888888888888888888888888888888888888888888888666666666666888888888888888888888888888888888888888888888888888888888888888888888888888888888888
8888666666666688888888888888888888888888888888888888888888888888888888888888888866666667777777777777777666666688888888888888888888888888888888888888888888888888888888886666888888888888888888888888888888888888888888888888888888888888888888888888888888888888
8888888886666668888888888888888888888888888888888888888888888888888888888888888886666667777777777777777666666688888888888888888888888888888888888888888888888888888888886666668888888888888888888888888888888888888888888888888888888888888888888888888888888888
8888888888666666888888888888888888888888888888888888888888888888888888888888888888886666677777777777666666666688888888888888888888888888888888888888888888888888888888888886666888888888888888888888888888888888888888888888888888888888888888888888888888888888
8888888888866666688888888888888888888888888888888888888888888888888888888888888888888666677777777777666666666688888888888888888888888888888888888888888888888888888888888888666888888888888888888888888888888888888888888888888888888888888888888888888888888888
8888888888888666668888888888888888888888888888888888888888888888888888888888888888888886666677777777776666666668888888888888888888888888888888888888888888888888888888888888866688888888888888888888888888888888888888888888888888888888888888888888888888888888
8888888888888886668888888888888888888888888888888888888888888888888888888888888888888888666677777777777666666668888888888888888888888888888888888888888888888888888888888888886688888888888888888888888888888888888888888888888888888888888888888888888888888888
8888888888888888866888888888888888888888888888888888888888888888888888888888888888888888866666667777777776666666688888888888888888888888888888888888888888888888888888888888888666888888888888888888888888888888888888888888888888888888888888888888888888888888
8888888888888888886668888888888888888888888888888888888888888888888888888888888888888888886666667777777776666666668888888888888888888888888888888888888888888888888888888888888866688888888888888888888888888888888888888888888888888888888888888888888888888888
8888888888888888888666666888888888888888888888888888888888888888888888888888888888888888888666666667777777776666666688888888888888888888888888888888888888888888888888888888888886666688888888888888888888888888888888888888888888888888888888888888888888888888
8888888888888888888666666668888888888888888888888888888888888888888888888888888888888888888866666667777777777666666668888888888888888888888888888888888888888888888888888888888888666668888888888888888888888888888888888888888888888888888888888888888888888888
8888888888888888888866666666688888888888888888888888888888888888888888888888888888888888888866666667777777777766666666888888888888888888888888888888888888888888888888888888888888666666666688888888888888888888888888888888888888888888888888888888888888888888
8888888888888888888866666666688888888888888888888888888888888888888888888888888888888888888888666666677777777777766666666668888888888888888888888888888888888888888888888888888888666666666666688888866688888888888888888888888888888888888888888888888888888888
8888888888888888888866666666668888888888888888888888888888888888888888888888888888888888888888666666677777777777777776666668888888888888888888888888888888888888888888888888888888666677766666666666666668888888888888888888888888888888888888888888888888888888
8888888888888888888886666666666888888888888888888888888888888888888888888888888888888888888888666666677777777777777776666666888888888888888888888888888888888888888888888888888888666677766666666666666666888888888888888888888888888888888888888888888888888666
8888888888888888888866666666688888888888888888888888888888888888888888888888888888888888888888666667777777776666777777776666666688888888888888888888888888888888888888888888888888666677777777777776666666888888888888888888888888888888888888888888888888888666
8888888888888888888866666688888888888888888888888888888888888888888888888888888888888888888888666667777777666666666666666666666666888888888888888888888888888888888888888888888886666777777777666666666668888888888888888888888888888888888888888888888888866666
8888888888888888888866668888888888888888888888888888888888888888888888888888888888888888888886666667777666666666666666666677766666688888888888888888888888888888888888888888888866667777777776666666666888888668888888888888888888888888888888888888888886666777
8888888888888888888866668888888888888888888888888888888888888888888888888888888888888888888866667777777666666666666666666666666666668888888888888888888888888888888888888888888666677777766666666666688888888666688888888888888888888888888888888888888866666777
8888888888888888888666888888888888888888888888888888888888888888888888888888888888888888888866667777766666666666666666666666666777668888888888888888888888888888888888888888886677777777766666668888888888888866668888888888888888888888888888888888866666666777
8888888888888888866668888888888888888888888888888888888888888888888888888888888888888888886666777777666666666888888888886666666677666688888888888888888888888888888888888888866677666666668888888888888888888888888888888888888888888888888888888886666677777666
8888888888888888866888888888888888888888888888888888888888888888888888888888888888888888666667776666666666888888888888888888866666666668888888888888888888888888888888888866677666666888888888888888888888888888888888888888888888888888888888666666667777666666
8888888888888888666888888888888888888888888888888888888888888888888888888888888888888888666677776666666888888888888888888888886666666666888888888888888888888888888888888866677666888888888888888888888888888888888888888888888886686666666666666667777776666668
8888888888888888668888888888888888888888888888888888888888888888888888888888888888888886666666776666888888888888888888888888888888666666668888888888888888888888888888886666666668888888888888888888888888888888888888888888886666666666666666666667777766668888
8888888888888886668888888888888888888888888888888888888888888888888888888888888888886666677766666668888888888888888888888888888888666666766688888888888888888888888888886777668888888888888888888888888888888888888888888888886666666666666667777777766666888888
8888888888888886668888888888888888888888888888888888888888888888888888888888888888866666677666666888888888888888888888888888888888866666666666888888888888888888888886866666668888888888888888888888888888888888888888888888886666666666666667777777666688888888
8888888888886668888888888888888888888888888888888888888888888866666688888888888888666677766666888888888888888888888888888888888888888866666666688888888888888888888666666668888888888888888888888888888888888888888888888888888866667777777777777776666688888888
8888888888666668888888888888888888888888888888888888888888888866666668888888888666666667666668888888888888888888888888888888888888888886666666668888888888888888886666666668888888888888888888888888888888888888888888888888888866666666677777777666668888888888
8888888886666688888888888888888888888888888888888888888888888886666666666888666667776666668888888888888888888888888888888888888888888888866667776668888888888886677776666888888888888888888888888888888888888888888888888888888888666666777777776666688888888888
8888888886666888888888888888888888888888888888888888888888888888666666666666666667776666688888888888888888888888888888888888888888888888888666777666666666666666777776688888888888888888888888888888888888888888888888888888888888666666677777776666888888888888
8888888666666888888888888888888888888888888888888888888888888888886666666666667777766666888888888888888888888888888888888888888888888888888866666766666666666666666666888888888888888888888888888888888888888888888888888888888888888666667777666668888888888888
8888866666688888888888888888888888888888888888888888888888888888888666666666677777666688888888888888888888888888888888888888888888888888888886866677776666666776666688888888888888888888888888888888888888888888888888888888888888888866667777666688888888888888
8888866666888888888888888888888888888888888888888888888888888888888666666677776666668888888888888888888888888888888888888888888888888888888888866666777777777666668888888888888888888888888888888888888888888888888888888888888888888886667766666888888888888888
8666666666888888888888888888888888888888888888888888888888888888888666666677776666888888888888888888888888888888888888888888888888888888888888866666777777777666668888888888888888888888888888888888888888888888888888888888888888888888667766666888888888888888
6666666666888888888888888888888888888888888888888888888888888888888666666777776666888888888888888888888888888888888888888888888888888888888888866666667777766666688888888888888888888888888888888888888888888888888888888888888888888886666666668888888888888888
6666766668888888888888888888888888888888888888888888888888888888888666677776666688888888888888888888888888888888888888888888888888888888888888886666667777766668888888888888888888888888888888888888888888888888888888888888888888888866666666668888888888888888
6677766688888888888888888888888888888888888888888888888888888888886666677666666888888888888888888888888888888888888888888888888888888888888888886666667777666668888888888888888888888888888888888888888888888888888888888888888888888866666666668888888888888888
7777766688888888888888888888888888888888888888888888888888888888886667777666668888888888888888888888888888888888888888888888888888888888888888888666667777666688888888888888888888888888888888888888888888888888888888888888888888888866666666668888888888888888
7776666688888888888888888888888888888888888888888888888888888888866667777666688888888888888888888888888888888888888888888888888888888888888888888666667776666888888888888888888888888888888888888888888888888888888888888888888888888866666666668888888888888888
7776666688888888888888888888888888888888888888888888888888888886666667766666888888888888888888888888888888888888888888888888888888888888888888888888667666666888888888888888888888888888888888888888888888888888888888888888888888888666667766688888888888888888
7776666688888888888888888888888888888888888888888888888888888866667777766668888888888888888888888888888888888888888888888888888888888888888888888888666666666888888888888888888888888888888888888888888888888888888888888888888888888666667766668888888888888888
7776666668888888888888888888888888888888888888888888888888886666667776666688888888888888888888888888888888888888888888888888888888888888888888888888666666666888888888888888888888888888888888888888888888888888888888888888888888888666667766666888888888888888
7776666666888888888888888888888888888888888888888888888888886666677776666888888888888888888888888888888888888888888888888888888888888888888888888888866666666888888888888888888888888888888888888888888888888888888888888888888888886666667766666688888888888888
7776666666688888888888888888888888888888888888888888888888666666777776666888888888888888888888888888888888888888888888888888888888888888888888888888886666666888888888888888888888888888888888888888888888888888888888888888888888866666777776666668888888888888
6777776666688888888888888888888888888888888888888888888886666677776666666888888888888888888888888888888888888888888888888888888888888888888888888888888666666888888888888888888888888888888888888888888888888888888888888888888888666666777777666666888888888888
6677776666666888888888888888888888888888888888888888888866666677776666666888888888888888888888888888888888888888888888888888888888888888888888888888888666666888888888888888888888888888888888888888888888888888888888888888888866666666777777666666688888888888
6667777766666688888888888888888888888888888888888888866666666777776666666888888888888888888888888888888888888888888888888888888888888888888888888888888666666688888888888888888888888888888888888888888888888888888888888888888866666777777777776666666888888888
6666677776666666688888888888888888888888888888888866666667777777777776666688888888888888888888888888888888888888888888888888888888888888888888888888886666766668888888888888888888888888888888888888888888888888888888888888888666677777777777777776666688888888
8666677777777666666688888888888888888888888888886666666677777777777776666666888888888888888888888888888888888888888888888888888888888888888888888888886666776666888888888888888888888888888888888888888888888888888888888888866666777777777777777777666668888888
8866667777777766666666666888888888888888888666666666777777777777777776666666688888888888888888888888888888888888888888888888888888888888888888888888866666777666688888888888888888888888888888888888888888888888888888888888666667777777777777777777766666888888
8886666677777777776666666666888888888888866666777777777777777777777777666666668888888888888888888888888888888888888888888888888888888888888888888888866666777666668888888888888888888888888888888888888888888888888888888866666666666666666777777777777776666666
8886666677777777777777766666686666666666666666677777777777777777777777777666666668888888888888888888888888888888888888888888888888888888888888888888666667777666666888888888888888888888888888888888888888888888888888888866666666666666666666777777777776666666
8886666667777777777777766666688866666666666666666666666666666777777777777766666666668888888888888888888888888888888888888888888888888888888888888888666677777776666688888888888888888888888888888888888888888888888888888866666668888886666666666777777777777666
8886666667777777777777766666888888888888888888888666666666666677777777777766666666668888888888888888888888888888888888888888888888888888888888888886666677777776666666888888888888888888888888888888888888888888888888888888888888888888868666666667777777777666
8886666677777777776666666666888888888888888888888886666666666666777777777777777766666666888888888888888888888888888888888888888888888888888888888866667777777777776666666888888888888888888888888888888888888888866666888888888888888888888886666667777777666666
8866666677777777766666666888888888888888888888888888866666666666667777777777777766666666888888888888888888888888888888888888888888888888888888886666667777777777777666666668888888888888888888888888888888888888666666888888888888888888888886666666777766666666
8666667777777666666666688888888888888888888888888888888866666666666777777777767666666666888888888888888888888888888888888888888888888888888888886777777766666677777777666668888888888888888888888888888888888666666666888888888888888888888888666666666666666666
6666677777777666666668888888888888888888888888888888888888666666667777777776666666666666888888888888888888888888888888888888888888888888888888666777776666666666677777776666888888888888888888888888888868886666666888888888888888888888888888666666666666666666
6666677777666666888888888888888888888888888888888888888888886666666677777666666666666668888888866666888888888888888888888888888888888888888666667776666666666666666677777776666666688888888888888888886666666666668888888888888888888888888888666666666688888888
6667777776666666888888888888888888888888888888888888888888888666666667776666666668888888888888866666666668888888888888888888888888888666666677776666666666666666666666666777777666666666666666666666666677776666688888888888888888888888888888666666688888888888
6667777766666888888888888888888888888888888888888888888888888866666667766666668888888888888888886666666668888888888888888888888888888866666777766666888888888888886666666777777666666666666666666666666677776666888888888888888888888888888888666666888888888888
6777766666668888888888888888888888888888888888888888888888888886666666666668888888888888888888888866666666668888888888888888888888866667766666888888888888888888888666666666666666777766666666667777777776666668888888888888888888888888888888666888888888888888
6777766666888888888888888888888888888888888888888888888888888886666666666688888888888888888888888888866666666666688888888888886666666677666688888888888888888888888888886666666666777766666666677777777776666668888888888888888888888888888888868888888888888888
7776666668888888888888888888888888888888888888888888888888888886666666668888888888888888888888888888888866667766666666666666666677776666668888888888888888888888888888888886666666666677777776666666666666666668888888888888888888888888888888888888888888888888
7776666668888888888888888888888888888888888888888888888888888886666666688888888888888888888888888888888866667776666666666666667777776666888888888888888888888888888888888888866666666677777776666666666666666668888888888888888888888888888888888888888888888888
7666666688888888888888888888888888888888888888888888888888888886666666888888888888888888888888888888888888666666666666666777777777666668888888888888888888888888888888888888886666666666666666666666666666666666888888888888888888888888888888888888888888888888
7666666888888888888888888888888888888888888888888888888888888886666666888888888888888888888888888888888888866667677777777777777777666888888888888888888888888888888888888888888666666666666666666888886666666668888888888888888888888888888888888888888888888888
6666666888888888888888888888888888888888888888888888888888888866666668888888888888888888888888888888888888888666677777777777777666668888888888888888888888888888888888888888888888666666666688888888888888888888888888888888888888888866668888888888888888888888
6666666888888888888888888888888888888888888888888888888888888866666888888888888888888888888888888888888888888866666677777777766666668888888888888888888888888888888888888888888888666666688888888888888888888888888888888888888888886666668888888888888888888888
6666666888888888888888888888888888888888888888888888888888888666668888888888888888888888888888888888888888888886666677777777766666888888888888888888888888888888888888888888888888866666888888888888888888888888888888888888888888866666668888888888888888888888
6666666888888888888888888888888888888888888888888888888888888666688888888888888888888888888888888888888888888888666666777766666668888888888888888888888888888888888888888888888888866688888888888888888888888888888888666688888888666666688888888888888888888888
6666666688888888888888888888888888888888888888888888888888888666688888888888888888888888888888888888888888888888666666777766666688888888888888888888888888888888888888888888888888868888888888888888888888888888888888888666666666666668888888888888888888888888
6666666668888888888888888888888888888888888888888888888888886666888888888888888888888888888888888888888888888888886666667766668888888888888888888888888888888888888888888888888888668888888888888888888888888888888888888866666677766888888888888888888888888888
6666666666688888888888888888888888888888888888888888888888666668888888888888888888888888888888888888888888888888886666667766668888888888888888888888888888888888888888888888888888668888888888888888888888888888888888888866666677766888888888888888888888888888
6666666666666888888888888888888888888888888888888888888666666688888888888888888888888888888888888888888888888888888666666766668888888888888888888888888888888888888888888888888886668888888888888888888888888888888888888886666666766888888888888888888888888888
6666666666666688888888888888888888888888888888888888888666666688888888888888888888888888888888888888888888888888888866666666668888888888888888888888888888888888888888888888888888668888888888888888888888888888888888888886666666766888888888888888888888888888
8888888888888888888888888888888888888888888888888888886666668888888888888888888888888888888888888888888888888888888886666666666688888888888888888888888888888888888888888888888888888888888888888888888888888888888888888888888666666688888888888888888888888888
8888888888888888888888888888888888888888888888888888866666688888888888888888888888888888888888888888888888888888888888666677666688888888888888888888888888888888888888888888888668888888888888888888888888888888888888888888888866666688888888888888888888888888
8888888888888888888888888888888888888888888888888886666688888888888888888888888888888888888888888888888888888888888888666667666668888888888888888888888888888888888888888888886668888888888888888888888888888888888888888888888866666688888888888888888888888888
8888888888888888888888888888888888888888888888886666666888888888888888888888888888888888888888888888888888888888888888666667666668888888888888888888888888888888888888888888886888888888888888888888888888888888888888888888888886666688888888888888888888888888
8888888888888888888888888888888888888888888888866667766888888888888888888888888888888888888888888888888888888888888888666666766666888888888888888888888888888888888888888888888888888888888888888888888888888888888888888888888886666688888888888888888888888888
8888888888888888888888888888888888888888888888866666688888888888888888888888888888888888888888888888888888888888888888866666776666668888888888888888888888888888888888888888888888888888888888888888888888888888888888888888888888886668888888888888888888888888
8888888888888888888888888888888888888888886666666666888888888888888888888888888888888888888888888888888888888888888888666666677766666888888888888888888888888888888888888888888888888888888888888888888888888888888888888888888888886666888888888888888888888888
8888888888888888888888888888888888888888866666777766888888888888888888888888888888888888888888888888888888888888888886666666667766666688888888888888888888888888888888888888888888888888888888888888888888888888888888888888888888886666688888888888888888888888
8888888888888888888888888888888888888888866667777768888888888888888888888888888888888888888888888888888888888888888866666666666667776668888888888888888888888888888888888888888888888888888888888888888888888888888888888888888888886666688888888888888888888888
8888888888888888888888888888888888888888866666777668888888888888888888888888888888888888888888888888888888888888888666666666666667776666888888888888888888888888888888888888888888888888888888888888888888888888888888888888888888866666688888888888888888888888
8888888888888888888888888888888888888888866666677668888888888888888888888888888888888888888888888888888888888888868866666666666666666666688888888888888888888888888888888888888888888888888888888888888888888888888888888888888888666666668888888888888888888888
8888888888888888888888888888888888888888888666666668888888888888888888888888888888888888888888888888888888888888668868666666666888666677768888888888888888888888888888888888888888888888888888888888888888888888888888888888888886666666666888888888888888888888
8888888888888888888888888888888888888888888888666668888888888888888888888888888888888888888888888888888888888888888888888888888888866666666666688888888888888888888888888888888888888888888888888888888888888888888888888888888866667777666688888888888888888888
8888888888888888888888888888888888888888888888666668888888888888888888888888888888888888888888888888888888888888888888888888888888886666666666666688888888888888888888888888888888888888888888888888888888888888888888888888888666667777666668888888888888888888
8888888888888888888888888888888888888888888888666668888888888888888888888888888888888888888888888888888888888888888888888888888888888888666666666666888888888888888888888888888888888888888888888888888888888888888888888888888666667777666666888888888888888888
8888888888888888888888888888888888888888888888888666888888888888888888888888888888888888888888888888888666688888888888888888888888888888666667777666666666888888888888888888888888888888888888888888888888888888888888888888886667777777776666666888888888888866
8888888888888888888888888888888888888888888888888866888888888888888888888888888888888888888888888888886666688888888888888888888888888888888866666666666666668888888888888888888888888888888888888888888888888888888888888888886667777777776666666666888888888666
8888888888888888888888888888888888888888888888888866688888888888888888888888888888888888888888888888666666688888888888888888888888888888888866666677766666666888888888888888888888888888888888888888888888888888888888888888886666666666777777666666666888886666
8888888888888888888888888888888888888888888888888866668888888888888888888888888888888888888888888886666666888888888888888888888888888888888886666677776666666688888888888888888888888888888888888888888888888888888888888888866666666666777777666666666666667777
8888888888888888888888888888888888888888888888888866666888888888888888888888888888888888888888886666666888888888888888888888888888888888888888666666667766666668888888888888888888888888888888888888888888888888888888888888888666666666666677777776666667777666
8888888888888888888888888888888888888888888888888866666688888888888888888888888888888888888866866666888888888888888888888888888888888888888888888666667766666668888888888888888888888888888888888888888888888888888868688888888888886666666667777777666667777666
8888888888888888888888888888888888888888888888888866666668888888888888888888888888888888888866666668888888888888888888888888888888888888888888888866666767666666888888888888888888888888888888888888888888888888888866688888888888888888666666777777777777776666
8888866688888888888888888888888888888888888888888866666666888888888888888888888888888888866666666688888888888888888888888888888888888888888888888888666677776666668888888888888888888888888888888888888888888888866666888888888888888888886666666777777777666666
8886666668888888888888888888888888888888888888888666676666668888888888888888888888888888666666666888888888888888888888888888888888888888888888888888666666777666666668888888888888888888888888888888888888888888886666888888888888888888888666666777777776666666
8888888888888888888888888888888888888888888888886666776666666888888888888888888888888666666666668888888888888888888888888888888888888888888888888888886666677766666666688888888888888888888888888888888888888888888888888888888888888888888886666667777777776666
8888888888888888888888888888888888888888888888866666777766666688888888888888888888888866777666668888888888888888888888888888888888888888888888888888888666667776666666666688888888888888888888888888888888888888888888888888888888888888888886666667777777777666
8888888888888888888888888888888888888888888888666666777766666666668888888888888888888867777666688888888888888888888888888888888888888888888888888888888666666777777666666666888888888888888888888888888888888888888888888888888888888888888886666667777777777766
8888888888888888888888888888888888888888888886666666777777776666666668888888888888888886677666688888888888888888888888888888888888888888888888888888888866666677777666666666666888888888888888888888888888888888888888888888888888888888888886667777766666667777
8888888888888888888888888888888888888888886666666667777777777777776666888888888888888888666666688888888888888888888888888888888888888888888888888888888886666667777766666666666668888888888888888888888888888888888888888888888888888888888886667777666666667777
8888888888888888888666888888888888888888666666666777777777777777776666888888888888888888866666668888888888888888888888888888888888888888888888888888888886666667777777776666677668888888888888888888888888888888888888888888888888888888888886666666666666666777
8888888888888888888666888868888888886666666666677777777777666666666666888888888888888888888866668888888888888888888888888888888888888888888888888888888888666666777777777777776668888888888888888888888888888888888888888888888888888888888866666666666666666666
8888888888888888888886666666686666666666666667777777777766666666668888888888888888888888888888888888888888888888888888888888888888888888888888888888888888666666677777777777666688888888888888888888888888888888888888888888888888888888886666666688888888888866
8888888888888888888888666666666666666666667777777777776666666688888888888888888888888888888866688888888888888888888888888888888888888888888888888888888888666666677777777776666688888888888888888888888888888888888888888888888888888888886666888888888888888866
8888888888888888888888866666666666666666667777777777766666666888888888888888888888888888888888888888888888888888888888888888888888888888888888888888888888666667777777777666666888888888888888888888888888888888888888888888888888888888886668888888888888888886
8888888888888888888888866666666666666677777777777776666666668888888888888888888888888888888888888888888888888888888888888888888888888888888888888888888888666667777777766666688888888888888888888888888888888888888888888888888888888888888888888888888888888888
8888888888888888888888886666666777776777777777777766666666688888888888888888888888888888888888888888888888888888888888888888888888888888888888888888888886666677777777666666688888888888888888888888888888888888888888888888888888886888888888888888888888888888
8888888888888888888888886666666777777777777777776666666668888888888888888888888888888888888888888888888888888888888888888888888888888888888888888888888866666677777776666666888888888888888888888888888888888888888888888888888886666888888888888888888888888888
8888888888888888888888886666666677777777777777766666666888888888888888888888888888888888888888888888888688888888888888888888888888888888888888888888888666666777777776666666888888888888888888888888888888888888888888888888888666668888888888888888888888888888
8888888888888888888888866666666777777777777777766666666888888888888888888888888888888888888888888888888666888888888888888888888888888888888888888888888666677777777777666666888888888888888888888888888888888888888888888888886668888888888888888888888888888888
8888888888888888888888866666667777777777777777776666666888888888888888888888888888888888888888888888888886688888888888888888888888888888888888888888886666677777766777766666888888888888888888888888888888888888888888888888888888888888888888888888888888888888
8888888888888888888888866666777777777777766777777766666888888888888888888888888888888888888888888888888888688888888888888888888888888888888888888888866677777776666667776666888888888888888888888888888888888888888888888888888888888888888888888888888888888888
8888888888888888888886666677777776666666666666777766666688888888888888888888888888888888888888888888888888668888888888888888888888888888888888888888666677777666666666777666688888888888888888888888888888888888888888888866668888888888888888888888888888888888
8888888888888888888866666777777766666666666666666666666668888888888888888888888888888888888888888888888888888888888888888888888888888888888888888886666777666666666666666666666688888888888888888888888888888888888888886668888888888888888888888888888888888888
8888888888888888866666677777776666668888666666666666666666888888888888888888888888888888888888888888888888888888888888888888888888888888888888888866667766666666666666666667766668888888888888888888888888888888888888666668888888888888888888888888888888888888
8888888888888888866666677776666666688888888888666666666666668888888888888888888888888888888888888888888888888888888888888888888888888888888888888666667766666688888888666666666666888888888888888888888888888888888888866688888888888888888888888888888888888888
8888888888888888666777777666666688888888888888886666666666666888888888888888888888888888888888888888888888888886668888888888888888888888888888886677766666888888888888888866666666666888888888888888888888888888888886888888888888888888888888888888888888888888
8888888888888666666777776666666888888888888888886666666666666888888888888888888888888888888888888888888888888888668888888888888888888888888888666677666666888888888888888866666676666888888888888888888888888888886666888888888888888888888888888888888888888888
8888888888886666677766666666888888888888888888888888886666666668888888888888888888888888888888888888888888888888666668888888888888888888888866666676666688888888888888888888866666666688888888888888888888888888866666888888888888888888888888888888888888888888
8888886666666667777666666688888888888888888888888888888666666666888888888888888888888888888888888888888888888888886668888888888888888888866666677776666888888888888888888888888886777768888888888888888888888686666666888888888888888888888888888888888888888888
8888886666667777766666888888888888888888888888888888888888666666688888888888888888888888888888888888888888888888886866688888888888888888666667766666888888888888888888888888888888666666688888888888888888888666668888888888888888888888888888888888888888888888
8886666666667777666666888888888888888888888888888888888888888666668888888888888888888888888888888888888888888888888866668888888888888886666677766668888888888888888888888888888888886677766688888888888888666666868888888888888888888888888888888888888888888888
8886666667777776666888888888888888888888888888888888888888888666666688888888888888888888888888888888888888888888888866666888888888888666666666666688888888888888888888888888888888888666666668888888888888666666888888888888888888888888888888888888888888888888
6666666677777666666888888888888888888888888888888888888888888886666668888888888888888888888888888888888888888888888886666666666666666666777766666888888888888888888888888888888888888866677776666666666666666668888888888888888888888888888888888888888888888888
6666677777666666688888888888888888888888888888888888888888888888666666688888888888888888888888888888888888888888888886666666666666666777776666668888888888888888888888888888888888888888666666666666666666666688888888888888888888888888888888888888888888888888
6777777777666668888888888888888888888888888888888888888888888888866666666888888888888888888888888888888888888888888866666677766666777777766666688888888888888888888888888888888888888888886666777766666666666888888888888888888888888888888888888888888888888888
6777777766666668888888888888888888888888888888888888888888888888666666666688888888888888888888888888888888888888888866666677777777777777766666888888888888888888888888888888888888888888888866667776666666666888888888888888888888888888888888888888888888888888
7777777766666888888888888888888888888888888888888888888888888888666666666666888888888888888888888888888888888888886666666677777777777777666688888888888888888888888888888888888888888888888888666777777676666888888888888888888888888888888888888888888888888888
7776666666666888888888888888888888888888888888888888888888888888666666666666688888888888888888888888888888888888886666667777777777777666666688888888888888888888888888888888888888888888888888666666777777666688888888888888888888888888888888888888888888888888
7776666666666888888888888888888888888888888888888888888888888888866666666666668888888888888888888888888888888888666666667777777777777666666888888888888888888888888888888888888888888888888888886666777776666688888888888888888888888888888888888888888888888888
6666666666666688888888888888888888888888888888888888888888888888888888888868886666888888888888888888888888888886666677777777777777766666668888888888888888888888888888888888888888888888888888888866666777776668888888888888888888888888888888888888888888888888
6666666666666688888888888888888888888888888888888888888888888888888888888888888666688888888888888888888888888666666777777777777777766666668888888888888888888888888888888888888888888888888888888886666677776666888888888888888888888888888888888888888888888888
6666666688888888888888888888888888888888888888888888888888888888888888888888888886668888888888888888888888866666667777666666677777777666668888888888888888888888888888888888888888888888888888888888866666677666668888888888888888888888888888888888888888888888
6666888888888866688888888888888888888888888888888888888888888888888888888888888888666666888888888888888886666677777777666666666777777666668888888888888888888888888888888888888888888888888888888888888666677776666688888888888888888888888888888888888888888888
6668888888888888888888888888888888888888888888888888888888888888888888888888888888886666888888888888888666666677666666666666666666676666668888888888888888888888888888888888888888888888888888888888888866667777666666688888888888888888888888888888888888888888
6888888888888888888888888888888888888888888888888888888888888888888888888888888888888666666666666666666677777766666666666666666666666777766888888888888888888888888888888888888888888888888888888888888886666667777666666688888888888888888888888888888888888888
8888888888888888888888888888888888888888888888888888888888888888888888888888888888888866666666666666666677777666666888888888888666666677766668888888888888888888888888888888888888888888888888888888888888666667777666666668888888888888888888888888888888888888
8888888888888888888888888888888888888888888888888888888888888888888888888888888888888888666666666666677776666668888888888888888888666666666666888888888888888888888888888888888888888888888888888888888888886666777777766666688888888888888888888888888888888888
8888888888888888888888888888888888888888888888888888888888888888888888888888888888888888666666666666777766666688888888888888888888888666666666688888888888888888888888888888888888888888888888888888888888888666667777766666666888888888888888888888888888888888
8888888888888888888888888888888888888888888888888888888888888888888888888888888888888888866666777777666666888888888888888888888888888886666666688888888888888888888888888888888888888888888888888888888888888866666677777777766666666888888888888888888888888888
8888888888888888888888888888888888888888888888888888888888888888888888888888888888888888866666777777666666888888888888888888888888888888866666668888888888888888888888888888888888888888888888888888888888888866666677777777766666666668888888888888888888888888
8888888888888888888888888888888888888888888888888888888888888888888888888888888888888888866666777766668888888888888888888888888888888888866666666688888888888888888888888888888888888888888888888888888888888866666677777766666666666666888888888888888888888888
8888888888888888888888888888888888888888888888888888888888888888888888888888888888888888866677776666688888888888888888888888888888888888888866666668888888888888888888888888888888888888888888888888888888888666666777666666666888888866688888888888888888888888
8888888888888888888888888888888888888888888888888888888888888888888888888888888888888888666677666666888888888888888888888888888888888888888866666666888888888888888888888888888888888888888888888888888888888666667666666666668888888886688888888888888888888888
8888888888888888888888888888888888888888888888888888888888888888888888888888888888888886677777666666888888888888888888888888888888888888888866666666688888888888888888888888888888888888888888888888888888888666777666666666688888888886668888888888888888888888
8888888888888888888888888888888888888888888888888888888888888888888888888888888888888866677777666668888888888888888888888888888888888888888866666666666688888888888888888888888888888888888888888888888888888666777666666666888888888888888888888888888888888888
